Airline;Day_of_Journey ;Month_of_Journey ;Year_of_Journey ;Dep_Time;Arrival_Time;Arrival_Day;Arrival_Month;Duration;Total_Stops;Price;ID_Voo;fk_ID_Rota
Air India;24;6;2019;11:40;13:55;24;6;2h 15m;0;4667;1;1
Vistara;15;6;2019;07:05;09:20;15;6;2h 15m;0;3687;2;1
Vistara;18;6;2019;07:05;09:20;18;6;2h 15m;0;3687;3;1
Air India;3;5;2019;11:40;13:55;3;5;2h 15m;0;4667;4;1
Vistara;6;3;2019;07:05;09:20;6;3;2h 15m;0;7414;5;1
Vistara;24;5;2019;07:05;09:20;24;5;2h 15m;0;3687;6;1
IndiGo;12;3;2019;13:20;15:35;12;3;2h 15m;0;6297;7;1
SpiceJet;21;3;2019;08:20;10:35;21;3;2h 15m;0;3332;8;1
IndiGo;21;6;2019;05:15;07:40;21;6;2h 25m;0;3540;9;1
IndiGo;12;5;2019;05:15;07:40;12;5;2h 25m;0;3540;10;1
IndiGo;3;6;2019;14:45;17:05;3;6;2h 20m;0;3597;11;1
IndiGo;12;5;2019;14:45;17:05;12;5;2h 20m;0;3858;12;1
SpiceJet;27;6;2019;09:45;12:00;27;6;2h 15m;0;3543;13;1
SpiceJet;12;6;2019;09:45;12:00;12;6;2h 15m;0;3543;14;1
Vistara;18;3;2019;07:05;09:20;18;3;2h 15m;0;4842;15;1
Vistara;27;6;2019;17:45;20:05;27;6;2h 20m;0;11982;16;1
Air India;1;3;2019;11:40;13:55;1;3;2h 15m;0;19630;17;1
SpiceJet;18;3;2019;09:30;12:05;18;3;2h 35m;0;3859;18;1
IndiGo;6;3;2019;13:20;15:35;6;3;2h 15m;0;7295;19;1
SpiceJet;21;5;2019;17:45;20:05;21;5;2h 20m;0;3543;20;1
IndiGo;3;3;2019;14:40;17:05;3;3;2h 25m;0;7295;21;1
SpiceJet;27;3;2019;17:45;20:05;27;3;2h 20m;0;3384;22;1
IndiGo;3;6;2019;19:35;21:55;3;6;2h 20m;0;3597;23;1
SpiceJet;21;5;2019;09:45;12:00;21;5;2h 15m;0;3543;24;1
SpiceJet;1;6;2019;09:45;12:00;1;6;2h 15m;0;3543;25;1
IndiGo;27;6;2019;11:35;14:00;27;6;2h 25m;0;3858;26;1
IndiGo;6;3;2019;05:15;07:35;6;3;2h 20m;0;6482;27;1
IndiGo;1;6;2019;13:15;15:35;1;6;2h 20m;0;3597;28;1
IndiGo;9;5;2019;05:15;07:40;9;5;2h 25m;0;3540;29;1
Vistara;27;5;2019;07:05;09:20;27;5;2h 15m;0;3687;30;1
SpiceJet;21;5;2019;08:20;10:35;21;5;2h 15m;0;3543;31;1
SpiceJet;1;3;2019;09:30;12:05;1;3;2h 35m;0;7298;32;1
Vistara;21;3;2019;07:05;09:20;21;3;2h 15m;0;3739;33;1
IndiGo;21;5;2019;19:35;21:55;21;5;2h 20m;0;3597;34;1
Air India;15;6;2019;11:40;13:55;15;6;2h 15m;0;4667;35;1
Air India;12;6;2019;11:40;13:55;12;6;2h 15m;0;4667;36;1
SpiceJet;9;6;2019;08:20;10:35;9;6;2h 15m;0;3597;37;1
IndiGo;3;5;2019;13:15;15:35;3;5;2h 20m;0;3597;38;1
IndiGo;15;3;2019;05:15;07:35;15;3;2h 20m;0;4326;39;1
Air India;21;3;2019;11:40;13:55;21;3;2h 15m;0;3670;40;1
IndiGo;18;3;2019;13:20;15:35;18;3;2h 15m;0;3858;41;1
SpiceJet;21;3;2019;17:45;20:05;21;3;2h 20m;0;3332;42;1
IndiGo;27;3;2019;05:15;07:35;27;3;2h 20m;0;4326;43;1
Vistara;12;5;2019;17:45;20:05;12;5;2h 20m;0;11982;44;1
IndiGo;15;5;2019;05:15;07:40;15;5;2h 25m;0;3540;45;1
IndiGo;15;5;2019;14:45;17:05;15;5;2h 20m;0;3597;46;1
IndiGo;3;3;2019;22:05;00:25;4;3;2h 20m;0;5277;47;1
Vistara;21;6;2019;07:05;09:20;21;6;2h 15m;0;3687;48;1
IndiGo;6;6;2019;22:05;00:25;7;6;2h 20m;0;5277;49;1
Vistara;9;3;2019;07:05;09:20;9;3;2h 15m;0;6627;50;1
IndiGo;9;5;2019;22:05;00:25;10;5;2h 20m;0;5277;51;1
Air India;21;6;2019;11:40;13:55;21;6;2h 15m;0;4667;52;1
SpiceJet;15;5;2019;09:45;12:00;15;5;2h 15m;0;3597;53;1
SpiceJet;24;3;2019;09:30;12:05;24;3;2h 35m;0;3807;54;1
SpiceJet;18;3;2019;09:30;12:05;18;3;2h 35m;0;3807;55;1
Vistara;1;6;2019;07:05;09:20;1;6;2h 15m;0;3687;56;1
SpiceJet;27;5;2019;17:45;20:05;27;5;2h 20m;0;3597;57;1
SpiceJet;9;3;2019;08:20;10:35;9;3;2h 15m;0;6300;58;1
Air India;18;3;2019;11:40;13:55;18;3;2h 15m;0;4405;59;1
IndiGo;15;3;2019;11:35;14:00;15;3;2h 25m;0;6297;60;1
Air India;15;5;2019;11:40;13:55;15;5;2h 15m;0;4667;61;1
SpiceJet;18;5;2019;09:45;12:00;18;5;2h 15m;0;3543;62;1
IndiGo;1;6;2019;15:40;18:25;1;6;2h 45m;0;3540;63;1
Vistara;27;3;2019;07:05;09:20;27;3;2h 15m;0;3739;64;1
SpiceJet;6;6;2019;09:45;12:00;6;6;2h 15m;0;3597;65;1
SpiceJet;18;5;2019;17:45;20:05;18;5;2h 20m;0;3597;66;1
SpiceJet;15;6;2019;08:20;10:35;15;6;2h 15m;0;3543;67;1
IndiGo;6;6;2019;11:35;14:00;6;6;2h 25m;0;3858;68;1
SpiceJet;27;3;2019;08:20;10:35;27;3;2h 15m;0;3332;69;1
IndiGo;21;3;2019;07:55;10:15;21;3;2h 20m;0;3384;70;1
IndiGo;18;5;2019;07:55;10:15;18;5;2h 20m;0;3850;71;1
SpiceJet;21;5;2019;08:20;10:35;21;5;2h 15m;0;3597;72;1
IndiGo;12;5;2019;13:15;15:35;12;5;2h 20m;0;3597;73;1
IndiGo;24;5;2019;13:15;15:35;24;5;2h 20m;0;3597;74;1
SpiceJet;9;5;2019;17:45;20:05;9;5;2h 20m;0;3597;75;1
SpiceJet;18;5;2019;08:20;10:35;18;5;2h 15m;0;3597;76;1
SpiceJet;21;3;2019;09:30;12:05;21;3;2h 35m;0;3332;77;1
Air India;1;5;2019;11:40;13:55;1;5;2h 15m;0;4667;78;1
SpiceJet;24;3;2019;08:20;10:35;24;3;2h 15m;0;3807;79;1
IndiGo;12;6;2019;13:15;15:35;12;6;2h 20m;0;3597;80;1
SpiceJet;27;3;2019;09:30;12:05;27;3;2h 35m;0;3332;81;1
IndiGo;6;5;2019;07:55;10:15;6;5;2h 20m;0;3850;82;1
IndiGo;27;5;2019;07:55;10:15;27;5;2h 20m;0;3850;83;1
SpiceJet;21;6;2019;08:20;10:35;21;6;2h 15m;0;3543;84;1
IndiGo;3;3;2019;19:35;21:55;3;3;2h 20m;0;7295;85;1
IndiGo;12;3;2019;07:55;10:15;12;3;2h 20m;0;6297;86;1
IndiGo;15;6;2019;07:55;10:15;15;6;2h 20m;0;3850;87;1
IndiGo;27;6;2019;05:15;07:40;27;6;2h 25m;0;3540;88;1
SpiceJet;21;6;2019;17:45;20:05;21;6;2h 20m;0;3543;89;1
SpiceJet;24;5;2019;17:45;20:05;24;5;2h 20m;0;3597;90;1
Vistara;3;6;2019;17:45;20:05;3;6;2h 20m;0;11982;91;1
IndiGo;24;6;2019;07:55;10:15;24;6;2h 20m;0;3850;92;1
IndiGo;9;3;2019;22:05;00:25;10;3;2h 20m;0;6297;93;1
IndiGo;27;6;2019;22:05;00:25;28;6;2h 20m;0;5277;94;1
Vistara;21;5;2019;07:05;09:20;21;5;2h 15m;0;3687;95;1
IndiGo;15;3;2019;19:35;21:55;15;3;2h 20m;0;6297;96;1
SpiceJet;27;6;2019;08:20;10:35;27;6;2h 15m;0;3597;97;1
SpiceJet;15;6;2019;09:45;12:00;15;6;2h 15m;0;3597;98;1
Vistara;9;6;2019;17:45;20:05;9;6;2h 20m;0;11982;99;1
IndiGo;18;3;2019;22:05;00:25;19;3;2h 20m;0;5277;100;1
IndiGo;27;5;2019;14:45;17:05;27;5;2h 20m;0;3597;101;1
IndiGo;1;3;2019;05:15;07:35;1;3;2h 20m;0;7295;102;1
SpiceJet;3;3;2019;17:45;20:05;3;3;2h 20m;0;7298;103;1
SpiceJet;27;6;2019;09:45;12:00;27;6;2h 15m;0;3597;104;1
IndiGo;15;5;2019;11:35;14:00;15;5;2h 25m;0;4332;105;1
Vistara;27;6;2019;07:05;09:20;27;6;2h 15m;0;3687;106;1
IndiGo;3;5;2019;05:15;07:40;3;5;2h 25m;0;3850;107;1
SpiceJet;27;5;2019;09:45;12:00;27;5;2h 15m;0;3543;108;1
IndiGo;3;6;2019;05:15;07:40;3;6;2h 25m;0;3540;109;1
IndiGo;18;5;2019;19:35;21:55;18;5;2h 20m;0;3597;110;1
IndiGo;18;6;2019;11:35;14:00;18;6;2h 25m;0;3858;111;1
IndiGo;18;3;2019;11:35;14:00;18;3;2h 25m;0;3858;112;1
IndiGo;24;5;2019;22:05;00:25;25;5;2h 20m;0;5277;113;1
IndiGo;18;6;2019;13:15;15:35;18;6;2h 20m;0;3597;114;1
IndiGo;1;5;2019;14:45;17:05;1;5;2h 20m;0;3597;115;1
SpiceJet;24;3;2019;08:20;10:35;24;3;2h 15m;0;3859;116;1
SpiceJet;24;6;2019;17:45;20:05;24;6;2h 20m;0;3597;117;1
IndiGo;24;5;2019;11:35;14:00;24;5;2h 25m;0;4332;118;1
Air India;27;5;2019;11:40;13:55;27;5;2h 15m;0;4667;119;1
IndiGo;9;6;2019;22:05;00:25;10;6;2h 20m;0;5277;120;1
IndiGo;1;5;2019;07:55;10:15;1;5;2h 20m;0;3850;121;1
Vistara;18;5;2019;07:05;09:20;18;5;2h 15m;0;3687;122;1
SpiceJet;9;3;2019;09:30;12:05;9;3;2h 35m;0;6300;123;1
Air India;1;6;2019;11:40;13:55;1;6;2h 15m;0;4667;124;1
IndiGo;18;5;2019;11:35;14:00;18;5;2h 25m;0;4332;125;1
SpiceJet;9;5;2019;08:20;10:35;9;5;2h 15m;0;3859;126;1
IndiGo;9;3;2019;07:55;10:15;9;3;2h 20m;0;6297;127;1
IndiGo;9;5;2019;13:15;15:35;9;5;2h 20m;0;3597;128;1
IndiGo;3;6;2019;07:55;10:15;3;6;2h 20m;0;3850;129;1
SpiceJet;6;6;2019;17:45;20:05;6;6;2h 20m;0;3543;130;1
IndiGo;18;6;2019;14:45;17:05;18;6;2h 20m;0;3597;131;1
IndiGo;9;3;2019;17:05;19:40;9;3;2h 35m;0;6297;132;1
SpiceJet;24;5;2019;08:20;10:35;24;5;2h 15m;0;3597;133;1
IndiGo;1;6;2019;22:05;00:25;2;6;2h 20m;0;5277;134;1
IndiGo;6;5;2019;14:45;17:05;6;5;2h 20m;0;3597;135;1
IndiGo;6;6;2019;07:55;10:15;6;6;2h 20m;0;3850;136;1
IndiGo;3;3;2019;05:15;07:35;3;3;2h 20m;0;6482;137;1
IndiGo;1;3;2019;13:20;15:35;1;3;2h 15m;0;7295;138;1
Air India;12;3;2019;11:40;13:55;12;3;2h 15m;0;7082;139;1
SpiceJet;21;6;2019;08:20;10:35;21;6;2h 15m;0;3597;140;1
IndiGo;27;5;2019;13:15;15:35;27;5;2h 20m;0;3597;141;1
IndiGo;9;3;2019;11:35;14:00;9;3;2h 25m;0;6297;142;1
SpiceJet;6;6;2019;08:20;10:35;6;6;2h 15m;0;3543;143;1
SpiceJet;24;6;2019;08:20;10:35;24;6;2h 15m;0;3597;144;1
IndiGo;9;3;2019;05:15;07:35;9;3;2h 20m;0;6482;145;1
IndiGo;6;6;2019;05:15;07:40;6;6;2h 25m;0;3540;146;1
SpiceJet;27;3;2019;08:20;10:35;27;3;2h 15m;0;3384;147;1
SpiceJet;6;5;2019;08:20;10:35;6;5;2h 15m;0;3859;148;1
Vistara;6;5;2019;17:45;20:05;6;5;2h 20m;0;11982;149;1
IndiGo;6;6;2019;13:15;15:35;6;6;2h 20m;0;3597;150;1
IndiGo;21;5;2019;22:05;00:25;22;5;2h 20m;0;5277;151;1
SpiceJet;15;5;2019;17:45;20:05;15;5;2h 20m;0;3543;152;1
Vistara;24;3;2019;07:05;09:20;24;3;2h 15m;0;4842;153;1
IndiGo;1;6;2019;05:15;07:40;1;6;2h 25m;0;3540;154;1
IndiGo;6;3;2019;14:40;17:05;6;3;2h 25m;0;7295;155;1
SpiceJet;1;3;2019;08:20;10:35;1;3;2h 15m;0;7298;156;1
SpiceJet;3;5;2019;08:20;10:35;3;5;2h 15m;0;3597;157;1
Vistara;1;5;2019;07:05;09:20;1;5;2h 15m;0;3687;158;1
IndiGo;15;5;2019;19:35;21:55;15;5;2h 20m;0;3597;159;1
IndiGo;12;6;2019;05:15;07:40;12;6;2h 25m;0;3540;160;1
IndiGo;18;6;2019;22:05;00:25;19;6;2h 20m;0;5277;161;1
Air India;9;5;2019;11:40;13:55;9;5;2h 15m;0;4667;162;1
SpiceJet;12;3;2019;08:20;10:35;12;3;2h 15m;0;6300;163;1
SpiceJet;21;3;2019;09:30;12:05;21;3;2h 35m;0;3384;164;1
IndiGo;18;5;2019;15:40;18:25;18;5;2h 45m;0;3850;165;1
SpiceJet;21;3;2019;17:45;20:05;21;3;2h 20m;0;3384;166;1
IndiGo;6;3;2019;22:05;00:25;7;3;2h 20m;0;5277;167;1
SpiceJet;27;3;2019;09:30;12:05;27;3;2h 35m;0;3384;168;1
IndiGo;27;3;2019;07:55;10:15;27;3;2h 20m;0;3384;169;1
IndiGo;12;6;2019;11:35;14:00;12;6;2h 25m;0;3858;170;1
IndiGo;24;5;2019;14:45;17:05;24;5;2h 20m;0;3858;171;1
Vistara;6;5;2019;07:05;09:20;6;5;2h 15m;0;3687;172;1
IndiGo;21;6;2019;22:05;00:25;22;6;2h 20m;0;5277;173;1
SpiceJet;18;3;2019;08:20;10:35;18;3;2h 15m;0;3859;174;1
Vistara;27;5;2019;17:45;20:05;27;5;2h 20m;0;11982;175;1
IndiGo;12;5;2019;07:55;10:15;12;5;2h 20m;0;3850;176;1
IndiGo;27;5;2019;19:35;21:55;27;5;2h 20m;0;3597;177;1
SpiceJet;3;5;2019;17:45;20:05;3;5;2h 20m;0;3597;178;1
SpiceJet;3;6;2019;17:45;20:05;3;6;2h 20m;0;3597;179;1
IndiGo;24;5;2019;05:15;07:40;24;5;2h 25m;0;3850;180;1
Vistara;1;5;2019;17:45;20:05;1;5;2h 20m;0;11982;181;1
SpiceJet;18;6;2019;09:45;12:00;18;6;2h 15m;0;3543;182;1
SpiceJet;21;6;2019;09:45;12:00;21;6;2h 15m;0;3543;183;1
SpiceJet;1;6;2019;08:20;10:35;1;6;2h 15m;0;3543;184;1
IndiGo;21;3;2019;11:35;14:00;21;3;2h 25m;0;3858;185;1
SpiceJet;27;5;2019;08:20;10:35;27;5;2h 15m;0;3597;186;1
IndiGo;12;5;2019;22:05;00:25;13;5;2h 20m;0;5277;187;1
SpiceJet;9;5;2019;08:20;10:35;9;5;2h 15m;0;3911;188;1
IndiGo;21;3;2019;05:15;07:35;21;3;2h 20m;0;4326;189;1
SpiceJet;27;6;2019;17:45;20:05;27;6;2h 20m;0;3543;190;1
IndiGo;12;6;2019;14:45;17:05;12;6;2h 20m;0;3597;191;1
IndiGo;6;3;2019;11:35;14:00;6;3;2h 25m;0;7295;192;1
Vistara;15;6;2019;17:45;20:05;15;6;2h 20m;0;11982;193;1
Air India;27;3;2019;11:40;13:55;27;3;2h 15m;0;3145;194;1
SpiceJet;1;5;2019;08:20;10:35;1;5;2h 15m;0;3597;195;1
Vistara;3;5;2019;07:05;09:20;3;5;2h 15m;0;3687;196;1
IndiGo;15;5;2019;07:55;10:15;15;5;2h 20m;0;3850;197;1
SpiceJet;15;6;2019;08:20;10:35;15;6;2h 15m;0;3597;198;1
IndiGo;1;3;2019;14:40;17:05;1;3;2h 25m;0;7295;199;1
SpiceJet;24;5;2019;09:45;12:00;24;5;2h 15m;0;3597;200;1
SpiceJet;6;5;2019;17:45;20:05;6;5;2h 20m;0;3543;201;1
SpiceJet;18;5;2019;08:20;10:35;18;5;2h 15m;0;3543;202;1
IndiGo;15;6;2019;11:35;14:00;15;6;2h 25m;0;3858;203;1
IndiGo;15;3;2019;07:55;10:15;15;3;2h 20m;0;6297;204;1
IndiGo;12;3;2019;22:05;00:30;13;3;2h 25m;0;6297;205;1
SpiceJet;15;3;2019;17:45;20:05;15;3;2h 20m;0;6300;206;1
IndiGo;1;3;2019;11:35;14:00;1;3;2h 25m;0;7900;207;1
IndiGo;9;5;2019;11:35;14:00;9;5;2h 25m;0;4332;208;1
IndiGo;27;6;2019;13:15;15:35;27;6;2h 20m;0;3597;209;1
SpiceJet;24;3;2019;09:30;12:05;24;3;2h 35m;0;3859;210;1
IndiGo;21;6;2019;19:35;21:55;21;6;2h 20m;0;3597;211;1
SpiceJet;6;5;2019;09:45;12:00;6;5;2h 15m;0;3543;212;1
IndiGo;21;6;2019;11:35;14:00;21;6;2h 25m;0;3858;213;1
SpiceJet;1;5;2019;08:20;10:35;1;5;2h 15m;0;3543;214;1
Air India;21;5;2019;11:40;13:55;21;5;2h 15m;0;4667;215;1
Vistara;9;5;2019;07:05;09:20;9;5;2h 15m;0;3687;216;1
IndiGo;12;6;2019;22:05;00:25;13;6;2h 20m;0;5277;217;1
IndiGo;21;3;2019;19:35;21:55;21;3;2h 20m;0;3384;218;1
IndiGo;15;6;2019;19:35;21:55;15;6;2h 20m;0;3597;219;1
IndiGo;21;3;2019;13:20;15:35;21;3;2h 15m;0;3384;220;1
Vistara;15;3;2019;07:05;09:20;15;3;2h 15m;0;6627;221;1
Vistara;12;6;2019;17:45;20:05;12;6;2h 20m;0;11982;222;1
SpiceJet;27;5;2019;08:20;10:35;27;5;2h 15m;0;3543;223;1
IndiGo;1;6;2019;07:55;10:15;1;6;2h 20m;0;3850;224;1
SpiceJet;12;5;2019;17:45;20:05;12;5;2h 20m;0;3597;225;1
SpiceJet;24;6;2019;08:20;10:35;24;6;2h 15m;0;3543;226;1
IndiGo;27;6;2019;14:45;17:05;27;6;2h 20m;0;3597;227;1
Air India;12;5;2019;11:40;13:55;12;5;2h 15m;0;4667;228;1
SpiceJet;1;6;2019;17:45;20:05;1;6;2h 20m;0;3543;229;1
SpiceJet;6;3;2019;17:45;20:05;6;3;2h 20m;0;7298;230;1
Vistara;18;5;2019;17:45;20:05;18;5;2h 20m;0;11982;231;1
Air India;24;3;2019;11:40;13:55;24;3;2h 15m;0;4405;232;1
SpiceJet;27;6;2019;08:20;10:35;27;6;2h 15m;0;3543;233;1
SpiceJet;24;6;2019;09:45;12:00;24;6;2h 15m;0;3859;234;1
SpiceJet;6;3;2019;09:30;12:05;6;3;2h 35m;0;7298;235;1
Vistara;3;3;2019;07:05;09:20;3;3;2h 15m;0;5944;236;1
IndiGo;15;6;2019;13:15;15:35;15;6;2h 20m;0;3597;237;1
IndiGo;12;5;2019;19:35;21:55;12;5;2h 20m;0;3597;238;1
IndiGo;24;6;2019;11:35;14:00;24;6;2h 25m;0;3858;239;1
SpiceJet;9;3;2019;17:45;20:05;9;3;2h 20m;0;6300;240;1
SpiceJet;15;5;2019;17:45;20:05;15;5;2h 20m;0;3597;241;1
IndiGo;1;5;2019;05:15;07:40;1;5;2h 25m;0;3850;242;1
IndiGo;1;5;2019;19:35;21:55;1;5;2h 20m;0;3597;243;1
SpiceJet;3;6;2019;17:45;20:05;3;6;2h 20m;0;3543;244;1
SpiceJet;3;6;2019;09:45;12:00;3;6;2h 15m;0;3859;245;1
SpiceJet;3;6;2019;08:20;10:35;3;6;2h 15m;0;3543;246;1
IndiGo;27;3;2019;13:20;15:35;27;3;2h 15m;0;3384;247;1
SpiceJet;12;3;2019;17:45;20:05;12;3;2h 20m;0;6300;248;1
SpiceJet;9;5;2019;09:45;12:00;9;5;2h 15m;0;3543;249;1
IndiGo;1;6;2019;11:35;14:00;1;6;2h 25m;0;3858;250;1
SpiceJet;6;5;2019;08:20;10:35;6;5;2h 15m;0;3911;251;1
IndiGo;6;5;2019;13:15;15:35;6;5;2h 20m;0;3597;252;1
SpiceJet;15;3;2019;09:30;12:05;15;3;2h 35m;0;6300;253;1
SpiceJet;24;3;2019;17:45;20:05;24;3;2h 20m;0;5418;254;1
SpiceJet;18;6;2019;08:20;10:35;18;6;2h 15m;0;3543;255;1
IndiGo;1;5;2019;11:35;14:00;1;5;2h 25m;0;4332;256;1
IndiGo;27;6;2019;19:35;21:55;27;6;2h 20m;0;3597;257;1
Vistara;3;5;2019;17:45;20:05;3;5;2h 20m;0;11982;258;1
SpiceJet;12;3;2019;09:30;12:05;12;3;2h 35m;0;6300;259;1
IndiGo;27;3;2019;14:40;17:05;27;3;2h 25m;0;3384;260;1
Vistara Premium economy;1;3;2019;07:05;09:20;1;3;2h 15m;0;9125;261;1
IndiGo;24;6;2019;13:15;15:35;24;6;2h 20m;0;3597;262;1
SpiceJet;27;6;2019;17:45;20:05;27;6;2h 20m;0;3597;263;1
SpiceJet;6;6;2019;09:45;12:00;6;6;2h 15m;0;3543;264;1
IndiGo;3;5;2019;11:35;14:00;3;5;2h 25m;0;4332;265;1
IndiGo;24;3;2019;07:55;10:15;24;3;2h 20m;0;4326;266;1
IndiGo;15;6;2019;14:45;17:05;15;6;2h 20m;0;3597;267;1
IndiGo;15;3;2019;13:20;15:35;15;3;2h 15m;0;6297;268;1
Air India;15;3;2019;11:40;13:55;15;3;2h 15m;0;7082;269;1
SpiceJet;15;3;2019;08:20;10:35;15;3;2h 15m;0;6300;270;1
IndiGo;9;6;2019;13:15;15:35;9;6;2h 20m;0;3597;271;1
IndiGo;12;5;2019;11:35;14:00;12;5;2h 25m;0;4332;272;1
SpiceJet;3;5;2019;17:45;20:05;3;5;2h 20m;0;3543;273;1
IndiGo;6;3;2019;19:35;21:55;6;3;2h 20m;0;7295;274;1
IndiGo;18;3;2019;07:55;10:15;18;3;2h 20m;0;3850;275;1
IndiGo;24;6;2019;22:05;00:25;25;6;2h 20m;0;5277;276;1
SpiceJet;3;5;2019;08:20;10:35;3;5;2h 15m;0;3543;277;1
IndiGo;27;5;2019;22:05;00:25;28;5;2h 20m;0;5277;278;1
SpiceJet;1;3;2019;17:45;20:05;1;3;2h 20m;0;7718;279;1
SpiceJet;15;5;2019;08:20;10:35;15;5;2h 15m;0;3597;280;1
IndiGo;6;5;2019;22:05;00:25;7;5;2h 20m;0;5277;281;1
Vistara;15;5;2019;17:45;20:05;15;5;2h 20m;0;11982;282;1
SpiceJet;9;5;2019;09:45;12:00;9;5;2h 15m;0;3597;283;1
IndiGo;18;5;2019;22:05;00:25;19;5;2h 20m;0;5277;284;1
IndiGo;24;3;2019;05:15;07:35;24;3;2h 20m;0;4326;285;1
IndiGo;3;5;2019;14:45;17:05;3;5;2h 20m;0;3858;286;1
Vistara;24;6;2019;17:45;20:05;24;6;2h 20m;0;11982;287;1
IndiGo;18;6;2019;07:55;10:15;18;6;2h 20m;0;3850;288;1
IndiGo;24;5;2019;07:55;10:15;24;5;2h 20m;0;3850;289;1
IndiGo;18;5;2019;14:45;17:05;18;5;2h 20m;0;3858;290;1
SpiceJet;21;6;2019;17:45;20:05;21;6;2h 20m;0;3597;291;1
IndiGo;9;6;2019;14:45;17:05;9;6;2h 20m;0;3597;292;1
IndiGo;15;6;2019;22:05;00:25;16;6;2h 20m;0;5277;293;1
IndiGo;9;3;2019;19:35;21:55;9;3;2h 20m;0;6297;294;1
IndiGo;6;6;2019;19:35;21:55;6;6;2h 20m;0;3597;295;1
IndiGo;3;3;2019;07:55;10:15;3;3;2h 20m;0;7295;296;1
Vistara;6;6;2019;17:45;20:05;6;6;2h 20m;0;11982;297;1
Air India;9;3;2019;11:40;13:55;9;3;2h 15m;0;7817;298;1
IndiGo;1;5;2019;13:15;15:35;1;5;2h 20m;0;3597;299;1
SpiceJet;24;5;2019;08:20;10:35;24;5;2h 15m;0;3543;300;1
IndiGo;15;3;2019;14:40;17:05;15;3;2h 25m;0;6297;301;1
SpiceJet;18;3;2019;17:45;20:05;18;3;2h 20m;0;3384;302;1
IndiGo;3;3;2019;13:20;15:35;3;3;2h 15m;0;7295;303;1
SpiceJet;1;5;2019;09:45;12:00;1;5;2h 15m;0;3597;304;1
IndiGo;15;6;2019;15:40;18:25;15;6;2h 45m;0;3540;305;1
IndiGo;9;5;2019;07:55;10:15;9;5;2h 20m;0;3850;306;1
Vistara;6;6;2019;07:05;09:20;6;6;2h 15m;0;3687;307;1
IndiGo;9;6;2019;07:55;10:15;9;6;2h 20m;0;3850;308;1
IndiGo;12;3;2019;11:35;14:00;12;3;2h 25m;0;6297;309;1
IndiGo;24;3;2019;11:35;14:00;24;3;2h 25m;0;4332;310;1
SpiceJet;6;6;2019;08:20;10:35;6;6;2h 15m;0;3597;311;1
SpiceJet;18;5;2019;17:45;20:05;18;5;2h 20m;0;3543;312;1
SpiceJet;27;5;2019;17:45;20:05;27;5;2h 20m;0;3543;313;1
IndiGo;6;6;2019;14:45;17:05;6;6;2h 20m;0;3597;314;1
IndiGo;21;6;2019;14:45;17:05;21;6;2h 20m;0;3597;315;1
Air India;3;3;2019;11:40;13:55;3;3;2h 15m;0;10810;316;1
IndiGo;15;6;2019;05:15;07:40;15;6;2h 25m;0;3540;317;1
IndiGo;18;3;2019;19:35;21:55;18;3;2h 20m;0;4332;318;1
SpiceJet;24;5;2019;09:45;12:00;24;5;2h 15m;0;3543;319;1
SpiceJet;1;5;2019;17:45;20:05;1;5;2h 20m;0;3543;320;1
IndiGo;1;6;2019;14:45;17:05;1;6;2h 20m;0;3597;321;1
IndiGo;3;5;2019;19:35;21:55;3;5;2h 20m;0;3597;322;1
IndiGo;1;3;2019;07:55;10:15;1;3;2h 20m;0;8580;323;1
SpiceJet;27;3;2019;17:45;20:05;27;3;2h 20m;0;3332;324;1
IndiGo;3;5;2019;07:55;10:15;3;5;2h 20m;0;3850;325;1
IndiGo;18;6;2019;05:15;07:40;18;6;2h 25m;0;3540;326;1
IndiGo;3;6;2019;22:05;00:25;4;6;2h 20m;0;5277;327;1
Vistara;12;6;2019;07:05;09:20;12;6;2h 15m;0;3687;328;1
IndiGo;3;5;2019;22:05;00:25;4;5;2h 20m;0;5277;329;1
Vistara;24;5;2019;17:45;20:05;24;5;2h 20m;0;11982;330;1
SpiceJet;9;6;2019;08:20;10:35;9;6;2h 15m;0;3543;331;1
SpiceJet;9;6;2019;09:45;12:00;9;6;2h 15m;0;3543;332;1
SpiceJet;9;6;2019;17:45;20:05;9;6;2h 20m;0;3543;333;1
SpiceJet;15;6;2019;09:45;12:00;15;6;2h 15m;0;3543;334;1
SpiceJet;18;6;2019;17:45;20:05;18;6;2h 20m;0;3597;335;1
IndiGo;9;5;2019;19:35;21:55;9;5;2h 20m;0;3597;336;1
SpiceJet;21;5;2019;17:45;20:05;21;5;2h 20m;0;3597;337;1
IndiGo;24;3;2019;19:35;21:55;24;3;2h 20m;0;7295;338;1
IndiGo;24;3;2019;13:20;15:35;24;3;2h 15m;0;4752;339;1
SpiceJet;3;6;2019;08:20;10:35;3;6;2h 15m;0;3597;340;1
Air India;6;3;2019;11:40;13:55;6;3;2h 15m;0;9340;341;1
SpiceJet;9;6;2019;09:45;12:00;9;6;2h 15m;0;3597;342;1
SpiceJet;12;5;2019;08:20;10:35;12;5;2h 15m;0;3597;343;1
IndiGo;24;6;2019;19:35;21:55;24;6;2h 20m;0;3597;344;1
IndiGo;21;6;2019;13:15;15:35;21;6;2h 20m;0;3597;345;1
IndiGo;21;5;2019;07:55;10:15;21;5;2h 20m;0;3850;346;1
IndiGo;1;6;2019;19:35;21:55;1;6;2h 20m;0;3597;347;1
IndiGo;9;3;2019;13:20;15:35;9;3;2h 15m;0;6297;348;1
SpiceJet;9;6;2019;17:45;20:05;9;6;2h 20m;0;3597;349;1
IndiGo;3;6;2019;13:15;15:35;3;6;2h 20m;0;3597;350;1
SpiceJet;6;5;2019;17:45;20:05;6;5;2h 20m;0;3597;351;1
IndiGo;15;5;2019;22:05;00:25;16;5;2h 20m;0;5277;352;1
SpiceJet;3;3;2019;08:20;10:35;3;3;2h 15m;0;7050;353;1
SpiceJet;12;5;2019;09:45;12:00;12;5;2h 15m;0;3543;354;1
IndiGo;9;6;2019;05:15;07:40;9;6;2h 25m;0;3540;355;1
IndiGo;27;3;2019;11:35;14:00;27;3;2h 25m;0;3858;356;1
IndiGo;27;6;2019;07:55;10:15;27;6;2h 20m;0;3850;357;1
IndiGo;6;5;2019;05:15;07:40;6;5;2h 25m;0;3540;358;1
IndiGo;3;3;2019;11:35;14:00;3;3;2h 25m;0;7295;359;1
Air India;9;6;2019;11:40;13:55;9;6;2h 15m;0;4667;360;1
Vistara;18;6;2019;17:45;20:05;18;6;2h 20m;0;11982;361;1
IndiGo;27;3;2019;22:05;00:25;28;3;2h 20m;0;5277;362;1
IndiGo;18;6;2019;19:35;21:55;18;6;2h 20m;0;3597;363;1
Air India;6;5;2019;11:40;13:55;6;5;2h 15m;0;4667;364;1
IndiGo;24;3;2019;22:05;00:25;25;3;2h 20m;0;5277;365;1
IndiGo;12;6;2019;07:55;10:15;12;6;2h 20m;0;3850;366;1
IndiGo;27;3;2019;19:35;21:55;27;3;2h 20m;0;3858;367;1
SpiceJet;3;5;2019;09:45;12:00;3;5;2h 15m;0;3859;368;1
Air India;18;5;2019;11:40;13:55;18;5;2h 15m;0;4667;369;1
SpiceJet;18;6;2019;17:45;20:05;18;6;2h 20m;0;3543;370;1
Vistara;3;6;2019;07:05;09:20;3;6;2h 15m;0;3687;371;1
SpiceJet;18;3;2019;08:20;10:35;18;3;2h 15m;0;3807;372;1
Vistara;24;6;2019;07:45;10:00;24;6;2h 15m;0;3687;373;1
Vistara;21;6;2019;17:45;20:05;21;6;2h 20m;0;11982;374;1
SpiceJet;1;5;2019;09:45;12:00;1;5;2h 15m;0;3543;375;1
Vistara;1;6;2019;17:45;20:05;1;6;2h 20m;0;11982;376;1
IndiGo;9;6;2019;11:35;14:00;9;6;2h 25m;0;3858;377;1
SpiceJet;27;5;2019;09:45;12:00;27;5;2h 15m;0;3597;378;1
IndiGo;15;3;2019;22:05;00:30;13;3;2h 25m;0;6297;379;1
IndiGo;21;5;2019;13:15;15:35;21;5;2h 20m;0;3597;380;1
IndiGo;6;3;2019;07:55;10:15;6;3;2h 20m;0;7295;381;1
Air India;21;3;2019;13:20;19:15;22;3;29h 55m;2;8708;382;2
Jet Airways;21;3;2019;18:20;04:25;23;3;34h 5m;2;13082;383;2
Air India;6;6;2019;13:20;19:15;7;6;29h 55m;2;12961;384;2
Jet Airways;21;3;2019;18:20;18:50;22;3;24h 30m;2;12604;385;2
Air India;9;5;2019;13:20;07:40;10;5;18h 20m;2;13538;386;2
Air India;21;5;2019;13:20;19:15;22;5;29h 55m;2;13276;387;2
Jet Airways;21;3;2019;13:00;18:50;22;3;29h 50m;2;13082;388;2
Air India;21;5;2019;13:20;07:40;22;5;18h 20m;2;13538;389;2
Air India;15;5;2019;13:20;07:40;16;5;18h 20m;2;13538;390;2
Jet Airways;3;3;2019;18:20;18:50;4;3;24h 30m;2;20747;391;2
Air India;15;6;2019;13:20;07:40;16;6;18h 20m;2;12121;392;2
Jet Airways;6;3;2019;17:55;04:25;8;3;34h 30m;2;15812;393;2
Air India;3;6;2019;13:20;07:40;4;6;18h 20m;2;11911;394;2
Air India;18;5;2019;13:20;07:40;19;5;18h 20m;2;13801;395;2
Jet Airways;3;3;2019;18:20;04:25;5;3;34h 5m;2;20747;396;2
Air India;6;6;2019;13:20;07:40;7;6;18h 20m;2;12751;397;2
Air India;27;3;2019;13:20;07:40;28;3;18h 20m;2;10178;398;2
Jet Airways;6;3;2019;17:55;04:25;8;3;34h 30m;2;17072;399;2
Air India;27;3;2019;05:15;06:50;28;3;25h 35m;1;7165;400;3
Air India;15;5;2019;05:15;06:50;16;5;25h 35m;1;8425;401;3
Air India;6;6;2019;05:15;06:50;7;6;25h 35m;1;6587;402;3
IndiGo;21;3;2019;21:05;01:45;22;3;4h 40m;1;5947;403;3
Air India;9;5;2019;05:15;06:50;10;5;25h 35m;1;6587;404;3
Air India;27;4;2019;05:15;06:50;28;4;25h 35m;1;6587;405;3
Air India;21;5;2019;05:15;06:50;22;5;25h 35m;1;7480;406;3
IndiGo;9;3;2019;21:05;01:45;10;3;4h 40m;1;6937;407;3
Air India;9;6;2019;05:15;06:50;10;6;25h 35m;1;6587;408;3
Air India;3;3;2019;05:15;06:50;4;3;25h 35m;1;12677;409;3
Air India;27;6;2019;05:15;06:50;28;6;25h 35m;1;6587;410;3
Air India;1;6;2019;05:15;06:50;2;6;25h 35m;1;7480;411;3
Air India;6;3;2019;05:15;06:50;7;3;25h 35m;1;11522;412;3
Air India;24;6;2019;05:15;06:50;25;6;25h 35m;1;6587;413;3
Air India;27;5;2019;05:15;06:50;28;5;25h 35m;1;8425;414;3
Air India;9;3;2019;05:15;06:50;10;3;25h 35m;1;9790;415;3
Air India;15;6;2019;05:15;07:40;16;6;26h 25m;3;10493;416;4
Air India;27;6;2019;05:15;07:40;28;6;26h 25m;3;11543;417;4
Air India;18;5;2019;05:15;19:15;19;5;38h;3;10703;418;4
Air India;9;3;2019;05:15;19:15;10;3;38h;3;15586;419;4
Air India;21;3;2019;05:15;19:15;22;3;38h;3;9128;420;4
Air India;15;6;2019;05:15;19:15;16;6;38h;3;10703;421;4
Air India;1;6;2019;05:15;19:15;2;6;38h;3;10703;422;4
Air India;27;6;2019;05:15;19:15;28;6;38h;3;10703;423;4
Air India;24;6;2019;05:15;07:40;25;6;26h 25m;3;10493;424;4
Air India;27;6;2019;05:15;19:15;28;6;38h;3;10703;425;4
Air India;1;6;2019;05:15;07:40;2;6;26h 25m;3;12383;426;4
Air India;6;6;2019;05:15;19:15;7;6;38h;3;10703;427;4
Air India;9;5;2019;05:15;19:15;10;5;38h;3;10703;428;4
Air India;27;5;2019;05:15;19:15;28;5;38h;3;10493;429;4
Air India;24;6;2019;05:15;19:15;25;6;38h;3;10493;430;4
Air India;21;3;2019;05:15;19:15;22;3;38h;3;9128;431;4
Air India;3;6;2019;05:15;19:15;4;6;38h;3;10493;432;4
SpiceJet;15;4;2019;08:45;13:15;15;4;4h 30m;1;5830;433;5
SpiceJet;12;6;2019;08:45;13:15;12;6;4h 30m;1;5264;434;5
SpiceJet;24;6;2019;08:45;13:15;24;6;4h 30m;1;4812;435;5
SpiceJet;6;6;2019;08:45;13:15;6;6;4h 30m;1;5264;436;5
SpiceJet;27;6;2019;08:45;13:15;27;6;4h 30m;1;4760;437;5
IndiGo;27;5;2019;23:30;04:35;28;5;5h 5m;1;9476;438;5
IndiGo;12;6;2019;23:30;04:35;13;6;5h 5m;1;10112;439;5
SpiceJet;27;6;2019;08:45;13:15;27;6;4h 30m;1;4812;440;5
SpiceJet;21;4;2019;08:45;13:15;21;4;4h 30m;1;6460;441;5
SpiceJet;3;6;2019;08:45;13:15;3;6;4h 30m;1;5726;442;5
SpiceJet;27;5;2019;08:45;13:15;27;5;4h 30m;1;5158;443;5
IndiGo;24;6;2019;23:30;04:35;25;6;5h 5m;1;9165;444;5
SpiceJet;21;4;2019;08:45;13:15;21;4;4h 30m;1;6356;445;5
SpiceJet;1;4;2019;08:45;13:15;1;4;4h 30m;1;4812;446;5
SpiceJet;15;4;2019;08:45;13:15;15;4;4h 30m;1;5726;447;5
IndiGo;9;5;2019;23:30;04:35;10;5;5h 5m;1;8177;448;5
IndiGo;3;6;2019;23:30;04:35;4;6;5h 5m;1;11378;449;5
IndiGo;1;6;2019;23:30;04:35;2;6;5h 5m;1;10112;450;5
SpiceJet;9;5;2019;08:45;13:15;9;5;4h 30m;1;4812;451;5
SpiceJet;9;5;2019;08:45;13:15;9;5;4h 30m;1;4760;452;5
SpiceJet;6;3;2019;08:45;13:15;6;3;4h 30m;1;8488;453;5
SpiceJet;21;3;2019;08:45;13:15;21;3;4h 30m;1;6356;454;5
SpiceJet;24;6;2019;08:45;13:15;24;6;4h 30m;1;4760;455;5
SpiceJet;21;5;2019;08:45;13:15;21;5;4h 30m;1;5158;456;5
SpiceJet;6;6;2019;08:45;13:15;6;6;4h 30m;1;5158;457;5
IndiGo;18;5;2019;23:30;04:35;19;5;5h 5m;1;10958;458;5
IndiGo;27;6;2019;23:30;04:35;28;6;5h 5m;1;9165;459;5
SpiceJet;9;6;2019;08:45;13:15;9;6;4h 30m;1;5158;460;5
IndiGo;21;5;2019;23:30;04:35;22;5;5h 5m;1;8745;461;5
IndiGo;15;5;2019;23:30;04:35;16;5;5h 5m;1;10123;462;5
SpiceJet;27;3;2019;08:45;13:15;27;3;4h 30m;1;4466;463;5
SpiceJet;3;6;2019;08:45;13:15;3;6;4h 30m;1;5830;464;5
SpiceJet;24;4;2019;08:45;13:15;24;4;4h 30m;1;4812;465;5
IndiGo;6;6;2019;23:30;04:35;7;6;5h 5m;1;10112;466;5
IndiGo;15;6;2019;23:30;04:35;16;6;5h 5m;1;10112;467;5
SpiceJet;27;3;2019;08:45;13:15;27;3;4h 30m;1;4414;468;5
SpiceJet;9;6;2019;08:45;13:15;9;6;4h 30m;1;5264;469;5
SpiceJet;21;3;2019;08:45;13:15;21;3;4h 30m;1;6460;470;5
SpiceJet;3;4;2019;08:45;13:15;3;4;4h 30m;1;4098;471;5
SpiceJet;15;5;2019;08:45;13:15;15;5;4h 30m;1;4760;472;5
SpiceJet;24;4;2019;08:45;13:15;24;4;4h 30m;1;4760;473;5
SpiceJet;12;6;2019;08:45;13:15;12;6;4h 30m;1;5158;474;5
Jet Airways;15;6;2019;14:35;12:35;16;6;22h;2;10919;475;6
Jet Airways;6;6;2019;06:45;04:25;7;6;21h 40m;2;13376;476;6
Air India;6;3;2019;05:55;07:40;7;3;25h 45m;2;14641;477;6
Jet Airways;1;6;2019;14:35;04:25;2;6;13h 50m;2;13376;478;6
Jet Airways;1;6;2019;14:35;04:25;2;6;13h 50m;2;13376;479;6
Jet Airways;18;5;2019;14:35;04:25;19;5;13h 50m;2;13848;480;6
Air India;21;5;2019;05:55;19:15;22;5;37h 20m;2;10493;481;6
Jet Airways;9;6;2019;06:45;04:25;10;6;21h 40m;2;13376;482;6
Jet Airways;9;6;2019;14:35;12:35;10;6;22h;2;13376;483;6
Jet Airways;9;6;2019;06:45;12:35;10;6;29h 50m;2;13376;484;6
Air India;9;6;2019;05:55;19:15;10;6;37h 20m;2;10493;485;6
Air India;27;3;2019;05:55;19:15;28;3;37h 20m;2;8446;486;6
Jet Airways;1;6;2019;06:45;04:25;2;6;21h 40m;2;10919;487;6
Jet Airways;24;6;2019;06:45;04:25;25;6;21h 40m;2;13376;488;6
Jet Airways;9;6;2019;14:35;04:25;10;6;13h 50m;2;13376;489;6
Jet Airways;12;6;2019;14:35;04:25;13;6;13h 50m;2;10919;490;6
Jet Airways;1;6;2019;06:45;04:25;2;6;21h 40m;2;10919;491;6
Jet Airways;6;6;2019;14:35;04:25;7;6;13h 50m;2;13376;492;6
Jet Airways;15;6;2019;06:45;04:25;16;6;21h 40m;2;13376;493;6
Jet Airways;27;6;2019;14:35;12:35;28;6;22h;2;10919;494;6
Jet Airways;1;6;2019;14:35;12:35;2;6;22h;2;10919;495;6
Jet Airways;3;6;2019;14:35;12:35;4;6;22h;2;13376;496;6
Air India;9;4;2019;05:55;19:15;10;4;37h 20m;2;7711;497;6
Jet Airways;15;6;2019;06:45;04:25;16;6;21h 40m;2;10919;498;6
Jet Airways;15;6;2019;06:45;04:25;16;6;21h 40m;2;10919;499;6
Air India;9;6;2019;05:55;07:40;10;6;25h 45m;2;10493;500;6
Jet Airways;12;6;2019;06:45;04:25;13;6;21h 40m;2;10919;501;6
Jet Airways;1;6;2019;14:35;12:35;2;6;22h;2;13376;502;6
Jet Airways;9;6;2019;14:35;04:25;10;6;13h 50m;2;13376;503;6
Jet Airways;9;6;2019;14:35;12:35;10;6;22h;2;13376;504;6
Jet Airways;27;6;2019;14:35;12:35;28;6;22h;2;13376;505;6
Jet Airways;27;6;2019;06:45;12:35;28;6;29h 50m;2;13376;506;6
Jet Airways;12;6;2019;14:35;12:35;13;6;22h;2;10919;507;6
Air India;15;5;2019;05:55;07:40;16;5;25h 45m;2;11543;508;6
Jet Airways;3;6;2019;14:35;12:35;4;6;22h;2;10919;509;6
Jet Airways;24;6;2019;06:45;04:25;25;6;21h 40m;2;13376;510;6
Jet Airways;12;6;2019;14:35;12:35;13;6;22h;2;10919;511;6
Jet Airways;12;6;2019;14:35;12:35;13;6;22h;2;13376;512;6
Jet Airways;27;6;2019;06:45;12:35;28;6;29h 50m;2;10919;513;6
Jet Airways;9;6;2019;06:45;04:25;10;6;21h 40m;2;13376;514;6
Jet Airways;12;6;2019;14:35;04:25;13;6;13h 50m;2;13376;515;6
Jet Airways;15;6;2019;14:35;04:25;16;6;13h 50m;2;10919;516;6
Jet Airways;15;6;2019;14:35;04:25;16;6;13h 50m;2;13376;517;6
Jet Airways;6;6;2019;06:45;04:25;7;6;21h 40m;2;13376;518;6
Air India;27;3;2019;05:55;07:40;28;3;25h 45m;2;8971;519;6
Jet Airways;15;6;2019;06:45;04:25;16;6;21h 40m;2;13376;520;6
Jet Airways;24;6;2019;14:35;12:35;25;6;22h;2;13376;521;6
Jet Airways;6;6;2019;14:35;04:25;7;6;13h 50m;2;10919;522;6
Jet Airways;6;6;2019;14:35;04:25;7;6;13h 50m;2;10919;523;6
Jet Airways;12;6;2019;06:45;04:25;13;6;21h 40m;2;13376;524;6
Jet Airways;12;6;2019;14:35;12:35;13;6;22h;2;13376;525;6
Jet Airways;1;6;2019;06:45;04:25;2;6;21h 40m;2;13376;526;6
Jet Airways;24;6;2019;14:35;12:35;25;6;22h;2;13376;527;6
Jet Airways;27;6;2019;14:35;12:35;28;6;22h;2;13376;528;6
Air India;3;3;2019;05:55;07:40;4;3;25h 45m;2;15428;529;6
Jet Airways;9;6;2019;06:45;12:35;10;6;29h 50m;2;13376;530;6
Jet Airways;12;6;2019;14:35;04:25;13;6;13h 50m;2;10919;531;6
Jet Airways;12;6;2019;06:45;04:25;13;6;21h 40m;2;13376;532;6
Jet Airways;15;6;2019;14:35;12:35;16;6;22h;2;10919;533;6
Jet Airways;27;6;2019;14:35;12:35;28;6;22h;2;10919;534;6
Jet Airways;24;6;2019;14:35;04:25;25;6;13h 50m;2;13376;535;6
Jet Airways;15;6;2019;14:35;04:25;16;6;13h 50m;2;10919;536;6
Jet Airways;15;6;2019;14:35;12:35;16;6;22h;2;13376;537;6
Jet Airways;1;6;2019;14:35;12:35;2;6;22h;2;13376;538;6
Jet Airways;24;6;2019;14:35;04:25;25;6;13h 50m;2;13376;539;6
Air India;21;5;2019;05:55;07:40;22;5;25h 45m;2;11543;540;6
Jet Airways;6;6;2019;14:35;04:25;7;6;13h 50m;2;13376;541;6
Jet Airways;15;6;2019;14:35;12:35;16;6;22h;2;13376;542;6
Jet Airways;3;6;2019;14:35;12:35;4;6;22h;2;10919;543;6
Jet Airways;1;6;2019;06:45;04:25;2;6;21h 40m;2;13376;544;6
Jet Airways;15;6;2019;14:35;04:25;16;6;13h 50m;2;13376;545;6
Air India;3;4;2019;06:05;09:25;4;4;27h 20m;1;5117;546;7
IndiGo;24;6;2019;02:00;07:25;24;6;5h 25m;1;5636;547;7
Air India;6;3;2019;17:20;09:25;7;3;16h 5m;1;12677;548;7
IndiGo;15;6;2019;02:00;07:25;15;6;5h 25m;1;5636;549;7
Air India;3;4;2019;12:30;09:25;4;4;20h 55m;1;5117;550;7
SpiceJet;6;6;2019;06:05;11:20;6;6;5h 15m;1;5583;551;7
Air India;9;4;2019;06:05;09:25;10;4;27h 20m;1;4487;552;7
Air India;3;3;2019;06:05;09:25;4;3;27h 20m;1;14042;553;7
SpiceJet;21;5;2019;06:05;11:20;21;5;5h 15m;1;6297;554;7
SpiceJet;21;4;2019;06:05;11:20;21;4;5h 15m;1;5583;555;7
Air India;6;4;2019;20:40;09:25;7;4;12h 45m;1;5117;556;7
IndiGo;15;5;2019;02:00;07:25;15;5;5h 25m;1;8618;557;7
Air India;9;3;2019;17:20;09:25;10;3;16h 5m;1;12415;558;7
SpiceJet;24;4;2019;15:45;22:05;24;4;6h 20m;1;5583;559;7
SpiceJet;21;4;2019;15:45;22:05;21;4;6h 20m;1;6749;560;7
Air India;21;5;2019;20:40;09:25;22;5;12h 45m;1;7480;561;7
IndiGo;27;4;2019;02:00;07:25;27;4;5h 25m;1;5796;562;7
SpiceJet;9;3;2019;06:10;11:20;9;3;5h 10m;1;8382;563;7
IndiGo;15;6;2019;07:15;12:30;15;6;5h 15m;1;6582;564;7
IndiGo;6;4;2019;02:00;07:25;6;4;5h 25m;1;5046;565;7
Air India;9;3;2019;06:05;09:25;10;3;27h 20m;1;10945;566;7
SpiceJet;1;4;2019;06:05;11:20;1;4;5h 15m;1;5351;567;7
Air India;27;6;2019;20:40;09:25;28;6;12h 45m;1;7480;568;7
Air India;18;5;2019;20:40;09:25;19;5;12h 45m;1;7480;569;7
Air India;24;5;2019;09:45;09:25;25;5;23h 40m;1;7480;570;7
Air India;27;5;2019;17:20;09:25;28;5;16h 5m;1;7480;571;7
IndiGo;24;4;2019;02:00;07:25;24;4;5h 25m;1;5636;572;7
SpiceJet;1;6;2019;06:05;11:20;1;6;5h 15m;1;5583;573;7
SpiceJet;9;6;2019;06:05;11:20;9;6;5h 15m;1;5583;574;7
SpiceJet;15;5;2019;06:05;11:20;15;5;5h 15m;1;5583;575;7
SpiceJet;9;4;2019;06:05;11:20;9;4;5h 15m;1;5351;576;7
IndiGo;3;3;2019;02:05;07:25;3;3;5h 20m;1;10394;577;7
Air India;15;5;2019;09:45;09:25;16;5;23h 40m;1;7480;578;7
Air India;1;5;2019;20:40;09:25;2;5;12h 45m;1;7480;579;7
SpiceJet;21;3;2019;06:10;11:20;21;3;5h 10m;1;6065;580;7
Air India;21;5;2019;17:20;09:25;22;5;16h 5m;1;7480;581;7
Air India;27;5;2019;06:05;09:25;28;5;27h 20m;1;7480;582;7
Air India;1;4;2019;17:20;09:25;2;4;16h 5m;1;5117;583;7
IndiGo;9;5;2019;02:00;07:25;9;5;5h 25m;1;6582;584;7
IndiGo;27;5;2019;07:15;12:30;27;5;5h 15m;1;5636;585;7
SpiceJet;21;5;2019;15:45;22:05;21;5;6h 20m;1;7317;586;7
IndiGo;12;6;2019;02:00;07:25;12;6;5h 25m;1;5636;587;7
Air India;27;6;2019;17:20;09:25;28;6;16h 5m;1;7480;588;7
Air India;9;5;2019;06:05;09:25;10;5;27h 20m;1;7480;589;7
Air India;15;5;2019;12:30;09:25;16;5;20h 55m;1;7480;590;7
IndiGo;27;5;2019;02:00;07:25;27;5;5h 25m;1;7164;591;7
Air India;18;5;2019;09:45;09:25;19;5;23h 40m;1;8372;592;7
Air India;1;6;2019;12:30;09:25;2;6;20h 55m;1;7480;593;7
Air India;3;3;2019;17:20;09:25;4;3;16h 5m;1;16352;594;7
Air India;6;6;2019;20:40;09:25;7;6;12h 45m;1;7952;595;7
IndiGo;1;6;2019;07:15;12:30;1;6;5h 15m;1;6582;596;7
Air India;21;3;2019;20:40;09:25;22;3;12h 45m;1;5642;597;7
Air India;15;6;2019;20:40;09:25;16;6;12h 45m;1;7480;598;7
IndiGo;21;3;2019;02:05;07:25;21;3;5h 20m;1;4862;599;7
Air India;1;4;2019;20:40;09:25;2;4;12h 45m;1;5117;600;7
Air India;1;4;2019;09:45;09:25;2;4;23h 40m;1;5117;601;7
Air India;18;5;2019;12:30;09:25;19;5;20h 55m;1;7480;602;7
Air India;3;4;2019;17:20;09:25;4;4;16h 5m;1;5117;603;7
Air India;27;6;2019;09:45;09:25;28;6;23h 40m;1;7480;604;7
SpiceJet;18;5;2019;06:05;11:20;18;5;5h 15m;1;6297;605;7
SpiceJet;15;5;2019;15:45;22:05;15;5;6h 20m;1;7947;606;7
IndiGo;3;3;2019;07:20;12:30;3;3;5h 10m;1;12214;607;7
Air India;21;3;2019;17:20;09:25;22;3;16h 5m;1;6482;608;7
SpiceJet;27;4;2019;06:05;11:20;27;4;5h 15m;1;5899;609;7
IndiGo;27;3;2019;02:05;07:25;27;3;5h 20m;1;4744;610;7
SpiceJet;6;6;2019;15:45;22:05;6;6;6h 20m;1;5583;611;7
SpiceJet;27;5;2019;06:05;11:20;27;5;5h 15m;1;6749;612;7
Air India;1;6;2019;20:40;09:25;2;6;12h 45m;1;7480;613;7
SpiceJet;6;3;2019;15:55;21:55;6;3;6h;1;9748;614;7
Air India;9;6;2019;20:40;09:25;10;6;12h 45m;1;7690;615;7
SpiceJet;27;6;2019;06:05;11:20;27;6;5h 15m;1;5583;616;7
Air India;9;4;2019;20:40;09:25;10;4;12h 45m;1;4487;617;7
IndiGo;9;3;2019;02:05;07:10;9;3;5h 5m;1;10482;618;7
Air India;21;3;2019;12:30;09:25;22;3;20h 55m;1;6482;619;7
Air India;24;6;2019;20:40;09:25;25;6;12h 45m;1;7480;620;7
IndiGo;15;5;2019;07:15;12:30;15;5;5h 15m;1;5636;621;7
Air India;27;6;2019;12:30;09:25;28;6;20h 55m;1;7480;622;7
IndiGo;9;5;2019;07:15;12:30;9;5;5h 15m;1;5636;623;7
Air India;24;5;2019;20:40;09:25;25;5;12h 45m;1;7480;624;7
Air India;3;6;2019;17:20;09:25;4;6;16h 5m;1;7480;625;7
Air India;6;4;2019;17:20;09:25;7;4;16h 5m;1;4697;626;7
Air India;15;5;2019;20:40;09:25;16;5;12h 45m;1;7480;627;7
IndiGo;3;3;2019;09:55;15:10;3;3;5h 15m;1;12214;628;7
Air India;24;6;2019;12:30;09:25;25;6;20h 55m;1;7480;629;7
IndiGo;27;6;2019;07:15;12:30;27;6;5h 15m;1;6582;630;7
Air India;6;3;2019;20:40;09:25;7;3;12h 45m;1;12677;631;7
Air India;18;5;2019;17:20;09:25;19;5;16h 5m;1;7690;632;7
Air India;12;6;2019;20:40;09:25;13;6;12h 45m;1;7480;633;7
Air India;12;6;2019;12:30;09:25;13;6;20h 55m;1;7480;634;7
Air India;27;3;2019;20:40;09:25;28;3;12h 45m;1;5117;635;7
Air India;24;6;2019;17:20;09:25;25;6;16h 5m;1;7480;636;7
SpiceJet;3;6;2019;06:05;11:20;3;6;5h 15m;1;5583;637;7
IndiGo;1;4;2019;02:00;07:25;1;4;5h 25m;1;5164;638;7
IndiGo;21;4;2019;02:00;07:25;21;4;5h 25m;1;5636;639;7
SpiceJet;18;5;2019;15:45;22:05;18;5;6h 20m;1;7317;640;7
Air India;9;6;2019;06:05;09:25;10;6;27h 20m;1;7690;641;7
Air India;27;3;2019;09:45;09:25;28;3;23h 40m;1;5957;642;7
IndiGo;21;5;2019;07:15;12:30;21;5;5h 15m;1;5636;643;7
Air India;21;5;2019;06:05;09:25;22;5;27h 20m;1;7480;644;7
Air India;12;6;2019;09:45;09:25;13;6;23h 40m;1;7480;645;7
Air India;9;6;2019;09:45;09:25;10;6;23h 40m;1;7690;646;7
SpiceJet;24;6;2019;15:45;22:05;24;6;6h 20m;1;5583;647;7
Air India;6;3;2019;06:05;09:25;7;3;27h 20m;1;12677;648;7
SpiceJet;6;3;2019;06:10;11:20;6;3;5h 10m;1;9748;649;7
IndiGo;6;6;2019;07:15;12:30;6;6;5h 15m;1;6582;650;7
Air India;6;3;2019;12:30;09:25;7;3;20h 55m;1;13832;651;7
IndiGo;3;4;2019;02:00;07:25;3;4;5h 25m;1;4744;652;7
SpiceJet;24;6;2019;06:05;11:20;24;6;5h 15m;1;5583;653;7
SpiceJet;9;6;2019;15:45;22:05;9;6;6h 20m;1;6297;654;7
SpiceJet;15;6;2019;15:45;22:05;15;6;6h 20m;1;5583;655;7
Air India;12;6;2019;17:20;09:25;13;6;16h 5m;1;7480;656;7
SpiceJet;27;3;2019;15:55;21:55;27;3;6h;1;5111;657;7
Air India;27;3;2019;17:20;09:25;28;3;16h 5m;1;5117;658;7
Air India;9;5;2019;12:30;09:25;10;5;20h 55m;1;7480;659;7
IndiGo;3;6;2019;02:00;07:25;3;6;5h 25m;1;5636;660;7
Air India;21;5;2019;12:30;09:25;22;5;20h 55m;1;7480;661;7
IndiGo;24;6;2019;07:15;12:30;24;6;5h 15m;1;6582;662;7
IndiGo;18;5;2019;02:00;07:25;18;5;5h 25m;1;7464;663;7
Air India;15;6;2019;06:05;09:25;16;6;27h 20m;1;7480;664;7
Air India;6;5;2019;20:40;09:25;7;5;12h 45m;1;7480;665;7
SpiceJet;1;6;2019;15:45;22:05;1;6;6h 20m;1;7317;666;7
Air India;9;5;2019;20:40;09:25;10;5;12h 45m;1;7480;667;7
Air India;15;6;2019;12:30;09:25;16;6;20h 55m;1;7480;668;7
IndiGo;1;6;2019;02:00;07:25;1;6;5h 25m;1;5636;669;7
Air India;6;6;2019;09:45;09:25;7;6;23h 40m;1;7952;670;7
SpiceJet;15;4;2019;06:05;11:20;15;4;5h 15m;1;5583;671;7
Air India;15;5;2019;17:20;09:25;16;5;16h 5m;1;7480;672;7
Air India;3;3;2019;12:30;09:25;4;3;20h 55m;1;16142;673;7
Air India;1;6;2019;09:45;09:25;2;6;23h 40m;1;8372;674;7
Air India;3;6;2019;20:40;09:25;4;6;12h 45m;1;7480;675;7
SpiceJet;3;3;2019;15:55;21:55;3;3;6h;1;11349;676;7
Air India;21;3;2019;06:05;09:25;22;3;27h 20m;1;7532;677;7
SpiceJet;15;4;2019;15:45;22:05;15;4;6h 20m;1;5899;678;7
IndiGo;21;3;2019;07:20;12:30;21;3;5h 10m;1;6388;679;7
Air India;27;3;2019;06:05;09:25;28;3;27h 20m;1;5117;680;7
SpiceJet;21;3;2019;15:55;21:55;21;3;6h;1;5511;681;7
Air India;3;3;2019;09:45;09:25;4;3;23h 40m;1;24017;682;7
IndiGo;6;3;2019;02:05;07:25;6;3;5h 20m;1;10851;683;7
Air India;6;6;2019;06:05;09:25;7;6;27h 20m;1;7952;684;7
SpiceJet;3;3;2019;06:10;11:20;3;3;5h 10m;1;9748;685;7
Air India;18;5;2019;06:05;09:25;19;5;27h 20m;1;7480;686;7
IndiGo;27;6;2019;02:00;07:25;27;6;5h 25m;1;5636;687;7
Air India;21;3;2019;09:45;09:25;22;3;23h 40m;1;7532;688;7
SpiceJet;27;3;2019;06:10;11:20;27;3;5h 10m;1;5351;689;7
Air India;6;4;2019;06:05;09:25;7;4;27h 20m;1;4487;690;7
IndiGo;9;6;2019;02:00;07:25;9;6;5h 25m;1;5636;691;7
Jet Airways;21;3;2019;16:10;18:50;22;3;26h 40m;2;8728;692;8
Jet Airways;21;3;2019;16:10;18:50;22;3;26h 40m;2;13180;693;8
Jet Airways;27;3;2019;17:35;04:25;28;3;10h 50m;2;9412;694;8
Jet Airways;21;3;2019;13:55;18:50;22;3;28h 55m;2;8728;695;8
Jet Airways;21;3;2019;13:55;18:50;22;3;28h 55m;2;8728;696;8
Jet Airways;27;3;2019;05:10;04:25;28;3;23h 15m;2;9412;697;8
Jet Airways;21;3;2019;19:15;18:50;22;3;23h 35m;2;8938;698;8
Jet Airways;27;3;2019;05:10;04:25;28;3;23h 15m;2;9412;699;8
Jet Airways;27;3;2019;05:10;18:50;27;3;13h 40m;2;8728;700;8
Jet Airways;27;3;2019;05:10;19:45;28;3;38h 35m;2;8098;701;8
Jet Airways;27;3;2019;05:10;19:45;28;3;38h 35m;2;8938;702;8
Jet Airways;27;3;2019;05:10;18:50;27;3;13h 40m;2;8518;703;8
Jet Airways;21;3;2019;16:10;18:50;22;3;26h 40m;2;8728;704;8
Jet Airways;27;3;2019;05:10;18:50;27;3;13h 40m;2;8728;705;8
Jet Airways;27;3;2019;17:35;19:45;28;3;26h 10m;2;8098;706;8
Jet Airways;27;3;2019;05:10;04:25;28;3;23h 15m;2;9412;707;8
IndiGo;1;6;2019;21:50;03:35;2;6;5h 45m;1;8238;708;9
IndiGo;27;6;2019;21:50;03:35;28;6;5h 45m;1;5775;709;9
IndiGo;1;5;2019;21:50;03:35;2;5;5h 45m;1;6349;710;9
IndiGo;9;6;2019;21:50;03:35;10;6;5h 45m;1;6195;711;9
IndiGo;6;6;2019;21:50;03:35;7;6;5h 45m;1;6195;712;9
IndiGo;3;3;2019;05:35;10:10;3;3;4h 35m;1;13753;713;9
IndiGo;24;6;2019;21:50;03:35;25;6;5h 45m;1;5775;714;9
IndiGo;12;6;2019;21:50;03:35;13;6;5h 45m;1;5775;715;9
IndiGo;3;6;2019;21:50;03:35;4;6;5h 45m;1;7189;716;9
IndiGo;9;5;2019;21:50;03:35;10;5;5h 45m;1;6058;717;9
IndiGo;15;6;2019;21:50;03:35;16;6;5h 45m;1;6195;718;9
IndiGo;9;3;2019;05:35;10:10;9;3;4h 35m;1;9476;719;9
IndiGo;21;5;2019;21:50;03:35;22;5;5h 45m;1;7189;720;9
IndiGo;27;5;2019;21:50;03:35;28;5;5h 45m;1;6769;721;9
IndiGo;15;5;2019;21:50;03:35;16;5;5h 45m;1;7189;722;9
IndiGo;9;4;2019;21:50;03:35;10;4;5h 45m;1;7398;723;9
IndiGo;27;4;2019;21:50;03:35;28;4;5h 45m;1;6307;724;9
Jet Airways;9;6;2019;09:25;04:25;10;6;19h;2;13882;725;10
Jet Airways;24;6;2019;11:45;04:25;25;6;16h 40m;2;13357;726;10
Jet Airways;15;6;2019;11:45;12:35;16;6;24h 50m;2;13882;727;10
Jet Airways;27;6;2019;11:45;04:25;28;6;16h 40m;2;13882;728;10
Air India;6;5;2019;12:20;19:15;7;5;30h 55m;2;13538;729;10
Air India;3;6;2019;12:20;19:15;4;6;30h 55m;2;12488;730;10
Jet Airways;6;6;2019;11:45;04:25;7;6;16h 40m;2;11992;731;10
Jet Airways;24;6;2019;09:25;04:25;25;6;19h;2;13882;732;10
Air India;21;3;2019;18:30;19:15;22;3;24h 45m;2;10703;733;10
Air India;12;6;2019;12:20;19:15;13;6;30h 55m;2;12488;734;10
Air India;27;3;2019;07:00;19:15;27;3;12h 15m;2;10913;735;10
Jet Airways;9;6;2019;21:35;12:35;10;6;15h;2;13882;736;10
Jet Airways;6;6;2019;09:25;04:25;7;6;19h;2;11992;737;10
Air India;3;6;2019;07:10;19:15;3;6;12h 5m;2;12698;738;10
Air India;27;5;2019;12:20;19:15;28;5;30h 55m;2;12488;739;10
Jet Airways;12;6;2019;09:25;12:35;13;6;27h 10m;2;13882;740;10
Air India;27;5;2019;18:30;19:15;28;5;24h 45m;2;12488;741;10
Jet Airways;15;6;2019;09:25;12:35;16;6;27h 10m;2;13882;742;10
Jet Airways;6;6;2019;11:45;04:25;7;6;16h 40m;2;13882;743;10
Jet Airways;15;6;2019;09:25;04:25;16;6;19h;2;13882;744;10
Jet Airways;15;6;2019;11:45;04:25;16;6;16h 40m;2;13882;745;10
Jet Airways;12;6;2019;11:45;04:25;13;6;16h 40m;2;13882;746;10
Jet Airways;9;6;2019;09:25;12:35;10;6;27h 10m;2;13882;747;10
Jet Airways;12;6;2019;11:45;12:35;13;6;24h 50m;2;13882;748;10
Jet Airways;9;4;2019;09:25;04:25;10;4;19h;2;11546;749;10
Jet Airways;27;6;2019;11:45;12:35;28;6;24h 50m;2;13882;750;10
Jet Airways;12;6;2019;09:25;04:25;13;6;19h;2;13882;751;10
Jet Airways;9;6;2019;14:05;12:35;10;6;22h 30m;2;13882;752;10
Air India;12;6;2019;07:10;19:15;12;6;12h 5m;2;12488;753;10
Air India;3;6;2019;07:10;07:40;4;6;24h 30m;2;12698;754;10
Jet Airways;9;6;2019;11:45;04:25;10;6;16h 40m;2;13882;755;10
Jet Airways;9;6;2019;11:45;12:35;10;6;24h 50m;2;13882;756;10
Air India;27;5;2019;07:10;07:40;28;5;24h 30m;2;14588;757;10
Air India;9;3;2019;18:30;19:15;10;3;24h 45m;2;18211;758;10
Jet Airways;6;6;2019;09:25;04:25;7;6;19h;2;13882;759;10
Air India;21;3;2019;12:20;19:15;22;3;30h 55m;2;10703;760;10
Jet Airways;27;6;2019;09:25;04:25;28;6;19h;2;13882;761;10
Air India;3;6;2019;18:30;19:15;4;6;24h 45m;2;12488;762;10
Air India;12;6;2019;07:10;07:40;13;6;24h 30m;2;12488;763;10
Jet Airways;24;6;2019;09:25;12:35;25;6;27h 10m;2;13882;764;10
Air India;12;6;2019;18:30;19:15;13;6;24h 45m;2;12488;765;10
Air India;9;5;2019;12:55;19:15;10;5;30h 20m;2;11596;766;11
Jet Airways;3;6;2019;11:40;19:00;3;6;7h 20m;2;18804;767;11
Air India;9;4;2019;12:55;19:15;10;4;30h 20m;2;9968;768;11
Jet Airways;6;5;2019;11:40;19:00;6;5;7h 20m;2;21219;769;11
Jet Airways;9;6;2019;11:40;19:00;9;6;7h 20m;2;18804;770;11
Jet Airways;6;6;2019;11:40;19:00;6;6;7h 20m;2;18804;771;11
Jet Airways;24;6;2019;11:40;19:00;24;6;7h 20m;2;15812;772;11
Jet Airways;15;6;2019;11:40;19:00;15;6;7h 20m;2;15812;773;11
Air India;12;6;2019;12:55;19:15;13;6;30h 20m;2;12436;774;11
Jet Airways;24;5;2019;11:40;19:00;24;5;7h 20m;2;21219;775;11
Jet Airways;1;6;2019;11:40;19:00;1;6;7h 20m;2;18804;776;11
Jet Airways;6;6;2019;11:40;19:00;6;6;7h 20m;2;15812;777;11
Air India;27;6;2019;12:55;19:15;28;6;30h 20m;2;12646;778;11
Jet Airways;12;6;2019;11:40;19:00;12;6;7h 20m;2;15812;779;11
Air India;15;5;2019;12:55;19:15;16;5;30h 20m;2;13486;780;11
Air India;3;3;2019;12:55;19:15;4;3;30h 20m;2;21571;781;11
Jet Airways;27;5;2019;11:40;19:00;27;5;7h 20m;2;19644;782;11
Jet Airways;27;6;2019;11:40;19:00;27;6;7h 20m;2;18804;783;11
Jet Airways;9;4;2019;11:40;19:00;9;4;7h 20m;2;15439;784;11
Air India;21;3;2019;12:55;19:15;22;3;30h 20m;2;11228;785;11
Jet Airways;3;6;2019;11:40;19:00;3;6;7h 20m;2;15812;786;11
Jet Airways;1;6;2019;11:40;19:00;1;6;7h 20m;2;15812;787;11
Air India;3;6;2019;12:55;19:15;4;6;30h 20m;2;12436;788;11
Air India;9;6;2019;12:55;19:15;10;6;30h 20m;2;12436;789;11
Jet Airways;18;5;2019;11:40;19:00;18;5;7h 20m;2;19644;790;11
Jet Airways;9;6;2019;11:40;19:00;9;6;7h 20m;2;15812;791;11
Jet Airways;9;3;2019;13:55;04:25;10;3;14h 30m;2;17229;792;11
Air India;18;5;2019;12:55;19:15;19;5;30h 20m;2;13696;793;11
Air India;27;5;2019;12:55;19:15;28;5;30h 20m;2;12436;794;11
Jet Airways;12;6;2019;11:40;19:00;12;6;7h 20m;2;18804;795;11
Jet Airways;24;6;2019;11:40;19:00;24;6;7h 20m;2;18804;796;11
Air India;24;6;2019;12:55;19:15;25;6;30h 20m;2;12436;797;11
Jet Airways;15;6;2019;11:40;19:00;15;6;7h 20m;2;18804;798;11
Air India;15;6;2019;12:55;19:15;16;6;30h 20m;2;12646;799;11
Air India;6;6;2019;12:55;19:15;7;6;30h 20m;2;12646;800;11
Jet Airways;9;5;2019;11:40;19:00;9;5;7h 20m;2;19644;801;11
Jet Airways;9;5;2019;11:40;19:00;9;5;7h 20m;2;21219;802;11
Jet Airways;6;6;2019;09:40;04:25;7;6;18h 45m;2;13014;803;12
Jet Airways;18;5;2019;19:30;04:25;19;5;8h 55m;2;13029;804;12
Jet Airways;9;6;2019;05:30;04:25;10;6;22h 55m;2;13014;805;12
Jet Airways;3;6;2019;05:30;19:00;3;6;13h 30m;2;13014;806;12
Jet Airways;6;6;2019;05:30;04:25;7;6;22h 55m;2;10368;807;12
Air India;6;6;2019;18:45;19:15;7;6;24h 30m;2;13465;808;12
Jet Airways;9;5;2019;19:30;12:35;10;5;17h 5m;2;15129;809;12
Jet Airways;18;5;2019;19:30;12:35;19;5;17h 5m;2;13014;810;12
Jet Airways;1;6;2019;05:30;04:25;2;6;22h 55m;2;10368;811;12
Jet Airways;1;6;2019;09:40;12:35;2;6;26h 55m;2;10368;812;12
Jet Airways;21;5;2019;19:30;04:25;22;5;8h 55m;2;13029;813;12
Jet Airways;12;6;2019;09:40;12:35;13;6;26h 55m;2;10368;814;12
Jet Airways;3;6;2019;05:30;19:00;3;6;13h 30m;2;10368;815;12
Jet Airways;9;5;2019;19:30;12:35;10;5;17h 5m;2;13029;816;12
Jet Airways;9;6;2019;19:30;04:25;10;6;8h 55m;2;10368;817;12
Jet Airways;15;6;2019;09:40;04:25;16;6;18h 45m;2;13014;818;12
Jet Airways;15;6;2019;05:30;04:25;16;6;22h 55m;2;10368;819;12
Jet Airways;27;5;2019;09:40;12:35;28;5;26h 55m;2;15129;820;12
Jet Airways;18;5;2019;05:30;04:25;19;5;22h 55m;2;13029;821;12
Jet Airways;12;6;2019;19:30;12:35;13;6;17h 5m;2;13014;822;12
Jet Airways;15;6;2019;19:30;12:35;16;6;17h 5m;2;13014;823;12
Jet Airways;9;5;2019;09:40;12:35;10;5;26h 55m;2;15129;824;12
Jet Airways;1;6;2019;05:30;04:25;2;6;22h 55m;2;13014;825;12
Jet Airways;21;5;2019;19:30;04:25;22;5;8h 55m;2;15129;826;12
Jet Airways;9;5;2019;09:40;19:00;9;5;9h 20m;2;15129;827;12
Jet Airways;9;5;2019;09:40;04:25;10;5;18h 45m;2;13029;828;12
Jet Airways;6;6;2019;05:30;04:25;7;6;22h 55m;2;10368;829;12
Jet Airways;15;6;2019;09:40;19:00;15;6;9h 20m;2;10368;830;12
Jet Airways;21;3;2019;09:40;18:50;21;3;9h 10m;2;11702;831;12
Jet Airways;9;6;2019;05:30;04:25;10;6;22h 55m;2;10368;832;12
Jet Airways;18;5;2019;19:30;04:25;19;5;8h 55m;2;15129;833;12
Jet Airways;9;6;2019;19:30;12:35;10;6;17h 5m;2;10368;834;12
Air India;6;3;2019;12:00;07:40;7;3;19h 40m;2;14746;835;12
Jet Airways;27;6;2019;09:40;12:35;28;6;26h 55m;2;13014;836;12
Jet Airways;1;6;2019;09:40;12:35;2;6;26h 55m;2;10368;837;12
Jet Airways;27;5;2019;09:40;12:35;28;5;26h 55m;2;13029;838;12
Air India;6;6;2019;12:00;07:40;7;6;19h 40m;2;8603;839;12
Air India;6;6;2019;12:00;19:15;6;6;7h 15m;2;8603;840;12
Jet Airways;27;5;2019;09:40;04:25;28;5;18h 45m;2;15129;841;12
Jet Airways;9;6;2019;05:30;04:25;10;6;22h 55m;2;10368;842;12
Jet Airways;6;6;2019;05:30;19:00;6;6;13h 30m;2;10368;843;12
Jet Airways;27;6;2019;05:30;19:00;27;6;13h 30m;2;10368;844;12
Jet Airways;9;6;2019;09:40;04:25;10;6;18h 45m;2;13014;845;12
Air India;27;6;2019;12:00;19:15;27;6;7h 15m;2;8603;846;12
Jet Airways;27;5;2019;05:30;04:25;28;5;22h 55m;2;15129;847;12
Jet Airways;9;5;2019;09:40;12:35;10;5;26h 55m;2;13029;848;12
Air India;24;6;2019;12:00;07:40;25;6;19h 40m;2;9548;849;12
Jet Airways;9;4;2019;05:30;04:25;10;4;22h 55m;2;10909;850;12
Air India;21;5;2019;12:00;07:40;22;5;19h 40m;2;9653;851;12
Jet Airways;9;5;2019;05:30;04:25;10;5;22h 55m;2;13029;852;12
Jet Airways;27;5;2019;19:30;04:25;28;5;8h 55m;2;13029;853;12
Jet Airways;21;5;2019;09:40;12:35;22;5;26h 55m;2;13029;854;12
Jet Airways;18;5;2019;09:40;12:35;19;5;26h 55m;2;15129;855;12
Jet Airways;6;3;2019;05:30;19:45;7;3;38h 15m;2;15864;856;12
Jet Airways;12;6;2019;05:30;04:25;13;6;22h 55m;2;13014;857;12
Jet Airways;9;6;2019;05:30;04:25;10;6;22h 55m;2;13014;858;12
Jet Airways;9;4;2019;05:30;19:00;9;4;13h 30m;2;10909;859;12
Jet Airways;18;5;2019;05:30;19:00;18;5;13h 30m;2;13029;860;12
Jet Airways;6;6;2019;05:30;04:25;7;6;22h 55m;2;10368;861;12
Jet Airways;9;6;2019;19:30;12:35;10;6;17h 5m;2;13014;862;12
Jet Airways;9;5;2019;09:40;12:35;10;5;26h 55m;2;15129;863;12
Jet Airways;9;5;2019;09:40;04:25;10;5;18h 45m;2;15129;864;12
Jet Airways;18;5;2019;05:30;04:25;19;5;22h 55m;2;13029;865;12
Jet Airways;12;6;2019;09:40;04:25;13;6;18h 45m;2;13014;866;12
Air India;18;5;2019;12:00;07:40;19;5;19h 40m;2;8603;867;12
Jet Airways;21;3;2019;05:30;04:25;22;3;22h 55m;2;12647;868;12
Jet Airways;15;6;2019;05:30;04:25;16;6;22h 55m;2;13014;869;12
Jet Airways;9;5;2019;05:30;04:25;10;5;22h 55m;2;13029;870;12
Jet Airways;6;5;2019;09:40;12:35;7;5;26h 55m;2;15129;871;12
Jet Airways;12;6;2019;05:30;19:00;12;6;13h 30m;2;10368;872;12
Jet Airways;24;6;2019;05:30;04:25;25;6;22h 55m;2;13014;873;12
Jet Airways;9;6;2019;09:40;12:35;10;6;26h 55m;2;10368;874;12
Jet Airways;3;6;2019;05:30;19:00;3;6;13h 30m;2;13014;875;12
Jet Airways;1;6;2019;05:30;19:00;1;6;13h 30m;2;13014;876;12
Jet Airways;15;6;2019;09:40;12:35;16;6;26h 55m;2;10368;877;12
Air India;12;6;2019;12:00;19:15;12;6;7h 15m;2;8603;878;12
Air India;27;5;2019;12:00;19:15;27;5;7h 15m;2;9653;879;12
Jet Airways;12;6;2019;09:40;12:35;13;6;26h 55m;2;10368;880;12
Jet Airways;27;5;2019;09:40;04:25;28;5;18h 45m;2;13029;881;12
Jet Airways;24;6;2019;05:30;04:25;25;6;22h 55m;2;10368;882;12
Jet Airways;3;6;2019;19:30;04:25;4;6;8h 55m;2;13014;883;12
Air India;9;5;2019;18:45;19:15;10;5;24h 30m;2;11942;884;12
Jet Airways;21;3;2019;05:30;18:50;21;3;13h 20m;2;11702;885;12
Jet Airways;1;6;2019;19:30;04:25;2;6;8h 55m;2;10368;886;12
Jet Airways;9;5;2019;09:40;12:35;10;5;26h 55m;2;13029;887;12
Air India;12;6;2019;18:45;19:15;13;6;24h 30m;2;11732;888;12
Jet Airways;21;5;2019;09:40;19:00;21;5;9h 20m;2;13029;889;12
Air India;6;3;2019;12:00;19:15;6;3;7h 15m;2;11858;890;12
Jet Airways;27;5;2019;09:40;04:25;28;5;18h 45m;2;13029;891;12
Jet Airways;27;6;2019;09:40;19:00;27;6;9h 20m;2;13014;892;12
Jet Airways;21;5;2019;05:30;04:25;22;5;22h 55m;2;15129;893;12
Jet Airways;9;5;2019;05:30;19:00;9;5;13h 30m;2;15129;894;12
Air India;27;6;2019;18:45;19:15;28;6;24h 30m;2;11942;895;12
Jet Airways;12;6;2019;19:30;12:35;13;6;17h 5m;2;10368;896;12
Air India;18;5;2019;18:45;19:15;19;5;24h 30m;2;12940;897;12
Jet Airways;21;5;2019;05:30;04:25;22;5;22h 55m;2;15129;898;12
Jet Airways;21;5;2019;09:40;04:25;22;5;18h 45m;2;15129;899;12
Air India;15;5;2019;18:45;19:15;16;5;24h 30m;2;13307;900;12
Jet Airways;24;6;2019;19:30;12:35;25;6;17h 5m;2;13014;901;12
Jet Airways;15;6;2019;09:40;04:25;16;6;18h 45m;2;10368;902;12
Air India;21;3;2019;12:00;07:40;22;3;19h 40m;2;9706;903;12
Jet Airways;27;5;2019;05:30;19:00;27;5;13h 30m;2;13029;904;12
Air India;15;5;2019;12:00;07:40;16;5;19h 40m;2;10651;905;12
Jet Airways;9;5;2019;05:30;04:25;10;5;22h 55m;2;15129;906;12
Air India;1;6;2019;12:00;07:40;2;6;19h 40m;2;10966;907;12
Jet Airways;12;6;2019;05:30;19:00;12;6;13h 30m;2;13014;908;12
Jet Airways;9;5;2019;05:30;04:25;10;5;22h 55m;2;13029;909;12
Jet Airways;18;5;2019;09:40;04:25;19;5;18h 45m;2;13029;910;12
Jet Airways;27;6;2019;09:40;19:00;27;6;9h 20m;2;10368;911;12
Jet Airways;21;5;2019;05:30;19:00;21;5;13h 30m;2;13029;912;12
Jet Airways;9;6;2019;09:40;19:00;9;6;9h 20m;2;10368;913;12
Jet Airways;15;6;2019;05:30;19:00;15;6;13h 30m;2;10368;914;12
Jet Airways;24;6;2019;05:30;04:25;25;6;22h 55m;2;13014;915;12
Jet Airways;9;6;2019;09:40;12:35;10;6;26h 55m;2;13014;916;12
Jet Airways;21;3;2019;05:30;18:50;22;3;37h 20m;2;9328;917;12
Jet Airways;18;5;2019;05:30;19:00;18;5;13h 30m;2;15129;918;12
Jet Airways;24;6;2019;09:40;12:35;25;6;26h 55m;2;13014;919;12
Jet Airways;24;6;2019;05:30;04:25;25;6;22h 55m;2;13014;920;12
Jet Airways;24;6;2019;19:30;04:25;25;6;8h 55m;2;13014;921;12
Jet Airways;24;6;2019;09:40;12:35;25;6;26h 55m;2;10368;922;12
Jet Airways;24;5;2019;05:30;04:25;25;5;22h 55m;2;15129;923;12
Jet Airways;27;5;2019;05:30;19:00;27;5;13h 30m;2;15129;924;12
Jet Airways;27;6;2019;09:40;12:35;28;6;26h 55m;2;11118;925;12
Jet Airways;6;6;2019;09:40;12:35;7;6;26h 55m;2;11733;926;12
Jet Airways;27;5;2019;19:30;12:35;28;5;17h 5m;2;15129;927;12
Jet Airways;9;4;2019;09:40;04:25;10;4;18h 45m;2;10909;928;12
Jet Airways;24;6;2019;05:30;19:00;24;6;13h 30m;2;13014;929;12
Jet Airways;27;5;2019;09:40;12:35;28;5;26h 55m;2;15129;930;12
Jet Airways;1;6;2019;19:30;12:35;2;6;17h 5m;2;10368;931;12
Jet Airways;12;6;2019;19:30;04:25;13;6;8h 55m;2;10368;932;12
Jet Airways;9;6;2019;19:30;04:25;10;6;8h 55m;2;13014;933;12
Jet Airways;9;5;2019;09:40;04:25;10;5;18h 45m;2;15129;934;12
Jet Airways;9;6;2019;09:40;04:25;10;6;18h 45m;2;10368;935;12
Air India;9;5;2019;12:00;19:15;9;5;7h 15m;2;8918;936;12
Jet Airways;9;5;2019;05:30;19:00;9;5;13h 30m;2;13029;937;12
Jet Airways;21;5;2019;19:30;12:35;22;5;17h 5m;2;13029;938;12
Jet Airways;27;5;2019;19:30;12:35;28;5;17h 5m;2;13029;939;12
Jet Airways;3;6;2019;09:40;19:00;3;6;9h 20m;2;13014;940;12
Air India;9;6;2019;18:45;19:15;10;6;24h 30m;2;12257;941;12
Jet Airways;9;5;2019;09:40;04:25;10;5;18h 45m;2;13029;942;12
Jet Airways;6;6;2019;05:30;19:00;6;6;13h 30m;2;13014;943;12
Jet Airways;1;6;2019;19:30;04:25;2;6;8h 55m;2;13014;944;12
Jet Airways;24;6;2019;05:30;19:00;24;6;13h 30m;2;10368;945;12
Jet Airways;27;5;2019;19:30;04:25;28;5;8h 55m;2;15129;946;12
Air India;24;6;2019;18:45;19:15;25;6;24h 30m;2;11732;947;12
Jet Airways;21;3;2019;05:30;18:50;22;3;37h 20m;2;12341;948;12
Jet Airways;15;6;2019;05:30;04:25;16;6;22h 55m;2;13014;949;12
Jet Airways;15;6;2019;05:30;04:25;16;6;22h 55m;2;10368;950;12
Jet Airways;21;5;2019;09:40;04:25;22;5;18h 45m;2;13029;951;12
Jet Airways;3;6;2019;09:40;12:35;4;6;26h 55m;2;10368;952;12
Jet Airways;1;5;2019;09:40;12:35;2;5;26h 55m;2;15129;953;12
Jet Airways;1;6;2019;05:30;19:00;1;6;13h 30m;2;10368;954;12
Jet Airways;18;5;2019;05:30;04:25;19;5;22h 55m;2;15129;955;12
Jet Airways;24;6;2019;09:40;12:35;25;6;26h 55m;2;10368;956;12
Jet Airways;9;5;2019;19:30;04:25;10;5;8h 55m;2;15129;957;12
Jet Airways;18;5;2019;05:30;19:00;18;5;13h 30m;2;15129;958;12
Jet Airways;9;6;2019;05:30;19:00;9;6;13h 30m;2;13014;959;12
Air India;27;3;2019;12:00;19:15;27;3;7h 15m;2;10493;960;12
Jet Airways;27;6;2019;05:30;19:00;27;6;13h 30m;2;13014;961;12
Jet Airways;24;6;2019;09:40;04:25;25;6;18h 45m;2;10368;962;12
Air India;21;5;2019;18:45;19:15;22;5;24h 30m;2;12257;963;12
Jet Airways;24;6;2019;05:30;04:25;25;6;22h 55m;2;10368;964;12
Jet Airways;9;5;2019;09:40;19:00;9;5;9h 20m;2;13029;965;12
Jet Airways;1;6;2019;19:30;12:35;2;6;17h 5m;2;13014;966;12
Jet Airways;15;6;2019;05:30;19:00;15;6;13h 30m;2;10368;967;12
Jet Airways;15;6;2019;09:40;12:35;16;6;26h 55m;2;10368;968;12
Jet Airways;15;6;2019;09:40;04:25;16;6;18h 45m;2;10368;969;12
Air India;9;5;2019;12:00;07:40;10;5;19h 40m;2;9968;970;12
Jet Airways;6;6;2019;09:40;04:25;7;6;18h 45m;2;10368;971;12
Jet Airways;18;5;2019;09:40;04:25;19;5;18h 45m;2;15129;972;12
Jet Airways;6;5;2019;05:30;04:25;7;5;22h 55m;2;15129;973;12
Jet Airways;15;6;2019;09:40;12:35;16;6;26h 55m;2;13014;974;12
Jet Airways;1;6;2019;05:30;04:25;2;6;22h 55m;2;13014;975;12
Jet Airways;21;5;2019;05:30;19:00;21;5;13h 30m;2;15129;976;12
Air India;24;6;2019;12:00;19:15;24;6;7h 15m;2;9548;977;12
Jet Airways;3;6;2019;19:30;04:25;4;6;8h 55m;2;10368;978;12
Jet Airways;1;5;2019;05:30;04:25;2;5;22h 55m;2;15129;979;12
Jet Airways;27;5;2019;05:30;04:25;28;5;22h 55m;2;15129;980;12
Jet Airways;18;5;2019;09:40;12:35;19;5;26h 55m;2;13029;981;12
Jet Airways;21;3;2019;09:40;04:25;23;3;42h 45m;2;12819;982;12
Jet Airways;9;6;2019;09:40;12:35;10;6;26h 55m;2;13014;983;12
Jet Airways;24;6;2019;19:30;12:35;25;6;17h 5m;2;10368;984;12
Jet Airways;27;5;2019;05:30;19:00;27;5;13h 30m;2;15129;985;12
Jet Airways;3;6;2019;19:30;12:35;4;6;17h 5m;2;10368;986;12
Jet Airways;15;6;2019;09:40;19:00;15;6;9h 20m;2;13014;987;12
Jet Airways;27;6;2019;05:30;19:00;27;6;13h 30m;2;13014;988;12
Jet Airways;6;6;2019;05:30;04:25;7;6;22h 55m;2;13014;989;12
Jet Airways;1;6;2019;09:40;19:00;1;6;9h 20m;2;10368;990;12
Jet Airways;1;6;2019;09:40;04:25;2;6;18h 45m;2;10368;991;12
Air India;12;6;2019;12:00;07:40;13;6;19h 40m;2;8603;992;12
Jet Airways;12;6;2019;09:40;19:00;12;6;9h 20m;2;10368;993;12
Air India;15;5;2019;12:00;19:15;15;5;7h 15m;2;9601;994;12
Jet Airways;18;5;2019;09:40;12:35;19;5;26h 55m;2;15129;995;12
Jet Airways;9;6;2019;09:40;04:25;10;6;18h 45m;2;10368;996;12
Jet Airways;12;6;2019;09:40;04:25;13;6;18h 45m;2;10368;997;12
Jet Airways;15;6;2019;05:30;04:25;16;6;22h 55m;2;13014;998;12
Jet Airways;6;6;2019;09:40;19:00;6;6;9h 20m;2;10368;999;12
Air India;27;6;2019;12:00;07:40;28;6;19h 40m;2;9653;1000;12
Jet Airways;1;6;2019;05:30;04:25;2;6;22h 55m;2;10368;1001;12
Jet Airways;1;6;2019;09:40;12:35;2;6;26h 55m;2;13014;1002;12
Jet Airways;9;6;2019;09:40;12:35;10;6;26h 55m;2;10368;1003;12
Jet Airways;12;6;2019;05:30;19:00;12;6;13h 30m;2;13014;1004;12
Jet Airways;15;6;2019;19:30;12:35;16;6;17h 5m;2;10368;1005;12
Jet Airways;3;6;2019;05:30;19:00;3;6;13h 30m;2;10368;1006;12
Jet Airways;12;6;2019;09:40;19:00;12;6;9h 20m;2;13014;1007;12
Jet Airways;18;5;2019;05:30;04:25;19;5;22h 55m;2;13029;1008;12
Jet Airways;21;5;2019;09:40;04:25;22;5;18h 45m;2;13029;1009;12
Jet Airways;27;5;2019;09:40;04:25;28;5;18h 45m;2;15129;1010;12
Jet Airways;18;5;2019;09:40;19:00;18;5;9h 20m;2;15129;1011;12
Jet Airways;12;6;2019;05:30;04:25;13;6;22h 55m;2;10368;1012;12
Jet Airways;24;6;2019;09:40;04:25;25;6;18h 45m;2;10368;1013;12
Jet Airways;27;6;2019;19:30;12:35;28;6;17h 5m;2;13764;1014;12
Jet Airways;12;6;2019;09:40;12:35;13;6;26h 55m;2;13014;1015;12
Jet Airways;18;5;2019;09:40;19:00;18;5;9h 20m;2;13029;1016;12
Jet Airways;1;6;2019;05:30;04:25;2;6;22h 55m;2;13014;1017;12
Jet Airways;6;6;2019;19:30;04:25;7;6;8h 55m;2;13014;1018;12
Jet Airways;1;6;2019;09:40;04:25;2;6;18h 45m;2;13014;1019;12
Air India;3;6;2019;12:00;19:15;3;6;7h 15m;2;8603;1020;12
Jet Airways;12;6;2019;09:40;04:25;13;6;18h 45m;2;10368;1021;12
Jet Airways;9;5;2019;19:30;04:25;10;5;8h 55m;2;13029;1022;12
Jet Airways;3;6;2019;09:40;12:35;4;6;26h 55m;2;13014;1023;12
Air India;1;6;2019;12:00;19:15;1;6;7h 15m;2;10336;1024;12
Air India;3;6;2019;12:00;07:40;4;6;19h 40m;2;8603;1025;12
Jet Airways;18;5;2019;05:30;04:25;19;5;22h 55m;2;15129;1026;12
Jet Airways;24;6;2019;05:30;19:00;24;6;13h 30m;2;13014;1027;12
Jet Airways;12;6;2019;19:30;04:25;13;6;8h 55m;2;13014;1028;12
Jet Airways;18;5;2019;05:30;04:25;19;5;22h 55m;2;15129;1029;12
Jet Airways;3;6;2019;09:40;12:35;4;6;26h 55m;2;10368;1030;12
Jet Airways;18;5;2019;05:30;19:00;18;5;13h 30m;2;13029;1031;12
Jet Airways;9;6;2019;09:40;19:00;9;6;9h 20m;2;13014;1032;12
Jet Airways;6;6;2019;09:40;04:25;7;6;18h 45m;2;13014;1033;12
Jet Airways;24;6;2019;09:40;12:35;25;6;26h 55m;2;13014;1034;12
Jet Airways;18;5;2019;19:30;12:35;19;5;17h 5m;2;10368;1035;12
Jet Airways;6;6;2019;09:40;04:25;7;6;18h 45m;2;10368;1036;12
Air India;1;6;2019;18:45;19:15;2;6;24h 30m;2;12940;1037;12
Jet Airways;12;6;2019;05:30;19:00;12;6;13h 30m;2;10368;1038;12
Jet Airways;6;6;2019;05:30;19:00;6;6;13h 30m;2;10368;1039;12
Jet Airways;1;6;2019;09:40;12:35;2;6;26h 55m;2;13014;1040;12
Jet Airways;6;6;2019;09:40;12:35;7;6;26h 55m;2;11733;1041;12
Jet Airways;6;6;2019;19:30;12:35;7;6;17h 5m;2;11733;1042;12
Multiple carriers;6;6;2019;17:50;01:30;7;6;7h 40m;2;18275;1043;13
Multiple carriers;15;6;2019;17:50;01:30;16;6;7h 40m;2;18485;1044;13
Multiple carriers;24;6;2019;17:50;01:30;25;6;7h 40m;2;18275;1045;13
Multiple carriers;9;3;2019;17:50;01:35;10;3;7h 45m;2;23583;1046;13
Multiple carriers;12;6;2019;17:50;01:30;13;6;7h 40m;2;18275;1047;13
Multiple carriers;27;6;2019;17:50;01:30;28;6;7h 40m;2;18275;1048;13
Multiple carriers;9;6;2019;17:50;01:30;10;6;7h 40m;2;18485;1049;13
Multiple carriers;3;6;2019;17:50;01:30;4;6;7h 40m;2;18275;1050;13
Multiple carriers;1;6;2019;17:50;01:30;2;6;7h 40m;2;18485;1051;13
Multiple carriers;18;5;2019;17:50;01:30;19;5;7h 40m;2;19360;1052;13
Multiple carriers;27;5;2019;17:50;01:30;28;5;7h 40m;2;18275;1053;13
Multiple carriers;3;3;2019;17:50;01:35;4;3;7h 45m;2;24528;1054;13
Jet Airways;27;3;2019;06:20;19:45;28;3;37h 25m;2;9296;1055;14
Jet Airways;9;3;2019;13:45;04:25;10;3;14h 40m;2;15129;1056;14
Jet Airways;27;3;2019;06:20;18:50;27;3;12h 30m;2;11538;1057;14
Jet Airways;21;3;2019;06:20;04:25;22;3;22h 5m;2;12273;1058;14
Jet Airways;27;3;2019;06:20;04:25;28;3;22h 5m;2;9296;1059;14
Jet Airways;21;3;2019;06:20;04:25;22;3;22h 5m;2;11538;1060;14
Jet Airways;27;3;2019;06:20;04:25;28;3;22h 5m;2;9296;1061;14
Jet Airways;9;3;2019;13:45;04:25;10;3;14h 40m;2;17019;1062;14
Jet Airways;21;3;2019;06:20;04:25;22;3;22h 5m;2;8273;1063;14
Jet Airways;27;3;2019;06:20;04:25;28;3;22h 5m;2;12273;1064;14
Jet Airways;27;3;2019;06:20;19:45;28;3;37h 25m;2;12273;1065;14
Jet Airways;27;3;2019;06:20;04:25;28;3;22h 5m;2;12273;1066;14
Jet Airways;9;3;2019;13:45;18:50;10;3;29h 5m;2;18752;1067;14
Jet Airways;9;6;2019;21:25;12:35;10;6;15h 10m;2;13292;1068;15
Jet Airways;3;3;2019;05:25;18:50;4;3;37h 25m;2;18799;1069;15
Multiple carriers;24;6;2019;15:05;01:30;25;6;10h 25m;2;15965;1070;15
Jet Airways;12;6;2019;21:25;12:35;13;6;15h 10m;2;11507;1071;15
Jet Airways;1;6;2019;21:25;19:00;2;6;21h 35m;2;13292;1072;15
Jet Airways;3;6;2019;09:35;12:35;4;6;27h;2;13292;1073;15
Jet Airways;15;6;2019;05:30;19:00;15;6;13h 30m;2;13292;1074;15
Jet Airways;1;6;2019;21:25;12:35;2;6;15h 10m;2;13292;1075;15
Jet Airways;27;6;2019;09:35;12:35;28;6;27h;2;13292;1076;15
Jet Airways;3;6;2019;21:25;12:35;4;6;15h 10m;2;11507;1077;15
Multiple carriers;15;6;2019;15:05;01:30;16;6;10h 25m;2;15965;1078;15
Jet Airways;3;3;2019;05:25;04:25;5;3;47h;2;20064;1079;15
Jet Airways;6;3;2019;05:25;19:45;7;3;38h 20m;2;16389;1080;15
Jet Airways;9;6;2019;05:30;04:25;10;6;22h 55m;2;13292;1081;15
Jet Airways;21;5;2019;09:35;12:35;22;5;27h;2;12719;1082;15
Jet Airways;15;6;2019;21:25;12:35;16;6;15h 10m;2;9905;1083;15
Jet Airways;9;6;2019;09:35;12:35;10;6;27h;2;13292;1084;15
Jet Airways;24;6;2019;05:30;19:00;24;6;13h 30m;2;13292;1085;15
Jet Airways;6;3;2019;05:25;04:25;7;3;23h;2;16914;1086;15
Jet Airways;12;6;2019;09:35;12:35;13;6;27h;2;13292;1087;15
Multiple carriers;18;5;2019;15:05;01:30;19;5;10h 25m;2;16840;1088;15
Jet Airways;27;3;2019;05:25;04:25;28;3;23h;2;11664;1089;15
Multiple carriers;12;6;2019;15:05;01:30;13;6;10h 25m;2;15965;1090;15
Jet Airways;15;6;2019;09:35;04:25;16;6;18h 50m;2;11507;1091;15
Jet Airways;15;6;2019;21:25;19:00;16;6;21h 35m;2;10588;1092;15
Jet Airways;3;6;2019;09:35;12:35;4;6;27h;2;13292;1093;15
Jet Airways;6;3;2019;05:25;19:45;7;3;38h 20m;2;16914;1094;15
Jet Airways;24;6;2019;05:30;04:25;25;6;22h 55m;2;13292;1095;15
Jet Airways;12;6;2019;05:30;04:25;13;6;22h 55m;2;13292;1096;15
Jet Airways;27;3;2019;05:25;04:25;28;3;23h;2;11664;1097;15
Jet Airways;15;6;2019;05:30;04:25;16;6;22h 55m;2;13292;1098;15
Multiple carriers;1;6;2019;15:05;01:30;2;6;10h 25m;2;18275;1099;15
Jet Airways;1;6;2019;09:35;12:35;2;6;27h;2;13292;1100;15
Jet Airways;9;5;2019;09:35;12:35;10;5;27h;2;14657;1101;15
Jet Airways;3;6;2019;21:25;19:00;4;6;21h 35m;2;13292;1102;15
Jet Airways;27;3;2019;05:25;18:50;27;3;13h 25m;2;9254;1103;15
Jet Airways;6;6;2019;21:25;12:35;7;6;15h 10m;2;11270;1104;15
Jet Airways;27;6;2019;21:25;19:00;28;6;21h 35m;2;13292;1105;15
Jet Airways;27;6;2019;05:30;19:00;27;6;13h 30m;2;13292;1106;15
Jet Airways;27;6;2019;21:25;19:00;28;6;21h 35m;2;11507;1107;15
Jet Airways;15;6;2019;05:30;19:00;15;6;13h 30m;2;11507;1108;15
Jet Airways;15;6;2019;09:35;04:25;16;6;18h 50m;2;13292;1109;15
Jet Airways;3;6;2019;21:25;19:00;4;6;21h 35m;2;11507;1110;15
Multiple carriers;6;6;2019;15:05;01:30;7;6;10h 25m;2;15965;1111;15
Jet Airways;9;4;2019;05:30;19:00;9;4;13h 30m;2;11664;1112;15
Jet Airways;24;6;2019;09:35;04:25;25;6;18h 50m;2;13292;1113;15
Jet Airways;9;5;2019;21:25;12:35;10;5;15h 10m;2;11507;1114;15
Jet Airways;27;3;2019;05:25;04:25;28;3;23h;2;9254;1115;15
Jet Airways;21;3;2019;10:20;04:25;23;3;42h 5m;2;11664;1116;15
Jet Airways;3;6;2019;05:30;19:00;3;6;13h 30m;2;11507;1117;15
Jet Airways;3;6;2019;21:25;12:35;4;6;15h 10m;2;13292;1118;15
Multiple carriers;21;5;2019;15:05;01:30;22;5;10h 25m;2;16655;1119;15
Jet Airways;6;6;2019;21:25;19:00;7;6;21h 35m;2;10588;1120;15
Jet Airways;6;6;2019;05:30;19:00;6;6;13h 30m;2;13292;1121;15
Jet Airways;15;6;2019;05:30;04:25;16;6;22h 55m;2;13292;1122;15
Jet Airways;21;3;2019;10:20;18:50;22;3;32h 30m;2;11664;1123;15
Jet Airways;9;6;2019;09:35;04:25;10;6;18h 50m;2;13292;1124;15
Jet Airways;24;6;2019;21:25;19:00;25;6;21h 35m;2;13292;1125;15
Jet Airways;27;6;2019;21:25;12:35;28;6;15h 10m;2;11507;1126;15
Jet Airways;27;3;2019;05:25;19:45;28;3;38h 20m;2;11664;1127;15
Jet Airways;27;5;2019;09:35;12:35;28;5;27h;2;12872;1128;15
Jet Airways;21;5;2019;09:35;12:35;22;5;27h;2;13559;1129;15
Jet Airways;6;6;2019;21:25;19:00;7;6;21h 35m;2;13292;1130;15
Jet Airways;24;6;2019;09:35;12:35;25;6;27h;2;12609;1131;15
Jet Airways;27;5;2019;09:35;12:35;28;5;27h;2;14657;1132;15
Multiple carriers;3;3;2019;15:05;01:35;4;3;10h 30m;2;34503;1133;15
Jet Airways;27;3;2019;05:25;04:25;28;3;23h;2;9254;1134;15
Jet Airways;15;6;2019;09:35;12:35;16;6;27h;2;10824;1135;15
Jet Airways;21;3;2019;10:20;18:50;22;3;32h 30m;2;9254;1136;15
Jet Airways;1;6;2019;09:35;04:25;2;6;18h 50m;2;13292;1137;15
Jet Airways;27;6;2019;05:30;19:00;27;6;13h 30m;2;11507;1138;15
Jet Airways;15;6;2019;09:35;12:35;16;6;27h;2;13292;1139;15
Jet Airways;6;3;2019;05:25;19:45;7;3;38h 20m;2;16914;1140;15
Jet Airways;9;6;2019;21:25;19:00;10;6;21h 35m;2;13292;1141;15
Jet Airways;27;3;2019;05:25;19:45;28;3;38h 20m;2;9254;1142;15
Jet Airways;9;3;2019;05:25;04:25;10;3;23h;2;16914;1143;15
Multiple carriers;9;3;2019;15:05;01:35;10;3;10h 30m;2;34608;1144;15
Jet Airways;12;6;2019;05:30;19:00;12;6;13h 30m;2;13292;1145;15
Jet Airways;3;6;2019;09:35;12:35;4;6;27h;2;11507;1146;15
Multiple carriers;6;3;2019;15:05;01:35;7;3;10h 30m;2;21483;1147;15
Jet Airways;3;6;2019;05:30;19:00;3;6;13h 30m;2;13292;1148;15
Jet Airways;15;6;2019;09:35;12:35;16;6;27h;2;12609;1149;15
Jet Airways;9;6;2019;05:30;04:25;10;6;22h 55m;2;13292;1150;15
Jet Airways;3;3;2019;05:25;18:50;4;3;37h 25m;2;20064;1151;15
Multiple carriers;15;5;2019;15:05;01:30;16;5;10h 25m;2;16840;1152;15
Jet Airways;21;3;2019;05:25;18:50;22;3;37h 25m;2;12814;1153;15
Jet Airways;24;6;2019;21:25;12:35;25;6;15h 10m;2;10199;1154;15
Jet Airways;6;3;2019;05:25;04:25;7;3;23h;2;16389;1155;15
Jet Airways;12;6;2019;09:35;04:25;13;6;18h 50m;2;13292;1156;15
Jet Airways;24;6;2019;05:30;04:25;25;6;22h 55m;2;13292;1157;15
Jet Airways;3;6;2019;09:35;12:35;4;6;27h;2;11507;1158;15
Multiple carriers;27;6;2019;15:05;01:30;28;6;10h 25m;2;15965;1159;15
Jet Airways;12;6;2019;05:30;19:00;12;6;13h 30m;2;11507;1160;15
Jet Airways;3;3;2019;05:25;18:50;3;3;13h 25m;2;18799;1161;15
Jet Airways;3;3;2019;05:25;04:25;4;3;23h;2;18799;1162;15
Multiple carriers;9;5;2019;15:05;01:30;10;5;10h 25m;2;18191;1163;15
Jet Airways;24;6;2019;21:25;12:35;25;6;15h 10m;2;12609;1164;15
Jet Airways;12;6;2019;05:30;04:25;13;6;22h 55m;2;13292;1165;15
Jet Airways;6;6;2019;05:30;19:00;6;6;13h 30m;2;11507;1166;15
IndiGo;9;3;2019;06:40;21:20;9;3;14h 40m;2;8146;1167;16
Air India;6;6;2019;13:15;09:25;7;6;20h 10m;2;10939;1168;16
Air India;27;6;2019;13:15;09:25;28;6;20h 10m;2;8839;1169;16
IndiGo;3;3;2019;04:55;21:20;3;3;16h 25m;2;8899;1170;16
Air India;3;3;2019;07:05;09:25;4;3;26h 20m;2;9400;1171;16
Multiple carriers;6;3;2019;13:05;21:20;6;3;8h 15m;2;10759;1172;16
Air India;9;5;2019;07:05;09:25;10;5;26h 20m;2;9347;1173;16
Multiple carriers;9;3;2019;07:05;21:20;9;3;14h 15m;2;8620;1174;16
Multiple carriers;3;3;2019;07:05;21:20;3;3;14h 15m;2;8291;1175;16
Air India;24;6;2019;07:05;09:25;25;6;26h 20m;2;11185;1176;16
Multiple carriers;27;3;2019;07:10;21:20;27;3;14h 10m;2;6197;1177;16
Multiple carriers;6;3;2019;09:45;21:20;6;3;11h 35m;2;10444;1178;16
Air India;6;3;2019;13:05;09:25;7;3;20h 20m;2;12865;1179;16
Air India;9;3;2019;09:45;09:25;10;3;23h 40m;2;10660;1180;16
Multiple carriers;27;3;2019;13:05;21:20;27;3;8h 15m;2;6128;1181;16
Air India;6;3;2019;17:15;09:25;7;3;16h 10m;2;9417;1182;16
Air India;1;6;2019;13:15;09:25;2;6;20h 10m;2;10467;1183;16
Air India;3;6;2019;09:45;09:25;4;6;23h 40m;2;10975;1184;16
Air India;15;5;2019;13:05;09:25;16;5;20h 20m;2;10975;1185;16
Air India;27;6;2019;09:45;09:25;28;6;23h 40m;2;10975;1186;16
Air India;27;3;2019;17:15;09:25;28;3;16h 10m;2;6057;1187;16
Multiple carriers;21;3;2019;09:45;21:20;21;3;11h 35m;2;7178;1188;16
Air India;15;5;2019;09:45;09:25;16;5;23h 40m;2;10975;1189;16
IndiGo;9;3;2019;08:35;21:20;9;3;12h 45m;2;8146;1190;16
Air India;18;5;2019;07:05;09:25;19;5;26h 20m;2;10975;1191;16
Air India;9;6;2019;07:05;09:25;10;6;26h 20m;2;11185;1192;16
Air India;24;6;2019;13:15;09:25;25;6;20h 10m;2;8839;1193;16
Air India;9;3;2019;13:15;09:25;10;3;20h 10m;2;11622;1194;16
Air India;27;3;2019;09:45;09:25;28;3;23h 40m;2;7090;1195;16
IndiGo;6;3;2019;08:35;21:20;6;3;12h 45m;2;7682;1196;16
IndiGo;1;3;2019;04:55;21:20;1;3;16h 25m;2;10278;1197;16
Air India;15;6;2019;13:15;09:25;16;6;20h 10m;2;8839;1198;16
IndiGo;3;3;2019;08:35;21:20;3;3;12h 45m;2;8049;1199;16
Multiple carriers;27;3;2019;07:05;21:20;27;3;14h 15m;2;6128;1200;16
Multiple carriers;3;3;2019;07:10;21:20;3;3;14h 10m;2;8938;1201;16
IndiGo;3;3;2019;07:35;21:20;3;3;13h 45m;2;9413;1202;16
Multiple carriers;6;3;2019;07:05;21:20;6;3;14h 15m;2;7084;1203;16
IndiGo;21;3;2019;06:40;21:20;21;3;14h 40m;2;6494;1204;16
Air India;21;5;2019;07:05;09:25;22;5;26h 20m;2;10975;1205;16
Multiple carriers;21;3;2019;07:05;21:20;21;3;14h 15m;2;6653;1206;16
Air India;9;5;2019;13:15;09:25;10;5;20h 10m;2;9417;1207;16
Air India;21;3;2019;07:05;09:25;22;3;26h 20m;2;7615;1208;16
Air India;21;5;2019;13:05;09:25;22;5;20h 20m;2;10467;1209;16
Multiple carriers;21;3;2019;07:10;21:20;21;3;14h 10m;2;5935;1210;16
Multiple carriers;27;3;2019;09:45;21:20;27;3;11h 35m;2;6653;1211;16
IndiGo;21;3;2019;07:35;21:20;21;3;13h 45m;2;6494;1212;16
Air India;27;3;2019;07:05;09:25;28;3;26h 20m;2;6565;1213;16
Multiple carriers;9;3;2019;09:45;21:20;9;3;11h 35m;2;10090;1214;16
Multiple carriers;6;3;2019;07:10;21:20;6;3;14h 10m;2;7731;1215;16
Air India;18;5;2019;13:15;09:25;19;5;20h 10m;2;11307;1216;16
Multiple carriers;9;3;2019;13:15;21:20;9;3;8h 5m;2;11560;1217;16
Air India;12;6;2019;09:45;09:25;13;6;23h 40m;2;10975;1218;16
Air India;9;6;2019;09:45;09:25;10;6;23h 40m;2;11185;1219;16
Air India;12;6;2019;17:15;09:25;13;6;16h 10m;2;9417;1220;16
Air India;1;5;2019;17:15;09:25;2;5;16h 10m;2;8839;1221;16
Air India;15;5;2019;07:05;09:25;16;5;26h 20m;2;10975;1222;16
Air India;15;6;2019;07:05;09:25;16;6;26h 20m;2;10975;1223;16
IndiGo;27;3;2019;04:55;21:20;27;3;16h 25m;2;6223;1224;16
Multiple carriers;21;3;2019;13:15;21:20;21;3;8h 5m;2;6653;1225;16
IndiGo;6;3;2019;11:55;21:20;6;3;9h 25m;2;6610;1226;16
IndiGo;27;3;2019;11:55;21:20;27;3;9h 25m;2;6494;1227;16
Air India;21;5;2019;09:45;09:25;22;5;23h 40m;2;10975;1228;16
Air India;15;6;2019;09:45;09:25;16;6;23h 40m;2;10975;1229;16
Air India;21;3;2019;09:45;09:25;22;3;23h 40m;2;8140;1230;16
Air India;27;5;2019;13:15;09:25;28;5;20h 10m;2;10467;1231;16
Air India;27;6;2019;07:05;09:25;28;6;26h 20m;2;10975;1232;16
Air India;21;3;2019;13:15;09:25;22;3;20h 10m;2;7107;1233;16
Air India;3;3;2019;09:45;09:25;4;3;23h 40m;2;12760;1234;16
Air India;3;6;2019;13:15;09:25;4;6;20h 10m;2;10467;1235;16
Air India;15;5;2019;17:15;09:25;16;5;16h 10m;2;8839;1236;16
IndiGo;27;3;2019;08:35;21:20;27;3;12h 45m;2;6494;1237;16
Air India;24;6;2019;09:45;09:25;25;6;23h 40m;2;10975;1238;16
IndiGo;27;3;2019;06:40;21:20;27;3;14h 40m;2;6494;1239;16
IndiGo;9;3;2019;11:55;21:20;9;3;9h 25m;2;8378;1240;16
IndiGo;6;3;2019;06:40;21:20;6;3;14h 40m;2;6610;1241;16
Air India;18;5;2019;09:45;09:25;19;5;23h 40m;2;10975;1242;16
Multiple carriers;3;3;2019;13:05;21:20;3;3;8h 15m;2;11966;1243;16
Air India;6;3;2019;07:05;09:25;7;3;26h 20m;2;9190;1244;16
IndiGo;21;3;2019;04:55;21:20;21;3;16h 25m;2;6223;1245;16
Air India;12;6;2019;13:05;09:25;13;6;20h 20m;2;10975;1246;16
Air India;6;6;2019;07:05;09:25;7;6;26h 20m;2;11447;1247;16
Air India;9;5;2019;09:45;09:25;10;5;23h 40m;2;9925;1248;16
IndiGo;3;3;2019;11:55;21:20;3;3;9h 25m;2;9413;1249;16
Multiple carriers;21;5;2019;07:05;18:10;21;5;11h 5m;1;9646;1250;17
Multiple carriers;27;5;2019;13:15;22:30;27;5;9h 15m;1;9646;1251;17
Multiple carriers;18;5;2019;07:05;22:30;18;5;15h 25m;1;10348;1252;17
IndiGo;9;6;2019;07:35;16:10;9;6;8h 35m;1;6442;1253;17
Multiple carriers;21;5;2019;13:05;00:55;22;5;11h 50m;1;9486;1254;17
IndiGo;9;5;2019;06:50;16:10;9;5;9h 20m;1;6442;1255;17
IndiGo;24;6;2019;16:10;22:30;24;6;6h 20m;1;6412;1256;17
Multiple carriers;6;6;2019;07:05;16:10;6;6;9h 5m;1;9646;1257;17
Multiple carriers;27;3;2019;09:45;22:20;27;3;12h 35m;1;6601;1258;17
IndiGo;9;3;2019;04:55;16:10;9;3;11h 15m;1;6171;1259;17
Multiple carriers;12;6;2019;07:10;16:10;12;6;9h;1;6513;1260;17
IndiGo;21;3;2019;14:20;22:20;21;3;8h;1;6528;1261;17
Multiple carriers;12;6;2019;07:05;22:30;12;6;15h 25m;1;9646;1262;17
IndiGo;15;5;2019;06:50;16:10;15;5;9h 20m;1;6442;1263;17
Multiple carriers;3;3;2019;07:10;16:10;3;3;9h;1;8552;1264;17
IndiGo;18;5;2019;06:50;12:10;18;5;5h 20m;1;6347;1265;17
IndiGo;6;6;2019;05:05;12:10;6;6;7h 5m;1;6818;1266;17
IndiGo;6;6;2019;08:35;22:30;6;6;13h 55m;1;6442;1267;17
IndiGo;24;4;2019;07:35;12:10;24;4;4h 35m;1;5073;1268;17
IndiGo;27;5;2019;05:05;12:10;27;5;7h 5m;1;6600;1269;17
IndiGo;15;6;2019;08:35;16:10;15;6;7h 35m;1;6442;1270;17
IndiGo;6;3;2019;14:20;22:20;6;3;8h;1;7451;1271;17
Multiple carriers;27;6;2019;14:55;22:30;27;6;7h 35m;1;6093;1272;17
IndiGo;27;5;2019;07:35;16:10;27;5;8h 35m;1;7514;1273;17
IndiGo;1;4;2019;07:35;12:10;1;4;4h 35m;1;5073;1274;17
IndiGo;27;4;2019;07:35;16:10;27;4;8h 35m;1;6442;1275;17
IndiGo;1;6;2019;16:10;22:30;1;6;6h 20m;1;6938;1276;17
IndiGo;15;5;2019;14:20;22:30;15;5;8h 10m;1;6412;1277;17
Multiple carriers;6;6;2019;09:45;16:10;6;6;6h 25m;1;9646;1278;17
Multiple carriers;24;6;2019;09:45;16:10;24;6;6h 25m;1;9646;1279;17
IndiGo;3;3;2019;06:40;16:10;3;3;9h 30m;1;9027;1280;17
IndiGo;18;5;2019;08:35;16:10;18;5;7h 35m;1;6442;1281;17
IndiGo;21;4;2019;07:35;12:10;21;4;4h 35m;1;5703;1282;17
IndiGo;3;3;2019;06:40;22:20;3;3;15h 40m;1;11600;1283;17
IndiGo;24;6;2019;05:05;12:10;24;6;7h 5m;1;6442;1284;17
IndiGo;1;6;2019;06:50;16:10;1;6;9h 20m;1;6442;1285;17
Multiple carriers;15;6;2019;13:15;22:30;15;6;9h 15m;1;8018;1286;17
IndiGo;27;6;2019;07:35;12:10;27;6;4h 35m;1;5054;1287;17
Multiple carriers;3;3;2019;09:45;22:20;3;3;12h 35m;1;13838;1288;17
IndiGo;1;6;2019;11:55;22:30;1;6;10h 35m;1;6674;1289;17
IndiGo;6;3;2019;06:40;12:00;6;3;5h 20m;1;5647;1290;17
IndiGo;9;5;2019;05:05;12:10;9;5;7h 5m;1;6818;1291;17
Multiple carriers;18;5;2019;09:45;16:10;18;5;6h 25m;1;9646;1292;17
IndiGo;21;5;2019;16:10;00:55;22;5;8h 45m;1;6778;1293;17
IndiGo;24;4;2019;06:50;12:10;24;4;5h 20m;1;5298;1294;17
IndiGo;27;5;2019;14:20;22:30;27;5;8h 10m;1;6938;1295;17
IndiGo;21;3;2019;06:40;22:20;21;3;15h 40m;1;6558;1296;17
IndiGo;27;5;2019;11:55;22:30;27;5;10h 35m;1;6442;1297;17
IndiGo;27;3;2019;16:10;22:20;27;3;6h 10m;1;6412;1298;17
IndiGo;9;6;2019;16:10;22:30;9;6;6h 20m;1;6412;1299;17
IndiGo;21;5;2019;07:35;12:10;21;5;4h 35m;1;5054;1300;17
IndiGo;6;6;2019;07:35;12:10;6;6;4h 35m;1;5458;1301;17
Multiple carriers;9;3;2019;07:05;16:10;9;3;9h 5m;1;6916;1302;17
IndiGo;12;6;2019;07:35;12:10;12;6;4h 35m;1;5054;1303;17
IndiGo;12;6;2019;05:05;16:10;12;6;11h 5m;1;6818;1304;17
IndiGo;27;5;2019;08:35;22:30;27;5;13h 55m;1;6442;1305;17
IndiGo;12;6;2019;08:35;16:10;12;6;7h 35m;1;6442;1306;17
Multiple carriers;27;3;2019;07:05;16:10;27;3;9h 5m;1;6076;1307;17
Multiple carriers;12;6;2019;07:05;16:10;12;6;9h 5m;1;9646;1308;17
IndiGo;3;3;2019;04:55;12:00;3;3;7h 5m;1;9585;1309;17
IndiGo;6;6;2019;14:20;22:30;6;6;8h 10m;1;6938;1310;17
IndiGo;6;4;2019;07:35;12:10;6;4;4h 35m;1;5073;1311;17
IndiGo;1;6;2019;07:35;12:10;1;6;4h 35m;1;5054;1312;17
IndiGo;9;6;2019;06:50;22:30;9;6;15h 40m;1;6442;1313;17
IndiGo;24;6;2019;08:35;22:30;24;6;13h 55m;1;6442;1314;17
IndiGo;15;6;2019;07:35;22:30;15;6;14h 55m;1;6442;1315;17
IndiGo;21;3;2019;07:35;22:20;21;3;14h 45m;1;6558;1316;17
Multiple carriers;6;3;2019;07:10;22:20;6;3;15h 10m;1;7563;1317;17
IndiGo;21;5;2019;11:55;00:55;22;5;13h;1;6282;1318;17
Multiple carriers;24;6;2019;07:10;16:10;24;6;9h;1;6723;1319;17
GoAir;21;4;2019;05:55;13:35;21;4;7h 40m;1;6146;1320;17
IndiGo;6;3;2019;06:40;22:20;6;3;15h 40m;1;6442;1321;17
IndiGo;15;6;2019;05:05;16:10;15;6;11h 5m;1;6818;1322;17
Multiple carriers;3;6;2019;14:55;22:30;3;6;7h 35m;1;7038;1323;17
Multiple carriers;15;6;2019;07:05;22:30;15;6;15h 25m;1;9646;1324;17
Multiple carriers;1;6;2019;14:55;22:30;1;6;7h 35m;1;7038;1325;17
IndiGo;6;3;2019;16:10;22:20;6;3;6h 10m;1;7205;1326;17
IndiGo;3;6;2019;08:35;22:30;3;6;13h 55m;1;6442;1327;17
Multiple carriers;15;5;2019;14:55;22:30;15;5;7h 35m;1;6513;1328;17
Multiple carriers;15;5;2019;07:05;22:30;15;5;15h 25m;1;9646;1329;17
Multiple carriers;18;5;2019;07:10;22:30;18;5;15h 20m;1;7740;1330;17
IndiGo;15;6;2019;11:55;22:30;15;6;10h 35m;1;6442;1331;17
IndiGo;9;5;2019;07:35;12:10;9;5;4h 35m;1;5054;1332;17
IndiGo;15;4;2019;05:05;16:10;15;4;11h 5m;1;6171;1333;17
Multiple carriers;24;6;2019;07:10;22:30;24;6;15h 20m;1;6723;1334;17
IndiGo;9;6;2019;07:35;22:30;9;6;14h 55m;1;6442;1335;17
Multiple carriers;9;3;2019;07:05;22:20;9;3;15h 15m;1;6916;1336;17
Multiple carriers;27;5;2019;07:10;22:30;27;5;15h 20m;1;7878;1337;17
IndiGo;21;3;2019;08:35;16:10;21;3;7h 35m;1;6790;1338;17
IndiGo;21;4;2019;06:50;12:10;21;4;5h 20m;1;6968;1339;17
Multiple carriers;3;6;2019;09:45;22:30;3;6;12h 45m;1;9646;1340;17
Multiple carriers;3;6;2019;13:15;22:30;3;6;9h 15m;1;9646;1341;17
IndiGo;21;3;2019;07:35;16:10;21;3;8h 35m;1;6558;1342;17
IndiGo;27;5;2019;08:35;16:10;27;5;7h 35m;1;6442;1343;17
IndiGo;9;5;2019;14:20;22:30;9;5;8h 10m;1;6704;1344;17
IndiGo;15;5;2019;06:50;22:30;15;5;15h 40m;1;6442;1345;17
Multiple carriers;9;6;2019;09:45;16:10;9;6;6h 25m;1;9646;1346;17
IndiGo;27;5;2019;16:10;22:30;27;5;6h 20m;1;6938;1347;17
Multiple carriers;6;3;2019;09:45;22:20;6;3;12h 35m;1;10276;1348;17
Multiple carriers;12;6;2019;13:05;22:30;12;6;9h 25m;1;9646;1349;17
Multiple carriers;6;6;2019;07:10;22:30;6;6;15h 20m;1;7038;1350;17
IndiGo;24;6;2019;07:35;16:10;24;6;8h 35m;1;6442;1351;17
IndiGo;21;5;2019;05:05;12:10;21;5;7h 5m;1;6818;1352;17
IndiGo;6;3;2019;07:35;16:10;6;3;8h 35m;1;7094;1353;17
Multiple carriers;15;5;2019;07:05;16:10;15;5;9h 5m;1;9646;1354;17
Multiple carriers;15;6;2019;07:05;16:10;15;6;9h 5m;1;9646;1355;17
IndiGo;21;3;2019;04:55;12:00;21;3;7h 5m;1;6287;1356;17
IndiGo;9;6;2019;07:35;12:10;9;6;4h 35m;1;5054;1357;17
Multiple carriers;1;6;2019;07:05;22:30;1;6;15h 25m;1;9646;1358;17
IndiGo;9;3;2019;04:55;12:00;9;3;7h 5m;1;6171;1359;17
Multiple carriers;9;6;2019;07:05;22:30;9;6;15h 25m;1;9646;1360;17
Multiple carriers;12;6;2019;09:45;16:10;12;6;6h 25m;1;9646;1361;17
IndiGo;3;6;2019;06:50;22:30;3;6;15h 40m;1;7514;1362;17
IndiGo;3;3;2019;07:35;22:20;3;3;14h 45m;1;11600;1363;17
IndiGo;27;6;2019;06:50;22:30;27;6;15h 40m;1;6442;1364;17
Multiple carriers;27;5;2019;14:55;22:30;27;5;7h 35m;1;7038;1365;17
IndiGo;21;5;2019;06:50;12:10;21;5;5h 20m;1;5530;1366;17
Multiple carriers;9;5;2019;13:15;22:30;9;5;9h 15m;1;8888;1367;17
IndiGo;6;6;2019;05:05;16:10;6;6;11h 5m;1;6818;1368;17
IndiGo;6;6;2019;16:10;22:30;6;6;6h 20m;1;6938;1369;17
Multiple carriers;3;3;2019;13:05;22:20;3;3;9h 15m;1;14153;1370;17
Multiple carriers;21;5;2019;09:45;00:55;22;5;15h 10m;1;9486;1371;17
IndiGo;27;3;2019;06:40;12:00;27;3;5h 20m;1;5298;1372;17
IndiGo;21;3;2019;08:35;22:20;21;3;13h 45m;1;6790;1373;17
Multiple carriers;3;3;2019;07:10;22:20;3;3;15h 10m;1;11125;1374;17
IndiGo;6;6;2019;06:50;22:30;6;6;15h 40m;1;6674;1375;17
IndiGo;3;3;2019;08:35;16:10;3;3;7h 35m;1;7663;1376;17
IndiGo;15;4;2019;06:50;16:10;15;4;9h 20m;1;6442;1377;17
IndiGo;15;4;2019;08:35;16:10;15;4;7h 35m;1;6442;1378;17
Multiple carriers;27;6;2019;13:15;22:30;27;6;9h 15m;1;8018;1379;17
IndiGo;27;6;2019;16:10;22:30;27;6;6h 20m;1;6412;1380;17
Multiple carriers;6;3;2019;07:05;22:20;6;3;15h 15m;1;6916;1381;17
Multiple carriers;9;6;2019;07:05;16:10;9;6;9h 5m;1;9646;1382;17
IndiGo;3;3;2019;06:40;12:00;3;3;5h 20m;1;9304;1383;17
Multiple carriers;9;6;2019;07:10;16:10;9;6;9h;1;6513;1384;17
Multiple carriers;6;6;2019;14:55;22:30;6;6;7h 35m;1;7038;1385;17
IndiGo;3;6;2019;08:35;16:10;3;6;7h 35m;1;6442;1386;17
IndiGo;15;5;2019;05:05;12:10;15;5;7h 5m;1;6818;1387;17
Multiple carriers;24;4;2019;07:10;16:10;24;4;9h;1;6093;1388;17
IndiGo;3;6;2019;07:35;16:10;3;6;8h 35m;1;7514;1389;17
IndiGo;21;3;2019;16:10;22:20;21;3;6h 10m;1;6528;1390;17
IndiGo;15;4;2019;06:50;12:10;15;4;5h 20m;1;5761;1391;17
IndiGo;6;5;2019;14:20;22:30;6;5;8h 10m;1;7054;1392;17
Multiple carriers;9;5;2019;09:45;22:30;9;5;12h 45m;1;8888;1393;17
IndiGo;27;6;2019;08:35;16:10;27;6;7h 35m;1;6442;1394;17
IndiGo;21;3;2019;06:40;12:00;21;3;5h 20m;1;5761;1395;17
IndiGo;27;6;2019;08:35;22:30;27;6;13h 55m;1;6442;1396;17
Multiple carriers;6;3;2019;14:35;22:20;6;3;7h 45m;1;7563;1397;17
IndiGo;6;6;2019;07:35;16:10;6;6;8h 35m;1;6674;1398;17
Multiple carriers;15;5;2019;07:10;22:30;15;5;15h 20m;1;6513;1399;17
IndiGo;9;6;2019;05:05;16:10;9;6;11h 5m;1;6600;1400;17
Multiple carriers;24;6;2019;14:55;22:30;24;6;7h 35m;1;6093;1401;17
Multiple carriers;9;5;2019;07:05;22:30;9;5;15h 25m;1;8310;1402;17
IndiGo;21;3;2019;06:40;16:10;21;3;9h 30m;1;6558;1403;17
IndiGo;9;3;2019;07:35;16:10;9;3;8h 35m;1;6674;1404;17
IndiGo;6;3;2019;04:55;16:10;6;3;11h 15m;1;6171;1405;17
IndiGo;27;5;2019;05:05;16:10;27;5;11h 5m;1;6600;1406;17
Multiple carriers;21;3;2019;07:05;22:20;21;3;15h 15m;1;6717;1407;17
IndiGo;3;6;2019;07:35;12:10;3;6;4h 35m;1;6069;1408;17
IndiGo;3;6;2019;05:05;16:10;3;6;11h 5m;1;6818;1409;17
IndiGo;9;5;2019;06:50;22:30;9;5;15h 40m;1;6734;1410;17
IndiGo;15;6;2019;08:35;22:30;15;6;13h 55m;1;6442;1411;17
IndiGo;18;5;2019;11:55;22:30;18;5;10h 35m;1;8216;1412;17
IndiGo;27;4;2019;08:35;16:10;27;4;7h 35m;1;6442;1413;17
IndiGo;15;5;2019;05:05;16:10;15;5;11h 5m;1;6818;1414;17
Multiple carriers;27;5;2019;09:45;16:10;27;5;6h 25m;1;10486;1415;17
IndiGo;12;6;2019;08:35;22:30;12;6;13h 55m;1;6442;1416;17
IndiGo;1;4;2019;06:50;12:10;1;4;5h 20m;1;5298;1417;17
IndiGo;24;6;2019;11:55;22:30;24;6;10h 35m;1;6442;1418;17
Multiple carriers;9;3;2019;13:15;22:20;9;3;9h 5m;1;9856;1419;17
IndiGo;24;5;2019;14:20;22:30;24;5;8h 10m;1;7640;1420;17
IndiGo;3;6;2019;06:50;16:10;3;6;9h 20m;1;7514;1421;17
IndiGo;27;3;2019;06:40;22:20;27;3;15h 40m;1;6442;1422;17
IndiGo;27;6;2019;14:20;22:30;27;6;8h 10m;1;6412;1423;17
Multiple carriers;18;5;2019;07:05;16:10;18;5;9h 5m;1;9646;1424;17
IndiGo;27;5;2019;06:50;12:10;27;5;5h 20m;1;5530;1425;17
Multiple carriers;21;3;2019;14:35;22:20;21;3;7h 45m;1;5999;1426;17
IndiGo;3;6;2019;11:55;22:30;3;6;10h 35m;1;6442;1427;17
Multiple carriers;3;3;2019;07:05;22:20;3;3;15h 15m;1;10478;1428;17
Multiple carriers;27;3;2019;13:05;22:20;27;3;9h 15m;1;6076;1429;17
IndiGo;24;6;2019;06:50;16:10;24;6;9h 20m;1;6442;1430;17
IndiGo;24;6;2019;05:05;16:10;24;6;11h 5m;1;6442;1431;17
IndiGo;9;3;2019;06:40;16:10;9;3;9h 30m;1;6442;1432;17
Multiple carriers;21;3;2019;07:10;16:10;21;3;9h;1;5999;1433;17
IndiGo;6;4;2019;06:50;12:10;6;4;5h 20m;1;5298;1434;17
Multiple carriers;18;5;2019;14:55;22:30;18;5;7h 35m;1;7740;1435;17
Multiple carriers;18;5;2019;13:15;22:30;18;5;9h 15m;1;11188;1436;17
IndiGo;9;5;2019;06:50;12:10;9;5;5h 20m;1;5298;1437;17
IndiGo;15;4;2019;05:05;12:10;15;4;7h 5m;1;6287;1438;17
IndiGo;1;6;2019;06:50;12:10;1;6;5h 20m;1;5298;1439;17
Multiple carriers;27;5;2019;07:10;16:10;27;5;9h;1;7878;1440;17
IndiGo;21;3;2019;07:35;12:00;21;3;4h 25m;1;5073;1441;17
IndiGo;6;6;2019;06:50;16:10;6;6;9h 20m;1;6674;1442;17
IndiGo;27;3;2019;06:40;16:10;27;3;9h 30m;1;6442;1443;17
IndiGo;18;5;2019;08:35;22:30;18;5;13h 55m;1;7144;1444;17
Multiple carriers;15;6;2019;07:10;22:30;15;6;15h 20m;1;6093;1445;17
IndiGo;18;5;2019;05:05;16:10;18;5;11h 5m;1;6818;1446;17
Multiple carriers;6;3;2019;07:10;16:10;6;3;9h;1;7563;1447;17
Multiple carriers;12;6;2019;07:10;22:30;12;6;15h 20m;1;6513;1448;17
IndiGo;15;5;2019;08:35;16:10;15;5;7h 35m;1;6442;1449;17
Multiple carriers;9;5;2019;07:10;16:10;9;5;9h;1;6513;1450;17
Multiple carriers;21;5;2019;17:15;00:55;22;5;7h 40m;1;7858;1451;17
IndiGo;24;6;2019;06:50;12:10;24;6;5h 20m;1;5298;1452;17
Multiple carriers;21;3;2019;07:10;22:20;21;3;15h 10m;1;5999;1453;17
Multiple carriers;21;3;2019;07:05;16:10;21;3;9h 5m;1;6717;1454;17
Multiple carriers;12;6;2019;09:45;22:30;12;6;12h 45m;1;9646;1455;17
Multiple carriers;18;5;2019;09:45;22:30;18;5;12h 45m;1;10348;1456;17
Multiple carriers;1;6;2019;09:45;22:30;1;6;12h 45m;1;9646;1457;17
IndiGo;3;3;2019;07:35;12:00;3;3;4h 25m;1;8258;1458;17
Multiple carriers;27;6;2019;09:45;22:30;27;6;12h 45m;1;9646;1459;17
Multiple carriers;6;3;2019;09:45;16:10;6;3;6h 25m;1;10276;1460;17
IndiGo;9;3;2019;07:35;12:00;9;3;4h 25m;1;6937;1461;17
IndiGo;21;5;2019;08:35;18:10;21;5;9h 35m;1;6442;1462;17
IndiGo;6;3;2019;07:35;22:20;6;3;14h 45m;1;7094;1463;17
IndiGo;6;3;2019;08:35;22:20;6;3;13h 45m;1;7514;1464;17
IndiGo;12;6;2019;07:35;22:30;12;6;14h 55m;1;6442;1465;17
IndiGo;15;5;2019;07:35;22:30;15;5;14h 55m;1;6442;1466;17
IndiGo;3;3;2019;16:10;22:20;3;3;6h 10m;1;11237;1467;17
Multiple carriers;9;6;2019;07:10;22:30;9;6;15h 20m;1;6513;1468;17
IndiGo;18;5;2019;07:35;16:10;18;5;8h 35m;1;6442;1469;17
IndiGo;18;5;2019;06:50;22:30;18;5;15h 40m;1;7144;1470;17
IndiGo;6;3;2019;07:35;12:00;6;3;4h 25m;1;7725;1471;17
Multiple carriers;1;6;2019;07:05;16:10;1;6;9h 5m;1;9646;1472;17
IndiGo;15;6;2019;05:05;12:10;15;6;7h 5m;1;6818;1473;17
Multiple carriers;6;6;2019;07:05;22:30;6;6;15h 25m;1;9646;1474;17
IndiGo;9;3;2019;06:40;12:00;9;3;5h 20m;1;5647;1475;17
Multiple carriers;6;6;2019;09:45;22:30;6;6;12h 45m;1;9646;1476;17
IndiGo;27;6;2019;06:50;16:10;27;6;9h 20m;1;6442;1477;17
IndiGo;15;5;2019;06:50;12:10;15;5;5h 20m;1;5298;1478;17
Multiple carriers;27;6;2019;07:10;22:30;27;6;15h 20m;1;6093;1479;17
IndiGo;12;6;2019;07:35;16:10;12;6;8h 35m;1;6442;1480;17
IndiGo;18;5;2019;16:10;22:30;18;5;6h 20m;1;7640;1481;17
IndiGo;15;6;2019;06:50;12:10;15;6;5h 20m;1;5298;1482;17
IndiGo;9;6;2019;14:20;22:30;9;6;8h 10m;1;6938;1483;17
Multiple carriers;9;6;2019;09:45;22:30;9;6;12h 45m;1;9646;1484;17
IndiGo;27;5;2019;07:35;22:30;27;5;14h 55m;1;7514;1485;17
Multiple carriers;27;3;2019;07:10;22:20;27;3;15h 10m;1;6145;1486;17
IndiGo;27;3;2019;07:35;16:10;27;3;8h 35m;1;6442;1487;17
Multiple carriers;24;6;2019;09:45;22:30;24;6;12h 45m;1;9646;1488;17
IndiGo;24;6;2019;07:35;12:10;24;6;4h 35m;1;5054;1489;17
IndiGo;12;6;2019;14:20;22:30;12;6;8h 10m;1;6938;1490;17
Multiple carriers;15;6;2019;09:45;22:30;15;6;12h 45m;1;9646;1491;17
IndiGo;27;6;2019;05:05;16:10;27;6;11h 5m;1;6442;1492;17
Multiple carriers;1;6;2019;07:10;16:10;1;6;9h;1;7038;1493;17
Multiple carriers;3;6;2019;07:10;16:10;3;6;9h;1;7878;1494;17
Multiple carriers;15;6;2019;07:10;16:10;15;6;9h;1;6093;1495;17
Multiple carriers;21;5;2019;14:55;00:55;22;5;10h;1;6878;1496;17
IndiGo;9;5;2019;08:35;22:30;9;5;13h 55m;1;6734;1497;17
IndiGo;21;5;2019;11:55;18:10;21;5;6h 15m;1;6442;1498;17
IndiGo;12;6;2019;06:50;12:10;12;6;5h 20m;1;5298;1499;17
Multiple carriers;3;6;2019;07:10;22:30;3;6;15h 20m;1;7878;1500;17
Multiple carriers;24;5;2019;14:55;22:30;24;5;7h 35m;1;7740;1501;17
Multiple carriers;3;3;2019;09:45;16:10;3;3;6h 25m;1;11265;1502;17
Multiple carriers;9;6;2019;14:55;22:30;9;6;7h 35m;1;6723;1503;17
GoAir;9;6;2019;07:30;13:35;9;6;6h 5m;1;6276;1504;17
IndiGo;24;4;2019;05:05;16:10;24;4;11h 5m;1;6171;1505;17
Multiple carriers;27;6;2019;09:45;16:10;27;6;6h 25m;1;9646;1506;17
IndiGo;1;6;2019;08:35;22:30;1;6;13h 55m;1;6442;1507;17
IndiGo;6;3;2019;08:35;16:10;6;3;7h 35m;1;7514;1508;17
IndiGo;3;6;2019;05:05;12:10;3;6;7h 5m;1;6818;1509;17
IndiGo;15;5;2019;11:55;22:30;15;5;10h 35m;1;6442;1510;17
Multiple carriers;27;4;2019;07:10;16:10;27;4;9h;1;6093;1511;17
IndiGo;27;6;2019;07:35;16:10;27;6;8h 35m;1;6442;1512;17
IndiGo;6;3;2019;11:55;22:20;6;3;10h 25m;1;6442;1513;17
IndiGo;1;6;2019;06:50;22:30;1;6;15h 40m;1;6442;1514;17
Multiple carriers;24;6;2019;13:15;22:30;24;6;9h 15m;1;8018;1515;17
IndiGo;1;6;2019;14:20;22:30;1;6;8h 10m;1;6938;1516;17
Multiple carriers;1;6;2019;09:45;16:10;1;6;6h 25m;1;9646;1517;17
IndiGo;9;3;2019;11:55;22:20;9;3;10h 25m;1;6674;1518;17
Multiple carriers;9;5;2019;14:55;22:30;9;5;7h 35m;1;6805;1519;17
IndiGo;24;4;2019;05:05;12:10;24;4;7h 5m;1;6171;1520;17
IndiGo;15;6;2019;14:20;22:30;15;6;8h 10m;1;6412;1521;17
Multiple carriers;18;5;2019;07:10;16:10;18;5;9h;1;7038;1522;17
GoAir;9;6;2019;05:55;13:35;9;6;7h 40m;1;5199;1523;17
IndiGo;15;5;2019;16:10;22:30;15;5;6h 20m;1;6412;1524;17
Multiple carriers;9;4;2019;07:05;18:10;9;4;11h 5m;1;6601;1525;17
Multiple carriers;1;6;2019;07:10;22:30;1;6;15h 20m;1;7038;1526;17
Multiple carriers;3;6;2019;07:05;22:30;3;6;15h 25m;1;10696;1527;17
Multiple carriers;1;6;2019;13:15;22:30;1;6;9h 15m;1;9646;1528;17
IndiGo;27;3;2019;14:20;22:20;27;3;8h;1;6938;1529;17
Multiple carriers;15;6;2019;14:55;22:30;15;6;7h 35m;1;6093;1530;17
IndiGo;27;4;2019;05:05;12:10;27;4;7h 5m;1;7160;1531;17
Multiple carriers;21;5;2019;09:45;18:10;21;5;8h 25m;1;9646;1532;17
IndiGo;15;5;2019;07:35;16:10;15;5;8h 35m;1;6442;1533;17
Multiple carriers;3;6;2019;09:45;16:10;3;6;6h 25m;1;9646;1534;17
IndiGo;27;5;2019;07:35;12:10;27;5;4h 35m;1;5054;1535;17
IndiGo;3;3;2019;08:35;22:20;3;3;13h 45m;1;10236;1536;17
Multiple carriers;9;3;2019;09:45;16:10;9;3;6h 25m;1;8386;1537;17
IndiGo;3;3;2019;11:55;22:20;3;3;10h 25m;1;11600;1538;17
IndiGo;27;6;2019;05:05;12:10;27;6;7h 5m;1;6442;1539;17
IndiGo;3;4;2019;07:35;12:10;3;4;4h 35m;1;5073;1540;17
IndiGo;9;6;2019;06:50;16:10;9;6;9h 20m;1;6442;1541;17
Multiple carriers;15;5;2019;09:45;16:10;15;5;6h 25m;1;9646;1542;17
Multiple carriers;27;6;2019;07:10;16:10;27;6;9h;1;6093;1543;17
IndiGo;27;3;2019;07:35;12:00;27;3;4h 25m;1;5073;1544;17
Multiple carriers;21;3;2019;09:45;16:10;21;3;6h 25m;1;7242;1545;17
GoAir;3;3;2019;07:30;13:20;3;3;5h 50m;1;6112;1546;17
IndiGo;27;5;2019;06:50;22:30;27;5;15h 40m;1;6674;1547;17
IndiGo;27;3;2019;04:55;16:10;27;3;11h 15m;1;6171;1548;17
Multiple carriers;27;5;2019;07:05;22:30;27;5;15h 25m;1;9856;1549;17
IndiGo;1;6;2019;07:35;22:30;1;6;14h 55m;1;6442;1550;17
Multiple carriers;27;3;2019;14:35;22:20;27;3;7h 45m;1;5883;1551;17
IndiGo;27;4;2019;07:35;12:10;27;4;4h 35m;1;5073;1552;17
Multiple carriers;27;6;2019;07:05;16:10;27;6;9h 5m;1;9646;1553;17
IndiGo;27;3;2019;04:55;12:00;27;3;7h 5m;1;6171;1554;17
IndiGo;9;5;2019;16:10;22:30;9;5;6h 20m;1;6704;1555;17
IndiGo;15;4;2019;07:35;16:10;15;4;8h 35m;1;6442;1556;17
IndiGo;27;4;2019;05:05;16:10;27;4;11h 5m;1;6171;1557;17
IndiGo;27;5;2019;06:50;16:10;27;5;9h 20m;1;6674;1558;17
Multiple carriers;27;5;2019;09:45;22:30;27;5;12h 45m;1;10486;1559;17
Multiple carriers;9;5;2019;07:05;16:10;9;5;9h 5m;1;8018;1560;17
IndiGo;18;5;2019;07:35;22:30;18;5;14h 55m;1;7144;1561;17
GoAir;3;3;2019;05:45;13:20;3;3;7h 35m;1;5628;1562;17
IndiGo;18;5;2019;05:05;12:10;18;5;7h 5m;1;7520;1563;17
Multiple carriers;21;5;2019;07:10;18:10;21;5;11h;1;7038;1564;17
IndiGo;18;5;2019;14:20;22:30;18;5;8h 10m;1;7640;1565;17
IndiGo;27;4;2019;06:50;16:10;27;4;9h 20m;1;6442;1566;17
Multiple carriers;3;6;2019;07:05;16:10;3;6;9h 5m;1;10696;1567;17
Multiple carriers;15;5;2019;07:10;16:10;15;5;9h;1;6513;1568;17
Multiple carriers;15;5;2019;13:05;22:30;15;5;9h 25m;1;9646;1569;17
Multiple carriers;24;6;2019;07:05;16:10;24;6;9h 5m;1;9856;1570;17
Multiple carriers;1;3;2019;14:35;22:20;1;3;7h 45m;1;14762;1571;17
IndiGo;15;6;2019;07:35;16:10;15;6;8h 35m;1;6442;1572;17
IndiGo;3;3;2019;04:55;16:10;3;3;11h 15m;1;8513;1573;17
IndiGo;3;6;2019;14:20;22:30;3;6;8h 10m;1;6938;1574;17
Multiple carriers;3;3;2019;07:05;16:10;3;3;9h 5m;1;7905;1575;17
Air India;18;5;2019;17:15;19:15;19;5;26h;2;12392;1576;18
Air India;27;3;2019;21:30;19:15;28;3;21h 45m;2;8665;1577;18
Air India;21;5;2019;17:15;19:15;22;5;26h;2;11972;1578;18
Air India;6;3;2019;07:05;19:15;7;3;36h 10m;2;11552;1579;18
Air India;24;6;2019;17:15;07:40;25;6;14h 25m;2;11989;1580;18
Air India;21;3;2019;17:15;19:15;22;3;26h;2;8245;1581;18
Air India;9;4;2019;17:15;07:40;10;4;14h 25m;2;8052;1582;18
Air India;18;5;2019;17:15;19:15;19;5;26h;2;12392;1583;18
Air India;24;6;2019;17:15;19:15;25;6;26h;2;11989;1584;18
Air India;9;5;2019;17:15;07:40;10;5;14h 25m;2;13039;1585;18
Air India;27;3;2019;13:05;07:40;28;3;18h 35m;2;8875;1586;18
Air India;9;5;2019;07:05;07:40;10;5;24h 35m;2;13547;1587;18
Air India;1;6;2019;17:15;07:40;2;6;14h 25m;2;14667;1588;18
Air India;24;6;2019;17:15;19:15;25;6;26h;2;11972;1589;18
Air India;1;6;2019;17:15;19:15;2;6;26h;2;12970;1590;18
Air India;24;6;2019;13:15;07:40;25;6;18h 25m;2;12497;1591;18
Air India;6;3;2019;07:05;19:15;7;3;36h 10m;2;11552;1592;18
Air India;21;5;2019;17:15;07:40;22;5;14h 25m;2;13039;1593;18
Air India;21;3;2019;17:15;19:15;22;3;26h;2;8770;1594;18
Air India;15;5;2019;17:15;19:15;16;5;26h;2;13039;1595;18
Air India;27;6;2019;17:15;07:40;28;6;14h 25m;2;13039;1596;18
Air India;9;6;2019;17:15;19:15;10;6;26h;2;12392;1597;18
Air India;1;6;2019;17:15;19:15;2;6;26h;2;12970;1598;18
Air India;3;3;2019;21:30;19:15;4;3;21h 45m;2;12497;1599;18
Air India;9;3;2019;21:30;19:15;10;3;21h 45m;2;11762;1600;18
Air India;15;6;2019;13:15;19:15;16;6;30h;2;12182;1601;18
Air India;9;3;2019;21:30;19:15;10;3;21h 45m;2;11762;1602;18
Air India;27;5;2019;17:15;07:40;28;5;14h 25m;2;13879;1603;18
Air India;27;3;2019;17:15;07:40;28;3;14h 25m;2;8367;1604;18
Air India;27;3;2019;13:05;07:40;28;3;18h 35m;2;8892;1605;18
Air India;9;3;2019;07:05;19:15;10;3;36h 10m;2;11762;1606;18
Air India;3;3;2019;07:05;19:15;4;3;36h 10m;2;11762;1607;18
Air India;18;5;2019;17:15;07:40;19;5;14h 25m;2;12199;1608;18
Air India;9;5;2019;07:05;07:40;10;5;24h 35m;2;13547;1609;18
Air India;21;3;2019;17:15;07:40;22;3;14h 25m;2;8052;1610;18
Air India;27;6;2019;13:15;07:40;28;6;18h 25m;2;13547;1611;18
Air India;15;5;2019;17:15;07:40;16;5;14h 25m;2;13039;1612;18
Air India;6;3;2019;07:05;19:15;7;3;36h 10m;2;11552;1613;18
Air India;21;3;2019;17:15;19:15;22;3;26h;2;8245;1614;18
Air India;27;6;2019;17:15;19:15;28;6;26h;2;12199;1615;18
Air India;3;3;2019;17:15;19:15;4;3;26h;2;13442;1616;18
Air India;6;6;2019;17:15;19:15;7;6;26h;2;12760;1617;18
Air India;18;5;2019;17:15;19:15;19;5;26h;2;12392;1618;18
Air India;6;6;2019;17:15;19:15;7;6;26h;2;12777;1619;18
Air India;27;3;2019;21:30;19:15;28;3;21h 45m;2;8665;1620;18
Air India;21;5;2019;17:15;19:15;22;5;26h;2;11989;1621;18
Air India;3;3;2019;07:05;19:15;4;3;36h 10m;2;11552;1622;18
Air India;3;3;2019;21:30;19:15;4;3;21h 45m;2;12287;1623;18
Air India;18;5;2019;17:15;19:15;19;5;26h;2;12409;1624;18
Air India;6;6;2019;17:15;19:15;7;6;26h;2;12760;1625;18
Air India;9;6;2019;17:15;19:15;10;6;26h;2;12199;1626;18
Air India;9;4;2019;13:05;07:40;10;4;18h 35m;2;8577;1627;18
Air India;6;3;2019;21:30;19:15;7;3;21h 45m;2;11552;1628;18
Air India;21;5;2019;17:15;19:15;22;5;26h;2;11972;1629;18
Air India;9;6;2019;17:15;07:40;10;6;14h 25m;2;12199;1630;18
Air India;15;5;2019;17:15;19:15;16;5;26h;2;13022;1631;18
Multiple carriers;6;3;2019;11:35;21:00;6;3;9h 25m;3;21829;1632;19
Multiple carriers;15;5;2019;11:35;21:00;15;5;9h 25m;3;16294;1633;19
Multiple carriers;3;3;2019;11:35;21:00;3;3;9h 25m;3;21829;1634;19
Multiple carriers;15;5;2019;11:35;01:30;16;5;13h 55m;3;16294;1635;19
Multiple carriers;12;6;2019;11:35;21:00;12;6;9h 25m;3;15629;1636;19
Multiple carriers;12;6;2019;11:35;01:30;13;6;13h 55m;3;15419;1637;19
Multiple carriers;9;6;2019;11:35;01:30;10;6;13h 55m;3;15419;1638;19
Multiple carriers;9;6;2019;11:35;21:00;9;6;9h 25m;3;15629;1639;19
Air India;27;6;2019;22:00;19:15;28;6;21h 15m;2;10441;1640;20
Air India;6;6;2019;10:55;07:40;7;6;20h 45m;2;11753;1641;20
Air India;1;6;2019;10:55;19:15;1;6;8h 20m;2;13013;1642;20
Air India;18;5;2019;22:00;19:15;19;5;21h 15m;2;10441;1643;20
Air India;3;3;2019;22:00;19:15;4;3;21h 15m;2;22096;1644;20
Air India;21;5;2019;22:00;19:15;22;5;21h 15m;2;10231;1645;20
Air India;21;5;2019;22:00;19:15;22;5;21h 15m;2;10231;1646;20
Air India;1;6;2019;22:00;19:15;2;6;21h 15m;2;10441;1647;20
Air India;27;5;2019;10:55;07:40;28;5;20h 45m;2;13643;1648;20
Air India;9;5;2019;22:00;19:15;10;5;21h 15m;2;10441;1649;20
Air India;27;5;2019;22:00;19:15;28;5;21h 15m;2;10651;1650;20
Air India;9;4;2019;22:00;19:15;10;4;21h 15m;2;8341;1651;20
Air India;6;6;2019;22:00;19:15;7;6;21h 15m;2;10441;1652;20
Air India;9;5;2019;22:00;19:15;10;5;21h 15m;2;10441;1653;20
Air India;24;6;2019;10:55;07:40;25;6;20h 45m;2;11753;1654;20
Air India;9;3;2019;22:00;19:15;10;3;21h 15m;2;16373;1655;20
Air India;24;6;2019;10:55;19:15;24;6;8h 20m;2;11753;1656;20
Air India;9;5;2019;22:00;19:15;10;5;21h 15m;2;10441;1657;20
Air India;15;6;2019;10:55;07:40;16;6;20h 45m;2;11753;1658;20
Air India;27;5;2019;22:00;19:15;28;5;21h 15m;2;10231;1659;20
Air India;27;6;2019;10:55;19:15;27;6;8h 20m;2;11753;1660;20
Air India;24;6;2019;22:00;19:15;25;6;21h 15m;2;9181;1661;20
Air India;18;5;2019;22:00;19:15;19;5;21h 15m;2;11228;1662;20
Air India;9;6;2019;22:00;19:15;10;6;21h 15m;2;10441;1663;20
Air India;9;3;2019;22:00;19:15;10;3;21h 15m;2;14851;1664;20
Air India;12;6;2019;10:55;07:40;13;6;20h 45m;2;11753;1665;20
Air India;18;5;2019;10:55;07:40;19;5;20h 45m;2;13486;1666;20
Air India;15;5;2019;22:00;19:15;16;5;21h 15m;2;11281;1667;20
Air India;21;5;2019;22:00;19:15;22;5;21h 15m;2;10231;1668;20
Air India;1;6;2019;22:00;19:15;2;6;21h 15m;2;10861;1669;20
Air India;6;6;2019;22:00;19:15;7;6;21h 15m;2;10441;1670;20
Air India;9;6;2019;22:00;19:15;10;6;21h 15m;2;10651;1671;20
Air India;27;5;2019;22:00;19:15;28;5;21h 15m;2;10231;1672;20
Air India;6;5;2019;22:00;19:15;7;5;21h 15m;2;11701;1673;20
Air India;24;5;2019;22:00;19:15;25;5;21h 15m;2;10441;1674;20
Air India;24;6;2019;22:00;19:15;25;6;21h 15m;2;9181;1675;20
Air India;3;6;2019;10:55;07:40;4;6;20h 45m;2;11753;1676;20
Air India;27;5;2019;10:55;19:15;27;5;8h 20m;2;13223;1677;20
Air India;15;6;2019;22:00;19:15;16;6;21h 15m;2;10441;1678;20
Air India;6;6;2019;10:55;19:15;6;6;8h 20m;2;11753;1679;20
Air India;15;5;2019;22:00;19:15;16;5;21h 15m;2;11281;1680;20
Air India;1;5;2019;22:00;19:15;2;5;21h 15m;2;11281;1681;20
Air India;1;6;2019;22:00;19:15;2;6;21h 15m;2;10441;1682;20
Air India;15;5;2019;10:55;07:40;16;5;20h 45m;2;12803;1683;20
Air India;12;6;2019;22:00;19:15;13;6;21h 15m;2;10231;1684;20
Air India;18;5;2019;10:55;19:15;18;5;8h 20m;2;13486;1685;20
Air India;18;5;2019;22:00;19:15;19;5;21h 15m;2;10441;1686;20
Air India;27;6;2019;22:00;19:15;28;6;21h 15m;2;10441;1687;20
Air India;15;5;2019;22:00;19:15;16;5;21h 15m;2;11281;1688;20
Air India;9;6;2019;10:55;19:15;9;6;8h 20m;2;12383;1689;20
Air India;21;5;2019;10:55;19:15;21;5;8h 20m;2;13276;1690;20
Air India;12;6;2019;10:55;19:15;12;6;8h 20m;2;11753;1691;20
Air India;3;6;2019;22:00;19:15;4;6;21h 15m;2;10231;1692;20
Air India;3;6;2019;10:55;19:15;3;6;8h 20m;2;12173;1693;20
Air India;24;6;2019;22:00;19:15;25;6;21h 15m;2;9181;1694;20
Air India;9;3;2019;10:55;19:15;10;3;32h 20m;2;17476;1695;20
Air India;12;6;2019;22:00;19:15;13;6;21h 15m;2;10231;1696;20
Air India;9;5;2019;10:55;19:15;9;5;8h 20m;2;11753;1697;20
Jet Airways;6;3;2019;16:50;04:25;8;3;35h 35m;2;19907;1698;21
Jet Airways;9;3;2019;15:55;04:25;10;3;12h 30m;2;19172;1699;21
Jet Airways;9;3;2019;11:00;14:15;9;3;3h 15m;0;7202;1700;22
Vistara;12;5;2019;14:40;17:50;12;5;3h 10m;0;6216;1701;22
Air India;18;4;2019;18:05;21:10;18;4;3h 5m;0;8246;1702;22
IndiGo;24;4;2019;05:35;08:50;24;4;3h 15m;0;5013;1703;22
Air India;18;5;2019;05:10;08:00;18;5;2h 50m;0;6934;1704;22
Vistara;3;3;2019;06:00;09:10;3;3;3h 10m;0;8001;1705;22
IndiGo;24;6;2019;05:35;08:50;24;6;3h 15m;0;5000;1706;22
Air India;18;6;2019;05:10;08:00;18;6;2h 50m;0;5201;1707;22
Vistara;15;4;2019;06:00;09:10;15;4;3h 10m;0;6216;1708;22
Vistara;21;4;2019;14:40;17:50;21;4;3h 10m;0;6741;1709;22
Air India;24;4;2019;05:10;08:00;24;4;2h 50m;0;5201;1710;22
Vistara;9;5;2019;14:40;17:50;9;5;3h 10m;0;6216;1711;22
Jet Airways;18;4;2019;11:00;14:15;18;4;3h 15m;0;5443;1712;22
Air India;15;5;2019;18:05;21:10;15;5;3h 5m;0;6094;1713;22
Vistara;24;4;2019;14:40;17:50;24;4;3h 10m;0;6216;1714;22
Air India;3;3;2019;18:05;21:10;3;3;3h 5m;0;8666;1715;22
IndiGo;27;4;2019;05:35;08:50;27;4;3h 15m;0;6015;1716;22
Air India;15;3;2019;18:05;21:10;15;3;3h 5m;0;4939;1717;22
IndiGo;21;6;2019;21:05;00:20;22;6;3h 15m;0;5406;1718;22
Vistara;21;3;2019;14:55;17:50;21;3;2h 55m;0;5586;1719;22
Vistara;12;6;2019;14:40;17:50;12;6;3h 10m;0;6216;1720;22
IndiGo;6;6;2019;05:35;08:50;6;6;3h 15m;0;5601;1721;22
Vistara;27;3;2019;06:00;09:10;27;3;3h 10m;0;4851;1722;22
Air India;21;5;2019;18:05;21:10;21;5;3h 5m;0;6094;1723;22
Jet Airways;24;6;2019;11:00;14:15;24;6;3h 15m;0;4256;1724;22
Vistara;15;3;2019;06:00;09:10;15;3;3h 10m;0;6111;1725;22
IndiGo;9;6;2019;21:05;00:20;10;6;3h 15m;0;6015;1726;22
Vistara;21;3;2019;06:00;09:10;21;3;3h 10m;0;6688;1727;22
Vistara;1;6;2019;06:00;09:10;1;6;3h 10m;0;6741;1728;22
IndiGo;21;3;2019;14:30;17:35;21;3;3h 5m;0;5406;1729;22
IndiGo;27;6;2019;05:35;08:50;27;6;3h 15m;0;5000;1730;22
IndiGo;21;5;2019;05:35;08:50;21;5;3h 15m;0;5601;1731;22
Air India;15;4;2019;05:10;08:00;15;4;2h 50m;0;6094;1732;22
IndiGo;21;6;2019;05:35;08:50;21;6;3h 15m;0;5000;1733;22
IndiGo;3;6;2019;05:35;08:50;3;6;3h 15m;0;5601;1734;22
IndiGo;9;6;2019;14:20;17:35;9;6;3h 15m;0;5601;1735;22
Vistara;12;5;2019;06:00;09:10;12;5;3h 10m;0;6216;1736;22
Jet Airways;21;5;2019;09:50;13:05;21;5;3h 15m;0;7202;1737;22
Air India;27;4;2019;05:10;08:00;27;4;2h 50m;0;6094;1738;22
IndiGo;3;6;2019;14:25;17:40;3;6;3h 15m;0;6015;1739;22
IndiGo;15;5;2019;05:35;08:50;15;5;3h 15m;0;6015;1740;22
Vistara;15;5;2019;06:00;09:10;15;5;3h 10m;0;6216;1741;22
IndiGo;15;4;2019;14:25;17:40;15;4;3h 15m;0;6015;1742;22
Vistara;9;4;2019;06:00;09:10;9;4;3h 10m;0;5586;1743;22
Air India;6;3;2019;14:10;17:10;6;3;3h;0;7931;1744;22
Air India;27;6;2019;05:10;08:00;27;6;2h 50m;0;5201;1745;22
IndiGo;18;4;2019;05:35;08:50;18;4;3h 15m;0;6015;1746;22
Jet Airways;9;5;2019;11:00;14:15;9;5;3h 15m;0;9564;1747;22
Vistara;1;4;2019;14:40;17:50;1;4;3h 10m;0;4851;1748;22
IndiGo;12;5;2019;14:25;17:40;12;5;3h 15m;0;5000;1749;22
IndiGo;18;4;2019;14:20;17:35;18;4;3h 15m;0;6015;1750;22
Jet Airways;21;6;2019;11:00;14:15;21;6;3h 15m;0;4256;1751;22
Air India;1;4;2019;05:10;08:00;1;4;2h 50m;0;4729;1752;22
IndiGo;18;3;2019;14:30;17:35;18;3;3h 5m;0;5406;1753;22
IndiGo;27;3;2019;05:35;08:50;27;3;3h 15m;0;4729;1754;22
Air India;21;3;2019;18:05;21:10;21;3;3h 5m;0;5674;1755;22
IndiGo;9;3;2019;05:35;08:50;9;3;3h 15m;0;6885;1756;22
Air India;6;3;2019;05:10;08:00;6;3;2h 50m;0;6881;1757;22
Air India;12;6;2019;05:10;08:00;12;6;2h 50m;0;5201;1758;22
IndiGo;9;6;2019;05:35;08:50;9;6;3h 15m;0;5601;1759;22
Air India;9;3;2019;05:10;08:00;9;3;2h 50m;0;5831;1760;22
Air India;6;6;2019;18:05;21:10;6;6;3h 5m;0;6094;1761;22
Air India;24;6;2019;14:10;17:10;24;6;3h;0;5201;1762;22
Vistara;18;5;2019;14:40;17:50;18;5;3h 10m;0;6741;1763;22
Jet Airways;27;6;2019;11:00;14:15;27;6;3h 15m;0;7202;1764;22
Jet Airways;6;4;2019;11:00;14:15;6;4;3h 15m;0;4886;1765;22
Vistara;27;4;2019;06:00;09:10;27;4;3h 10m;0;6216;1766;22
Air India;21;6;2019;14:10;17:10;21;6;3h;0;5201;1767;22
Air India;27;6;2019;14:10;17:10;27;6;3h;0;5201;1768;22
Air India;3;4;2019;14:10;17:10;3;4;3h;0;4729;1769;22
Vistara;9;3;2019;14:55;17:50;9;3;2h 55m;0;6741;1770;22
Air India;21;4;2019;14:10;17:10;21;4;3h;0;6934;1771;22
Vistara;21;6;2019;14:40;17:50;21;6;3h 10m;0;6216;1772;22
Air India;18;3;2019;14:10;17:10;18;3;3h;0;5674;1773;22
Air India;21;6;2019;05:10;08:00;21;6;2h 50m;0;5201;1774;22
Air India;12;6;2019;14:10;17:10;12;6;3h;0;5201;1775;22
Air India;6;5;2019;14:10;17:10;6;5;3h;0;6934;1776;22
Vistara;9;3;2019;06:00;09:10;9;3;3h 10m;0;7266;1777;22
IndiGo;15;3;2019;14:30;17:35;15;3;3h 5m;0;5895;1778;22
Air India;27;6;2019;18:05;21:10;27;6;3h 5m;0;5201;1779;22
Vistara;18;4;2019;06:00;09:10;18;4;3h 10m;0;6741;1780;22
Air India;9;5;2019;05:10;08:00;9;5;2h 50m;0;5201;1781;22
IndiGo;27;5;2019;21:05;00:20;28;5;3h 15m;0;5601;1782;22
Air India;27;5;2019;14:10;17:10;27;5;3h;0;6934;1783;22
IndiGo;3;3;2019;14:30;17:35;3;3;3h 5m;0;7673;1784;22
Air India;6;6;2019;14:10;17:10;6;6;3h;0;6094;1785;22
IndiGo;6;3;2019;05:35;08:50;6;3;3h 15m;0;7673;1786;22
Air India;12;5;2019;18:05;21:10;12;5;3h 5m;0;6304;1787;22
Air India;21;6;2019;18:05;21:10;21;6;3h 5m;0;5411;1788;22
IndiGo;12;5;2019;21:05;00:20;13;5;3h 15m;0;8626;1789;22
IndiGo;9;5;2019;05:35;08:50;9;5;3h 15m;0;5000;1790;22
Vistara;15;4;2019;14:40;17:50;15;4;3h 10m;0;6216;1791;22
Vistara;18;3;2019;14:55;17:50;18;3;2h 55m;0;5586;1792;22
Jet Airways;3;4;2019;11:00;14:15;3;4;3h 15m;0;4886;1793;22
Air India;9;4;2019;05:10;08:00;9;4;2h 50m;0;4729;1794;22
Air India;3;3;2019;05:10;08:00;3;3;2h 50m;0;7931;1795;22
Air India;27;4;2019;18:05;21:10;27;4;3h 5m;0;5411;1796;22
Vistara;6;3;2019;14:55;17:50;6;3;2h 55m;0;8001;1797;22
Air India;24;4;2019;18:05;21:10;24;4;3h 5m;0;5201;1798;22
Air India;21;4;2019;05:10;08:00;21;4;2h 50m;0;6094;1799;22
Vistara;27;5;2019;14:40;17:50;27;5;3h 10m;0;6216;1800;22
Air India;15;5;2019;05:10;08:00;15;5;2h 50m;0;6094;1801;22
IndiGo;12;6;2019;21:05;00:20;13;6;3h 15m;0;6015;1802;22
IndiGo;21;6;2019;14:25;17:40;21;6;3h 15m;0;5000;1803;22
Jet Airways;3;6;2019;11:00;14:15;3;6;3h 15m;0;7202;1804;22
Vistara;18;4;2019;14:40;17:50;18;4;3h 10m;0;6216;1805;22
IndiGo;3;4;2019;05:35;08:50;3;4;3h 15m;0;4729;1806;22
Jet Airways;9;3;2019;11:00;14:15;9;3;3h 15m;0;9564;1807;22
Air India;1;6;2019;05:10;08:00;1;6;2h 50m;0;6094;1808;22
IndiGo;15;3;2019;05:35;08:50;15;3;3h 15m;0;5406;1809;22
Jet Airways;12;6;2019;11:00;14:15;12;6;3h 15m;0;9564;1810;22
Jet Airways;15;6;2019;11:00;14:15;15;6;3h 15m;0;9564;1811;22
Jet Airways;1;6;2019;11:00;14:15;1;6;3h 15m;0;7202;1812;22
Air India;18;4;2019;05:10;08:00;18;4;2h 50m;0;6094;1813;22
IndiGo;18;3;2019;21:05;00:20;19;3;3h 15m;0;5021;1814;22
IndiGo;27;3;2019;14:30;17:35;27;3;3h 5m;0;4729;1815;22
Air India;18;6;2019;18:05;21:10;18;6;3h 5m;0;5201;1816;22
Air India;18;3;2019;05:10;08:00;18;3;2h 50m;0;5674;1817;22
IndiGo;6;3;2019;14:30;17:35;6;3;3h 5m;0;7673;1818;22
Air India;9;6;2019;14:10;17:10;9;6;3h;0;6094;1819;22
Air India;27;3;2019;05:10;08:00;27;3;2h 50m;0;4729;1820;22
Air India;6;3;2019;18:05;21:10;6;3;3h 5m;0;7931;1821;22
Air India;6;4;2019;05:10;08:00;6;4;2h 50m;0;4729;1822;22
IndiGo;3;4;2019;14:20;17:35;3;4;3h 15m;0;4729;1823;22
Air India;21;5;2019;14:05;17:55;21;5;3h 50m;0;6094;1824;22
Vistara;24;4;2019;06:00;09:10;24;4;3h 10m;0;6216;1825;22
Air India;9;6;2019;18:05;21:10;9;6;3h 5m;0;8456;1826;22
Vistara;18;5;2019;06:00;09:10;18;5;3h 10m;0;6741;1827;22
Air India;18;6;2019;14:05;17:55;18;6;3h 50m;0;5201;1828;22
Jet Airways;6;6;2019;11:00;14:15;6;6;3h 15m;0;7202;1829;22
IndiGo;3;4;2019;21:05;00:20;4;4;3h 15m;0;5021;1830;22
IndiGo;3;3;2019;05:35;08:50;3;3;3h 15m;0;7673;1831;22
IndiGo;12;6;2019;05:35;08:50;12;6;3h 15m;0;5601;1832;22
Air India;27;4;2019;14:10;17:10;27;4;3h;0;6094;1833;22
IndiGo;15;6;2019;05:35;08:50;15;6;3h 15m;0;5601;1834;22
IndiGo;15;5;2019;21:05;00:20;16;5;3h 15m;0;6834;1835;22
Air India;15;3;2019;14:10;17:10;15;3;3h;0;5674;1836;22
Air India;27;5;2019;05:10;08:00;27;5;2h 50m;0;6094;1837;22
Jet Airways;21;6;2019;11:00;14:15;21;6;3h 15m;0;9564;1838;22
Air India;21;5;2019;05:10;08:00;21;5;2h 50m;0;6094;1839;22
Jet Airways;9;6;2019;11:00;14:15;9;6;3h 15m;0;7202;1840;22
IndiGo;27;5;2019;14:25;17:40;27;5;3h 15m;0;6015;1841;22
Vistara;21;5;2019;06:00;09:10;21;5;3h 10m;0;6741;1842;22
Air India;24;4;2019;14:10;17:10;24;4;3h;0;6094;1843;22
Jet Airways;12;6;2019;11:00;14:15;12;6;3h 15m;0;7202;1844;22
Vistara;15;3;2019;14:55;17:50;15;3;2h 55m;0;6688;1845;22
Jet Airways;21;5;2019;09:50;13:05;21;5;3h 15m;0;9564;1846;22
Vistara;21;6;2019;06:00;09:10;21;6;3h 10m;0;6216;1847;22
Vistara;3;6;2019;14:40;17:50;3;6;3h 10m;0;6216;1848;22
IndiGo;1;6;2019;05:35;08:50;1;6;3h 15m;0;6541;1849;22
Air India;21;3;2019;14:10;17:10;21;3;3h;0;5674;1850;22
IndiGo;12;5;2019;05:35;08:50;12;5;3h 15m;0;6015;1851;22
Air India;3;6;2019;18:05;21:10;3;6;3h 5m;0;6934;1852;22
Vistara;18;6;2019;06:00;09:10;18;6;3h 10m;0;6216;1853;22
Air India;6;6;2019;05:10;08:00;6;6;2h 50m;0;5201;1854;22
Air India;3;6;2019;14:10;17:10;3;6;3h;0;6934;1855;22
IndiGo;21;5;2019;14:25;17:40;21;5;3h 15m;0;5601;1856;22
Air India;9;4;2019;14:05;17:55;9;4;3h 50m;0;6724;1857;22
Jet Airways;15;6;2019;11:00;14:15;15;6;3h 15m;0;7202;1858;22
Air India;3;6;2019;05:10;08:00;3;6;2h 50m;0;5201;1859;22
Jet Airways;6;6;2019;11:00;14:15;6;6;3h 15m;0;9564;1860;22
Vistara;24;6;2019;14:40;17:50;24;6;3h 10m;0;6216;1861;22
Air India;27;5;2019;18:05;21:10;27;5;3h 5m;0;6094;1862;22
Jet Airways;21;4;2019;11:00;14:15;21;4;3h 15m;0;7202;1863;22
Air India;15;6;2019;05:10;08:00;15;6;2h 50m;0;5201;1864;22
Air India;9;5;2019;18:05;21:10;9;5;3h 5m;0;6094;1865;22
Jet Airways;12;5;2019;11:00;14:15;12;5;3h 15m;0;7202;1866;22
Jet Airways;27;5;2019;11:00;14:15;27;5;3h 15m;0;7989;1867;22
Jet Airways;9;6;2019;11:00;14:15;9;6;3h 15m;0;9564;1868;22
IndiGo;27;4;2019;14:20;17:35;27;4;3h 15m;0;5021;1869;22
IndiGo;18;5;2019;14:25;17:40;18;5;3h 15m;0;6015;1870;22
Air India;24;5;2019;14:10;17:10;24;5;3h;0;6934;1871;22
Air India;15;5;2019;14:10;17:10;15;5;3h;0;6094;1872;22
IndiGo;1;4;2019;14:20;17:35;1;4;3h 15m;0;4729;1873;22
Jet Airways;18;6;2019;09:50;13:05;18;6;3h 15m;0;9564;1874;22
IndiGo;18;5;2019;05:35;08:50;18;5;3h 15m;0;6015;1875;22
Vistara;9;6;2019;14:40;17:50;9;6;3h 10m;0;6216;1876;22
Air India;21;3;2019;05:10;08:00;21;3;2h 50m;0;5674;1877;22
Air India;24;6;2019;18:05;21:10;24;6;3h 5m;0;5201;1878;22
Air India;3;3;2019;14:10;17:10;3;3;3h;0;7931;1879;22
Jet Airways;18;4;2019;11:00;14:15;18;4;3h 15m;0;9564;1880;22
Vistara;6;3;2019;06:00;09:10;6;3;3h 10m;0;12411;1881;22
Jet Airways;24;6;2019;11:00;14:15;24;6;3h 15m;0;9564;1882;22
IndiGo;18;6;2019;05:35;08:50;18;6;3h 15m;0;5000;1883;22
IndiGo;12;6;2019;14:25;17:40;12;6;3h 15m;0;5601;1884;22
IndiGo;27;6;2019;14:25;17:40;27;6;3h 15m;0;5000;1885;22
IndiGo;3;3;2019;21:05;00:20;4;3;3h 15m;0;7673;1886;22
IndiGo;21;4;2019;05:35;08:50;21;4;3h 15m;0;6015;1887;22
Air India;18;3;2019;18:05;21:10;18;3;3h 5m;0;4729;1888;22
IndiGo;9;5;2019;14:25;17:40;9;5;3h 15m;0;6015;1889;22
Air India;18;4;2019;14:10;17:10;18;4;3h;0;6094;1890;22
Vistara;24;6;2019;06:00;09:10;24;6;3h 10m;0;6216;1891;22
Air India;9;5;2019;14:10;17:10;9;5;3h;0;6094;1892;22
Vistara;1;6;2019;14:40;17:50;1;6;3h 10m;0;6741;1893;22
IndiGo;24;6;2019;14:20;17:35;24;6;3h 15m;0;5000;1894;22
Vistara;27;4;2019;14:40;17:50;27;4;3h 10m;0;6216;1895;22
Air India;12;5;2019;05:10;08:00;12;5;2h 50m;0;6094;1896;22
Jet Airways;18;5;2019;11:00;14:15;18;5;3h 15m;0;9564;1897;22
Vistara;27;5;2019;06:00;09:10;27;5;3h 10m;0;6216;1898;22
Jet Airways;18;5;2019;11:00;14:15;18;5;3h 15m;0;7202;1899;22
Vistara;15;6;2019;14:40;17:50;15;6;3h 10m;0;6216;1900;22
Vistara;27;6;2019;06:00;09:10;27;6;3h 10m;0;6216;1901;22
Jet Airways;15;4;2019;11:00;14:15;15;4;3h 15m;0;5443;1902;22
Air India;18;5;2019;14:10;17:10;18;5;3h;0;6934;1903;22
Vistara;6;6;2019;06:00;09:10;6;6;3h 10m;0;6216;1904;22
Jet Airways;12;5;2019;11:00;14:15;12;5;3h 15m;0;9564;1905;22
IndiGo;15;5;2019;14:25;17:40;15;5;3h 15m;0;6541;1906;22
Air India;1;6;2019;14:10;17:10;1;6;3h;0;6934;1907;22
IndiGo;1;6;2019;14:25;17:40;1;6;3h 15m;0;6015;1908;22
Vistara;27;6;2019;14:40;17:50;27;6;3h 10m;0;6216;1909;22
IndiGo;18;6;2019;14:20;17:35;18;6;3h 15m;0;5000;1910;22
Jet Airways;27;5;2019;11:00;14:15;27;5;3h 15m;0;9564;1911;22
Jet Airways;18;6;2019;09:50;13:05;18;6;3h 15m;0;4466;1912;22
Air India;12;6;2019;20:15;19:15;13;6;23h;2;13381;1913;23
Air India;6;6;2019;14:25;19:15;7;6;28h 50m;2;13591;1914;23
Air India;6;6;2019;06:50;07:40;7;6;24h 50m;2;13381;1915;23
Air India;24;6;2019;16:55;19:15;25;6;26h 20m;2;13381;1916;23
Air India;1;6;2019;06:50;07:40;2;6;24h 50m;2;15481;1917;23
Air India;12;6;2019;14:25;19:15;13;6;28h 50m;2;13381;1918;23
Air India;27;5;2019;14:25;19:15;28;5;28h 50m;2;13381;1919;23
Air India;21;3;2019;06:50;19:15;22;3;36h 25m;2;10756;1920;23
Air India;24;6;2019;14:25;19:15;25;6;28h 50m;2;13381;1921;23
Air India;3;6;2019;06:50;07:40;4;6;24h 50m;2;13381;1922;23
Air India;18;5;2019;20:15;19:15;19;5;23h;2;13591;1923;23
Air India;27;5;2019;06:50;07:40;28;5;24h 50m;2;16163;1924;23
Air India;9;5;2019;06:50;07:40;10;5;24h 50m;2;14431;1925;23
Air India;9;3;2019;16:55;19:15;10;3;26h 20m;2;22096;1926;23
Air India;27;6;2019;06:50;07:40;28;6;24h 50m;2;14431;1927;23
Air India;1;6;2019;14:25;19:15;2;6;28h 50m;2;13591;1928;23
Air India;15;6;2019;20:15;19:15;16;6;23h;2;13591;1929;23
Air India;27;6;2019;14:25;19:15;28;6;28h 50m;2;13591;1930;23
Air India;9;5;2019;14:25;19:15;10;5;28h 50m;2;13591;1931;23
Air India;12;6;2019;06:50;07:40;13;6;24h 50m;2;13381;1932;23
Air India;15;6;2019;06:50;07:40;16;6;24h 50m;2;13591;1933;23
Air India;6;3;2019;06:50;07:40;7;3;24h 50m;2;20416;1934;23
Air India;15;5;2019;06:50;07:40;16;5;24h 50m;2;14431;1935;23
Air India;6;6;2019;20:15;19:15;7;6;23h;2;13591;1936;23
Air India;27;5;2019;20:15;19:15;28;5;23h;2;13381;1937;23
Air India;27;6;2019;20:15;19:15;28;6;23h;2;13591;1938;23
Air India;21;3;2019;06:50;07:40;22;3;24h 50m;2;11071;1939;23
Air India;24;6;2019;20:15;19:15;25;6;23h;2;13381;1940;23
Air India;9;5;2019;16:55;19:15;10;5;26h 20m;2;13591;1941;23
Air India;9;3;2019;20:15;19:15;10;3;23h;2;19681;1942;23
Air India;27;6;2019;16:55;19:15;28;6;26h 20m;2;13591;1943;23
Air India;21;5;2019;20:15;19:15;22;5;23h;2;13381;1944;23
Air India;9;5;2019;20:15;19:15;10;5;23h;2;13591;1945;23
Air India;9;4;2019;20:15;19:15;10;4;23h;2;9916;1946;23
Air India;12;6;2019;16:55;19:15;13;6;26h 20m;2;13381;1947;23
Air India;24;6;2019;06:50;07:40;25;6;24h 50m;2;13381;1948;23
Air India;3;6;2019;16:55;19:15;4;6;26h 20m;2;13381;1949;23
Jet Airways;24;6;2019;17:35;19:00;25;6;25h 25m;2;13922;1950;23
Air India;9;6;2019;14:25;19:15;10;6;28h 50m;2;13381;1951;23
Air India;9;6;2019;20:15;19:15;10;6;23h;2;13381;1952;23
Air India;6;6;2019;16:55;19:15;7;6;26h 20m;2;13591;1953;23
Air India;3;6;2019;20:15;19:15;4;6;23h;2;13381;1954;23
Air India;18;5;2019;06:50;07:40;19;5;24h 50m;2;13591;1955;23
Air India;1;6;2019;16:55;19:15;2;6;26h 20m;2;13801;1956;23
Multiple carriers;27;5;2019;11:25;19:15;27;5;7h 50m;1;8625;1957;24
Jet Airways;12;6;2019;14:00;12:35;13;6;22h 35m;1;10262;1958;24
Jet Airways;27;5;2019;16:00;12:35;28;5;20h 35m;1;12898;1959;24
GoAir;6;3;2019;14:10;19:20;6;3;5h 10m;1;19495;1960;24
GoAir;15;5;2019;07:00;12:55;15;5;5h 55m;1;7682;1961;24
Jet Airways;18;5;2019;07:05;12:35;18;5;5h 30m;1;12373;1962;24
IndiGo;27;6;2019;10:35;21:00;27;6;10h 25m;1;5894;1963;24
Jet Airways;3;6;2019;07:05;19:00;3;6;11h 55m;1;14924;1964;24
Jet Airways;18;5;2019;20:55;19:00;19;5;22h 5m;1;12373;1965;24
Multiple carriers;21;3;2019;09:00;21:00;21;3;12h;1;13062;1966;24
Multiple carriers;6;5;2019;19:00;01:30;7;5;6h 30m;1;8073;1967;24
Multiple carriers;3;6;2019;08:45;19:00;3;6;10h 15m;1;12524;1968;24
IndiGo;15;5;2019;15:00;01:30;16;5;10h 30m;1;7191;1969;24
IndiGo;24;6;2019;10:35;21:00;24;6;10h 25m;1;5894;1970;24
Multiple carriers;24;6;2019;11:40;19:00;24;6;7h 20m;1;10791;1971;24
Jet Airways;15;6;2019;17:30;12:35;16;6;19h 5m;1;10262;1972;24
IndiGo;27;6;2019;11:25;21:00;27;6;9h 35m;1;5894;1973;24
Multiple carriers;18;5;2019;09:00;19:00;18;5;10h;1;10197;1974;24
Multiple carriers;6;3;2019;02:15;13:20;6;3;11h 5m;1;17057;1975;24
Jet Airways;24;6;2019;20:55;04:25;25;6;7h 30m;1;10262;1976;24
Multiple carriers;27;3;2019;11:40;18:50;27;3;7h 10m;1;11421;1977;24
Multiple carriers;27;3;2019;04:45;19:15;27;3;14h 30m;1;7574;1978;24
Jet Airways;6;3;2019;18:15;04:25;7;3;10h 10m;1;17024;1979;24
GoAir;27;6;2019;07:00;12:55;27;6;5h 55m;1;5281;1980;24
Multiple carriers;3;3;2019;15:25;01:35;4;3;10h 10m;1;15147;1981;24
Jet Airways;9;5;2019;07:05;19:00;9;5;11h 55m;1;15554;1982;24
Air India;1;3;2019;23:00;19:15;2;3;20h 15m;1;27430;1983;24
Jet Airways;15;6;2019;11:30;04:25;16;6;16h 55m;1;10262;1984;24
Multiple carriers;21;5;2019;11:30;01:30;22;5;14h;1;14067;1985;24
Jet Airways;3;3;2019;08:00;18:50;3;3;10h 50m;1;17024;1986;24
Multiple carriers;9;4;2019;17:30;01:30;10;4;8h;1;13017;1987;24
Multiple carriers;9;6;2019;12:50;21:00;9;6;8h 10m;1;7005;1988;24
Jet Airways;6;3;2019;02:15;04:25;7;3;26h 10m;1;17024;1989;24
Jet Airways;27;5;2019;13:00;04:25;28;5;15h 25m;1;12898;1990;24
Jet Airways;27;3;2019;19:15;04:25;28;3;9h 10m;1;6540;1991;24
Jet Airways;3;4;2019;14:00;12:35;4;4;22h 35m;1;5177;1992;24
Multiple carriers;27;6;2019;11:30;21:00;27;6;9h 30m;1;13587;1993;24
IndiGo;3;4;2019;20:25;01:30;4;4;5h 5m;1;5073;1994;24
Multiple carriers;21;5;2019;08:00;21:00;21;5;13h;1;14277;1995;24
Jet Airways;1;6;2019;10:00;04:25;2;6;18h 25m;1;10262;1996;24
Multiple carriers;15;5;2019;16:00;01:30;16;5;9h 30m;1;13727;1997;24
Jet Airways;24;6;2019;09:00;04:25;25;6;19h 25m;1;10262;1998;24
Multiple carriers;27;3;2019;07:05;15:30;27;3;8h 25m;1;12537;1999;24
Multiple carriers;3;6;2019;06:40;19:00;3;6;12h 20m;1;10877;2000;24
IndiGo;27;3;2019;16:00;01:35;28;3;9h 35m;1;7048;2001;24
Multiple carriers;3;6;2019;08:30;19:15;3;6;10h 45m;1;7677;2002;24
Multiple carriers;9;6;2019;09:00;19:00;9;6;10h;1;12192;2003;24
Air India;12;6;2019;09:00;19:15;12;6;10h 15m;1;8372;2004;24
Multiple carriers;9;5;2019;10:00;19:15;9;5;9h 15m;1;14323;2005;24
Air India;18;5;2019;13:00;19:15;18;5;6h 15m;1;10191;2006;24
Jet Airways;9;3;2019;02:15;19:45;9;3;17h 30m;1;13843;2007;24
Jet Airways;6;3;2019;18:15;19:45;7;3;25h 30m;1;17024;2008;24
Multiple carriers;18;5;2019;07:05;21:00;18;5;13h 55m;1;13727;2009;24
Multiple carriers;24;6;2019;08:45;19:00;24;6;10h 15m;1;12524;2010;24
Multiple carriers;9;6;2019;09:00;21:00;9;6;12h;1;13587;2011;24
Jet Airways;9;6;2019;19:15;04:25;10;6;9h 10m;1;10577;2012;24
IndiGo;15;5;2019;10:35;21:00;15;5;10h 25m;1;6979;2013;24
Air India;21;3;2019;19:00;19:15;22;3;24h 15m;1;6587;2014;24
Jet Airways;6;6;2019;08:00;19:00;6;6;11h;1;14714;2015;24
Multiple carriers;21;3;2019;11:40;01:35;22;3;13h 55m;1;7695;2016;24
IndiGo;24;6;2019;11:25;01:30;25;6;14h 5m;1;5684;2017;24
Air India;1;6;2019;07:00;19:15;1;6;12h 15m;1;9929;2018;24
Multiple carriers;27;5;2019;17:30;01:30;28;5;8h;1;7308;2019;24
Jet Airways;24;6;2019;09:00;12:35;25;6;27h 35m;1;10262;2020;24
Jet Airways;27;5;2019;20:55;04:25;28;5;7h 30m;1;12898;2021;24
IndiGo;3;3;2019;04:45;13:20;3;3;8h 35m;1;14871;2022;24
Multiple carriers;6;6;2019;07:30;19:15;6;6;11h 45m;1;9001;2023;24
Jet Airways;27;3;2019;13:00;04:25;28;3;15h 25m;1;12242;2024;24
Jet Airways;3;6;2019;16:00;19:00;4;6;27h;1;14714;2025;24
IndiGo;3;3;2019;09:10;21:00;3;3;11h 50m;1;14871;2026;24
Multiple carriers;27;6;2019;19:00;01:30;28;6;6h 30m;1;7198;2027;24
Jet Airways;1;6;2019;08:00;04:25;2;6;20h 25m;1;10262;2028;24
Jet Airways;9;6;2019;22:50;04:25;10;6;5h 35m;1;10262;2029;24
Jet Airways;27;5;2019;17:30;19:00;28;5;25h 30m;1;16079;2030;24
Jet Airways;27;5;2019;22:50;04:25;28;5;5h 35m;1;12898;2031;24
Multiple carriers;6;3;2019;07:30;19:15;6;3;11h 45m;1;15353;2032;24
Jet Airways;27;5;2019;11:30;19:00;27;5;7h 30m;1;16079;2033;24
Multiple carriers;27;5;2019;17:45;01:30;28;5;7h 45m;1;6795;2034;24
Jet Airways;27;5;2019;10:00;19:00;27;5;9h;1;16079;2035;24
Jet Airways;27;3;2019;18:15;04:25;28;3;10h 10m;1;6540;2036;24
Jet Airways;24;6;2019;14:00;12:35;25;6;22h 35m;1;10262;2037;24
Multiple carriers;9;5;2019;07:30;19:00;9;5;11h 30m;1;9315;2038;24
Multiple carriers;27;3;2019;10:00;18:50;27;3;8h 50m;1;11667;2039;24
Multiple carriers;6;3;2019;13:00;01:35;7;3;12h 35m;1;15603;2040;24
Multiple carriers;6;6;2019;07:30;19:00;6;6;11h 30m;1;12524;2041;24
Jet Airways;1;6;2019;19:15;19:00;2;6;23h 45m;1;10262;2042;24
Jet Airways;27;5;2019;18:15;19:00;28;5;24h 45m;1;16079;2043;24
Air India;15;5;2019;07:00;19:15;15;5;12h 15m;1;8669;2044;24
IndiGo;3;3;2019;17:30;01:35;4;3;8h 5m;1;14871;2045;24
Jet Airways;21;5;2019;14:00;19:00;21;5;5h;1;12898;2046;24
Multiple carriers;1;3;2019;12:50;19:15;1;3;6h 25m;1;36983;2047;24
Multiple carriers;3;6;2019;13:00;19:15;3;6;6h 15m;1;14848;2048;24
Multiple carriers;12;6;2019;08:45;19:15;12;6;10h 30m;1;8266;2049;24
Jet Airways;21;5;2019;07:05;04:25;22;5;21h 20m;1;12898;2050;24
Jet Airways;21;3;2019;22:50;04:25;22;3;5h 35m;1;12242;2051;24
Multiple carriers;6;3;2019;10:20;18:50;6;3;8h 30m;1;15411;2052;24
Jet Airways;9;3;2019;19:45;18:50;10;3;23h 5m;1;16289;2053;24
Jet Airways;6;6;2019;09:00;19:00;6;6;10h;1;14714;2054;24
Multiple carriers;15;5;2019;11:30;19:15;15;5;7h 45m;1;14323;2055;24
Multiple carriers;9;5;2019;10:00;21:00;9;5;11h;1;13727;2056;24
Jet Airways;18;5;2019;19:45;19:00;19;5;23h 15m;1;12373;2057;24
Multiple carriers;9;4;2019;12:50;19:15;9;4;6h 25m;1;6481;2058;24
Multiple carriers;6;6;2019;10:35;19:15;6;6;8h 40m;1;7354;2059;24
Jet Airways;9;6;2019;07:05;19:00;9;6;11h 55m;1;10262;2060;24
Jet Airways;3;4;2019;14:00;19:00;3;4;5h;1;5177;2061;24
Multiple carriers;15;6;2019;10:20;01:30;16;6;15h 10m;1;6795;2062;24
Multiple carriers;3;6;2019;07:30;19:15;3;6;11h 45m;1;9736;2063;24
Multiple carriers;9;6;2019;19:00;01:30;10;6;6h 30m;1;7408;2064;24
Air India;3;6;2019;03:50;19:15;3;6;15h 25m;1;8669;2065;24
IndiGo;24;6;2019;16:00;01:30;25;6;9h 30m;1;6316;2066;24
Jet Airways;6;3;2019;22:20;04:25;7;3;6h 5m;1;12583;2067;24
GoAir;3;3;2019;07:00;12:50;3;3;5h 50m;1;7378;2068;24
Multiple carriers;18;5;2019;14:00;21:00;18;5;7h;1;13727;2069;24
Multiple carriers;9;5;2019;10:00;19:00;9;5;9h;1;10197;2070;24
Jet Airways;1;4;2019;22:50;12:35;2;4;13h 45m;1;5177;2071;24
Jet Airways;6;6;2019;20:55;04:25;7;6;7h 30m;1;14714;2072;24
Jet Airways;1;4;2019;10:00;19:00;1;4;9h;1;5406;2073;24
Jet Airways;18;5;2019;07:05;04:25;19;5;21h 20m;1;12373;2074;24
Air India;6;6;2019;13:00;19:15;6;6;6h 15m;1;8372;2075;24
Jet Airways;3;3;2019;13:55;04:25;4;3;14h 30m;1;17024;2076;24
Jet Airways;9;3;2019;06:50;19:45;9;3;12h 55m;1;14053;2077;24
Multiple carriers;15;5;2019;08:30;19:00;15;5;10h 30m;1;9627;2078;24
Multiple carriers;21;3;2019;11:30;01:35;22;3;14h 5m;1;13542;2079;24
Jet Airways;27;5;2019;09:00;12:35;28;5;27h 35m;1;12898;2080;24
Jet Airways;27;5;2019;14:00;19:00;27;5;5h;1;12898;2081;24
Jet Airways;6;6;2019;18:15;04:25;7;6;10h 10m;1;10262;2082;24
Air India;6;3;2019;08:00;19:15;6;3;11h 15m;1;15284;2083;24
Jet Airways;24;6;2019;20:55;12:35;25;6;15h 40m;1;10262;2084;24
Jet Airways;3;3;2019;09:55;04:25;4;3;18h 30m;1;19828;2085;24
Multiple carriers;15;6;2019;18:00;01:30;16;6;7h 30m;1;7408;2086;24
Multiple carriers;1;6;2019;13:00;01:30;2;6;12h 30m;1;7723;2087;24
Multiple carriers;6;3;2019;07:30;18:50;6;3;11h 20m;1;15411;2088;24
Jet Airways;15;6;2019;08:00;19:00;15;6;11h;1;14714;2089;24
GoAir;15;6;2019;10:35;19:35;15;6;9h;1;4959;2090;24
Multiple carriers;18;5;2019;06:00;19:00;18;5;13h;1;9794;2091;24
Multiple carriers;18;5;2019;11:40;19:15;18;5;7h 35m;1;9211;2092;24
Multiple carriers;27;5;2019;07:30;19:15;27;5;11h 45m;1;10786;2093;24
Jet Airways;9;5;2019;02:15;04:25;10;5;26h 10m;1;12373;2094;24
Air India;21;3;2019;23:00;19:15;22;3;20h 15m;1;6745;2095;24
Jet Airways;15;6;2019;22:50;19:00;16;6;20h 10m;1;10262;2096;24
Jet Airways;27;3;2019;17:30;04:25;28;3;10h 55m;1;6540;2097;24
Jet Airways;9;5;2019;21:50;19:00;10;5;21h 10m;1;15554;2098;24
Jet Airways;27;3;2019;23:05;19:45;28;3;20h 40m;1;7438;2099;24
Multiple carriers;1;5;2019;19:00;01:30;2;5;6h 30m;1;9424;2100;24
Jet Airways;21;3;2019;19:45;18:50;22;3;23h 5m;1;5406;2101;24
Jet Airways;27;5;2019;20:55;19:00;28;5;22h 5m;1;12898;2102;24
IndiGo;6;3;2019;08:25;21:00;6;3;12h 35m;1;14871;2103;24
Jet Airways;27;5;2019;19:15;12:35;28;5;17h 20m;1;12898;2104;24
Multiple carriers;15;5;2019;08:00;19:15;15;5;11h 15m;1;14533;2105;24
Jet Airways;9;4;2019;17:30;12:35;10;4;19h 5m;1;11822;2106;24
Jet Airways;27;3;2019;21:50;04:25;28;3;6h 35m;1;6017;2107;24
Jet Airways;9;6;2019;11:30;19:00;9;6;7h 30m;1;14714;2108;24
Jet Airways;3;6;2019;19:45;04:25;4;6;8h 40m;1;10262;2109;24
Multiple carriers;21;5;2019;07:00;21:00;21;5;14h;1;7888;2110;24
Jet Airways;18;5;2019;07:05;19:00;18;5;11h 55m;1;15554;2111;24
Multiple carriers;1;6;2019;08:30;19:15;1;6;10h 45m;1;8937;2112;24
Multiple carriers;9;4;2019;17:00;01:30;10;4;8h 30m;1;6838;2113;24
Multiple carriers;15;6;2019;12:50;01:30;16;6;12h 40m;1;6795;2114;24
Multiple carriers;21;3;2019;07:30;19:15;21;3;11h 45m;1;9100;2115;24
IndiGo;1;6;2019;07:30;21:00;1;6;13h 30m;1;6416;2116;24
Multiple carriers Premium economy;21;3;2019;07:30;19:15;21;3;11h 45m;1;10161;2117;24
Multiple carriers;15;6;2019;07:30;19:00;15;6;11h 30m;1;10877;2118;24
Jet Airways;6;4;2019;08:00;19:00;6;4;11h;1;5406;2119;24
GoAir;1;6;2019;14:25;19:35;1;6;5h 10m;1;10651;2120;24
Jet Airways;21;3;2019;18:15;04:25;22;3;10h 10m;1;5963;2121;24
Multiple carriers;21;5;2019;12:50;21:00;21;5;8h 10m;1;7485;2122;24
IndiGo;6;3;2019;07:30;15:30;6;3;8h;1;14871;2123;24
IndiGo;15;5;2019;10:35;01:30;16;5;14h 55m;1;6979;2124;24
IndiGo;1;6;2019;09:15;01:30;2;6;16h 15m;1;7048;2125;24
IndiGo;27;5;2019;16:00;21:00;27;5;5h;1;5054;2126;24
Air India;1;6;2019;21:00;19:15;2;6;22h 15m;1;8582;2127;24
Air India;18;5;2019;03:50;19:15;18;5;15h 25m;1;8879;2128;24
IndiGo;3;3;2019;04:45;11:30;3;3;6h 45m;1;14871;2129;24
Multiple carriers;24;6;2019;10:20;19:00;24;6;8h 40m;1;10791;2130;24
Jet Airways;6;5;2019;13:00;04:25;7;5;15h 25m;1;15554;2131;24
Multiple carriers;3;3;2019;17:00;01:35;4;3;8h 35m;1;17073;2132;24
Multiple carriers;9;6;2019;11:40;01:30;10;6;13h 50m;1;6795;2133;24
Multiple carriers;21;3;2019;09:10;18:50;21;3;9h 40m;1;13069;2134;24
Multiple carriers;21;3;2019;06:40;18:50;21;3;12h 10m;1;13568;2135;24
Multiple carriers;6;3;2019;11:40;19:15;6;3;7h 35m;1;15353;2136;24
GoAir;9;5;2019;14:25;19:35;9;5;5h 10m;1;10188;2137;24
Multiple carriers;27;5;2019;13:00;01:30;28;5;12h 30m;1;6943;2138;24
Multiple carriers;1;6;2019;06:40;19:15;1;6;12h 35m;1;8937;2139;24
Multiple carriers;21;5;2019;07:00;19:00;21;5;12h;1;10197;2140;24
Multiple carriers;18;5;2019;10:00;21:00;18;5;11h;1;9275;2141;24
Multiple carriers;21;3;2019;13:00;01:35;22;3;12h 35m;1;13542;2142;24
Jet Airways;18;5;2019;10:00;19:00;18;5;9h;1;15554;2143;24
Multiple carriers;27;6;2019;06:00;19:15;27;6;13h 15m;1;7268;2144;24
Multiple carriers;9;5;2019;08:30;19:00;9;5;10h 30m;1;9627;2145;24
Multiple carriers;9;5;2019;11:25;19:00;9;5;7h 35m;1;9103;2146;24
Multiple carriers;9;4;2019;08:00;19:00;9;4;11h;1;11142;2147;24
Jet Airways;18;5;2019;22:50;19:00;19;5;20h 10m;1;15554;2148;24
Jet Airways;27;6;2019;07:05;19:00;27;6;11h 55m;1;10262;2149;24
Jet Airways;15;6;2019;14:00;19:00;15;6;5h;1;10262;2150;24
Jet Airways;27;6;2019;16:00;19:00;28;6;27h;1;10262;2151;24
Multiple carriers;21;3;2019;09:00;19:15;21;3;10h 15m;1;13378;2152;24
IndiGo;9;5;2019;18:35;01:30;10;5;6h 55m;1;8542;2153;24
Multiple carriers;15;6;2019;13:00;19:15;15;6;6h 15m;1;16108;2154;24
Multiple carriers;27;6;2019;04:55;19:15;27;6;14h 20m;1;7155;2155;24
Multiple carriers;21;3;2019;13:00;21:00;21;3;8h;1;7618;2156;24
Multiple carriers;6;3;2019;08:55;21:00;6;3;12h 5m;1;15147;2157;24
Multiple carriers;27;6;2019;10:20;01:30;28;6;15h 10m;1;6270;2158;24
Multiple carriers;3;3;2019;13:55;01:35;4;3;11h 40m;1;17057;2159;24
Jet Airways;27;5;2019;18:15;04:25;28;5;10h 10m;1;12898;2160;24
Multiple carriers;9;5;2019;07:30;19:00;9;5;11h 30m;1;9794;2161;24
Jet Airways;27;6;2019;22:50;12:35;28;6;13h 45m;1;10262;2162;24
Multiple carriers;6;3;2019;07:30;21:00;6;3;13h 30m;1;15147;2163;24
Jet Airways;9;5;2019;13:00;04:25;10;5;15h 25m;1;12373;2164;24
Jet Airways;1;6;2019;02:15;12:35;1;6;10h 20m;1;10262;2165;24
Jet Airways;27;5;2019;16:00;04:25;28;5;12h 25m;1;12898;2166;24
Multiple carriers;9;5;2019;08:00;19:15;9;5;11h 15m;1;9871;2167;24
Jet Airways;3;6;2019;20:55;19:00;4;6;22h 5m;1;10262;2168;24
Multiple carriers;3;3;2019;19:00;01:35;4;3;6h 35m;1;16775;2169;24
Multiple carriers;12;6;2019;17:00;01:30;13;6;8h 30m;1;7198;2170;24
Jet Airways;3;3;2019;20:50;04:25;4;3;7h 35m;1;17234;2171;24
Multiple carriers;27;3;2019;04:00;15:30;27;3;11h 30m;1;6305;2172;24
Multiple carriers;24;6;2019;11:40;01:30;25;6;13h 50m;1;5797;2173;24
Jet Airways;9;6;2019;09:00;04:25;10;6;19h 25m;1;10262;2174;24
Jet Airways;9;6;2019;15:00;19:00;10;6;28h;1;10262;2175;24
Jet Airways;21;5;2019;19:15;12:35;22;5;17h 20m;1;12898;2176;24
Jet Airways;3;6;2019;14:00;04:25;4;6;14h 25m;1;10262;2177;24
Jet Airways;3;6;2019;21:50;04:25;4;6;6h 35m;1;12898;2178;24
Jet Airways;18;5;2019;14:00;04:25;19;5;14h 25m;1;12373;2179;24
Air India;21;3;2019;10:00;19:15;21;3;9h 15m;1;7934;2180;24
GoAir;9;6;2019;07:00;12:55;9;6;5h 55m;1;5897;2181;24
Multiple carriers;21;5;2019;11:40;01:30;22;5;13h 50m;1;7485;2182;24
IndiGo;27;5;2019;16:00;01:30;28;5;9h 30m;1;7048;2183;24
Jet Airways;21;3;2019;19:45;04:25;22;3;8h 40m;1;12557;2184;24
Multiple carriers;27;5;2019;09:00;19:00;27;5;10h;1;10407;2185;24
Multiple carriers;27;5;2019;07:30;19:00;27;5;11h 30m;1;9315;2186;24
IndiGo;21;3;2019;18:35;01:35;22;3;7h;1;9264;2187;24
Multiple carriers;9;5;2019;17:30;01:30;10;5;8h;1;15078;2188;24
Jet Airways;12;6;2019;13:00;12:35;13;6;23h 35m;1;10262;2189;24
Multiple carriers;9;3;2019;19:00;01:35;10;3;6h 35m;1;13677;2190;24
Jet Airways;3;6;2019;17:30;12:35;4;6;19h 5m;1;10262;2191;24
Multiple carriers;15;6;2019;13:00;21:00;15;6;8h;1;7408;2192;24
Jet Airways;21;5;2019;11:30;04:25;22;5;16h 55m;1;12898;2193;24
Multiple carriers;6;3;2019;09:55;21:00;6;3;11h 5m;1;15136;2194;24
Jet Airways;9;6;2019;20:55;04:25;10;6;7h 30m;1;14924;2195;24
Multiple carriers;24;6;2019;10:35;19:15;24;6;8h 40m;1;7155;2196;24
Multiple carriers;9;6;2019;08:00;19:00;9;6;11h;1;12192;2197;24
Multiple carriers;27;3;2019;15:05;01:35;28;3;10h 30m;1;12327;2198;24
Jet Airways;18;5;2019;22:50;04:25;19;5;5h 35m;1;12373;2199;24
IndiGo;21;5;2019;09:15;21:00;21;5;11h 45m;1;7318;2200;24
Jet Airways;12;6;2019;21:50;04:25;13;6;6h 35m;1;10262;2201;24
Multiple carriers;3;6;2019;11:25;19:00;3;6;7h 35m;1;10877;2202;24
Multiple carriers;1;6;2019;07:30;19:00;1;6;11h 30m;1;11200;2203;24
Multiple carriers;3;6;2019;09:15;19:15;3;6;10h;1;8099;2204;24
Jet Airways;15;6;2019;17:30;04:25;16;6;10h 55m;1;10262;2205;24
Multiple carriers;27;5;2019;06:00;21:00;27;5;15h;1;8475;2206;24
IndiGo;6;3;2019;09:10;01:35;7;3;16h 25m;1;14871;2207;24
Multiple carriers;12;6;2019;06:00;19:00;12;6;13h;1;11789;2208;24
Multiple carriers;15;5;2019;11:40;19:00;15;5;7h 20m;1;10529;2209;24
Jet Airways;3;6;2019;20:55;19:00;4;6;22h 5m;1;14714;2210;24
Multiple carriers;27;3;2019;07:00;21:00;27;3;14h;1;6358;2211;24
Jet Airways;1;6;2019;13:00;19:00;1;6;6h;1;14714;2212;24
Jet Airways;27;3;2019;19:45;19:45;28;3;24h;1;5963;2213;24
IndiGo;24;5;2019;18:35;01:30;25;5;6h 55m;1;7503;2214;24
Multiple carriers;27;3;2019;07:30;19:15;27;3;11h 45m;1;9100;2215;24
Multiple carriers;6;6;2019;10:00;01:30;7;6;15h 30m;1;7723;2216;24
Jet Airways;18;5;2019;08:00;19:00;18;5;11h;1;12373;2217;24
Multiple carriers;15;6;2019;09:00;19:00;15;6;10h;1;12717;2218;24
Jet Airways;21;5;2019;07:05;12:35;21;5;5h 30m;1;16289;2219;24
Multiple carriers;21;3;2019;16:00;01:35;22;3;9h 35m;1;13542;2220;24
Jet Airways;9;5;2019;20:55;04:25;10;5;7h 30m;1;15554;2221;24
Multiple carriers;15;5;2019;06:40;19:15;15;5;12h 35m;1;7787;2222;24
Jet Airways;6;6;2019;02:15;19:00;6;6;16h 45m;1;10262;2223;24
Multiple carriers;27;6;2019;07:30;21:00;27;6;13h 30m;1;7005;2224;24
Multiple carriers;12;6;2019;10:00;01:30;13;6;15h 30m;1;13377;2225;24
Multiple carriers;1;6;2019;09:15;19:15;1;6;10h;1;9779;2226;24
Jet Airways;27;6;2019;21:50;04:25;28;6;6h 35m;1;16079;2227;24
Jet Airways;18;5;2019;14:00;19:00;18;5;5h;1;15554;2228;24
IndiGo;27;3;2019;08:25;15:30;27;3;7h 5m;1;8075;2229;24
Multiple carriers;3;6;2019;11:30;01:30;4;6;14h;1;13377;2230;24
Jet Airways;6;3;2019;13:00;18:50;6;3;5h 50m;1;15103;2231;24
Jet Airways;21;5;2019;21:50;04:25;22;5;6h 35m;1;12898;2232;24
Multiple carriers;9;6;2019;08:30;19:00;9;6;10h 30m;1;11622;2233;24
Multiple carriers;21;3;2019;17:30;01:35;22;3;8h 5m;1;13542;2234;24
Jet Airways;27;5;2019;15:00;12:35;28;5;21h 35m;1;12898;2235;24
IndiGo;24;6;2019;06:40;21:00;24;6;14h 20m;1;6093;2236;24
Multiple carriers;12;6;2019;08:00;19:00;12;6;11h;1;12192;2237;24
Multiple carriers;12;6;2019;12:50;01:30;13;6;12h 40m;1;6795;2238;24
Multiple carriers;27;5;2019;09:00;19:15;27;5;10h 15m;1;15898;2239;24
Multiple carriers;3;6;2019;10:00;21:00;3;6;11h;1;9718;2240;24
IndiGo;3;6;2019;08:30;21:00;3;6;12h 30m;1;6416;2241;24
Multiple carriers;15;6;2019;19:00;01:30;16;6;6h 30m;1;6795;2242;24
Jet Airways;9;6;2019;20:55;04:25;10;6;7h 30m;1;10577;2243;24
Jet Airways;27;3;2019;20:50;19:45;28;3;22h 55m;1;12032;2244;24
Multiple carriers;1;6;2019;12:50;21:00;1;6;8h 10m;1;7005;2245;24
Multiple carriers;24;6;2019;03:50;12:35;24;6;8h 45m;1;12192;2246;24
Multiple carriers;9;5;2019;10:35;19:15;9;5;8h 40m;1;7575;2247;24
IndiGo;18;5;2019;20:25;01:30;19;5;5h 5m;1;6069;2248;24
Multiple carriers;1;6;2019;09:00;21:00;1;6;12h;1;13587;2249;24
Jet Airways;21;5;2019;21:50;19:00;22;5;21h 10m;1;12898;2250;24
Multiple carriers;15;5;2019;08:45;19:15;15;5;10h 30m;1;8266;2251;24
IndiGo;27;3;2019;09:10;21:00;27;3;11h 50m;1;10351;2252;24
Multiple carriers;15;5;2019;12:50;21:00;15;5;8h 10m;1;7670;2253;24
Jet Airways;18;5;2019;18:15;12:35;19;5;18h 20m;1;12373;2254;24
Multiple carriers;1;3;2019;19:00;01:35;2;3;6h 35m;1;23533;2255;24
Jet Airways;9;3;2019;19:15;18:50;10;3;23h 35m;1;14053;2256;24
Jet Airways;27;6;2019;21:50;19:00;28;6;21h 10m;1;10262;2257;24
Multiple carriers;3;3;2019;07:05;13:20;3;3;6h 15m;1;17057;2258;24
IndiGo;12;6;2019;11:25;01:30;13;6;14h 5m;1;5883;2259;24
Jet Airways;21;5;2019;11:30;19:00;21;5;7h 30m;1;12898;2260;24
Jet Airways;21;5;2019;02:15;19:00;21;5;16h 45m;1;16079;2261;24
Multiple carriers;12;6;2019;04:55;12:35;12;6;7h 40m;1;10678;2262;24
Multiple carriers;27;3;2019;07:00;15:30;27;3;8h 30m;1;6148;2263;24
Multiple carriers;27;5;2019;09:15;19:15;27;5;10h;1;9149;2264;24
Multiple carriers;18;5;2019;08:00;21:00;18;5;13h;1;8073;2265;24
Multiple carriers;21;5;2019;13:00;21:00;21;5;8h;1;14067;2266;24
Multiple carriers;6;6;2019;17:45;01:30;7;6;7h 45m;1;6795;2267;24
Multiple carriers;27;6;2019;17:45;01:30;28;6;7h 45m;1;5797;2268;24
IndiGo;27;5;2019;20:25;01:30;28;5;5h 5m;1;5054;2269;24
Multiple carriers;1;6;2019;17:00;01:30;2;6;8h 30m;1;7408;2270;24
IndiGo;21;3;2019;17:10;01:35;22;3;8h 25m;1;7318;2271;24
Jet Airways;27;3;2019;13:00;04:25;28;3;15h 25m;1;6960;2272;24
IndiGo;6;3;2019;16:00;01:35;7;3;9h 35m;1;14871;2273;24
Jet Airways;21;5;2019;22:50;19:00;22;5;20h 10m;1;16079;2274;24
Multiple carriers;24;6;2019;09:00;19:00;24;6;10h;1;12927;2275;24
Jet Airways;1;4;2019;16:00;12:35;2;4;20h 35m;1;5406;2276;24
IndiGo;21;3;2019;10:45;01:35;22;3;14h 50m;1;7318;2277;24
Jet Airways;9;5;2019;22:50;19:00;10;5;20h 10m;1;12373;2278;24
Jet Airways;9;3;2019;17:25;18:50;10;3;25h 25m;1;16289;2279;24
Multiple carriers;3;6;2019;10:00;19:00;3;6;9h;1;14502;2280;24
Multiple carriers;6;3;2019;10:45;19:15;6;3;8h 30m;1;15077;2281;24
Multiple carriers;12;6;2019;09:00;19:00;12;6;10h;1;12192;2282;24
Jet Airways;27;5;2019;19:15;19:00;28;5;23h 45m;1;16079;2283;24
Jet Airways;27;5;2019;22:50;19:00;28;5;20h 10m;1;12898;2284;24
Jet Airways;21;5;2019;19:45;04:25;22;5;8h 40m;1;16079;2285;24
Multiple carriers;9;5;2019;10:20;01:30;10;5;15h 10m;1;9021;2286;24
Multiple carriers;18;5;2019;09:00;19:15;18;5;10h 15m;1;14533;2287;24
IndiGo;9;6;2019;17:30;01:30;10;6;8h;1;6104;2288;24
Air India;21;5;2019;09:00;19:15;21;5;10h 15m;1;8372;2289;24
Multiple carriers;27;6;2019;07:30;19:00;27;6;11h 30m;1;10877;2290;24
IndiGo;6;3;2019;04:45;21:00;6;3;16h 15m;1;13611;2291;24
Jet Airways;27;3;2019;19:15;19:45;28;3;24h 30m;1;5963;2292;24
Multiple carriers;12;6;2019;04:55;19:00;12;6;14h 5m;1;10678;2293;24
IndiGo;27;3;2019;08:25;21:00;27;3;12h 35m;1;8285;2294;24
Jet Airways;12;6;2019;02:15;12:35;12;6;10h 20m;1;18371;2295;24
IndiGo;6;3;2019;17:10;01:35;7;3;8h 25m;1;14871;2296;24
IndiGo;12;6;2019;08:30;21:00;12;6;12h 30m;1;6093;2297;24
Jet Airways;21;5;2019;08:00;19:00;21;5;11h;1;12898;2298;24
Jet Airways;6;6;2019;21:50;19:00;7;6;21h 10m;1;10262;2299;24
Multiple carriers;3;6;2019;12:50;19:15;3;6;6h 25m;1;9001;2300;24
Multiple carriers;18;5;2019;10:20;01:30;19;5;15h 10m;1;7670;2301;24
Multiple carriers;3;6;2019;17:45;01:30;4;6;7h 45m;1;7530;2302;24
Air India;27;3;2019;10:00;19:15;27;3;9h 15m;1;6902;2303;24
Jet Airways;9;5;2019;19:15;04:25;10;5;9h 10m;1;12373;2304;24
Multiple carriers;15;6;2019;11:40;19:00;15;6;7h 20m;1;11789;2305;24
IndiGo;3;6;2019;07:30;21:00;3;6;13h 30m;1;6093;2306;24
Jet Airways;6;6;2019;19:15;19:00;7;6;23h 45m;1;14714;2307;24
Air India;6;6;2019;10:00;19:15;6;6;9h 15m;1;9194;2308;24
Multiple carriers;12;6;2019;11:40;19:00;12;6;7h 20m;1;11789;2309;24
Jet Airways;6;3;2019;11:30;04:25;7;3;16h 55m;1;15764;2310;24
Jet Airways;6;6;2019;19:15;04:25;7;6;9h 10m;1;14714;2311;24
Multiple carriers;21;5;2019;17:00;01:30;22;5;8h 30m;1;7888;2312;24
Jet Airways;6;6;2019;08:00;04:25;7;6;20h 25m;1;10262;2313;24
Multiple carriers;3;3;2019;07:05;21:00;3;3;13h 55m;1;17057;2314;24
Multiple carriers;27;3;2019;13:00;21:00;27;3;8h;1;12537;2315;24
Jet Airways;21;5;2019;22:50;04:25;22;5;5h 35m;1;16079;2316;24
Jet Airways;3;6;2019;17:30;12:35;4;6;19h 5m;1;14714;2317;24
Multiple carriers;15;5;2019;10:20;19:15;15;5;8h 55m;1;8266;2318;24
GoAir;6;4;2019;10:35;19:35;6;4;9h;1;5135;2319;24
Multiple carriers;6;6;2019;04:55;12:35;6;6;7h 40m;1;10678;2320;24
Multiple carriers;21;3;2019;07:05;19:15;21;3;12h 10m;1;13378;2321;24
IndiGo;18;5;2019;11:25;21:00;18;5;9h 35m;1;7191;2322;24
Multiple carriers;6;3;2019;06:00;19:15;6;3;13h 15m;1;15353;2323;24
Jet Airways;12;6;2019;07:05;12:35;12;6;5h 30m;1;16289;2324;24
Jet Airways;12;6;2019;09:00;19:00;12;6;10h;1;14714;2325;24
Multiple carriers;15;6;2019;11:25;19:00;15;6;7h 35m;1;10877;2326;24
IndiGo;6;5;2019;07:30;21:00;6;5;13h 30m;1;7191;2327;24
Multiple carriers;3;6;2019;12:50;01:30;4;6;12h 40m;1;7530;2328;24
Jet Airways;27;6;2019;09:00;12:35;28;6;27h 35m;1;10262;2329;24
Multiple carriers;27;5;2019;15:00;01:30;28;5;10h 30m;1;6943;2330;24
Jet Airways;21;5;2019;13:00;19:00;21;5;6h;1;16079;2331;24
Multiple carriers;27;3;2019;11:40;19:15;27;3;7h 35m;1;6953;2332;24
Jet Airways;18;5;2019;19:45;19:00;19;5;23h 15m;1;15554;2333;24
Jet Airways;6;3;2019;19:15;04:25;7;3;9h 10m;1;17024;2334;24
IndiGo;18;5;2019;16:00;21:00;18;5;5h;1;6069;2335;24
Jet Airways;1;6;2019;14:00;04:25;2;6;14h 25m;1;14714;2336;24
Multiple carriers;24;6;2019;10:00;01:30;25;6;15h 30m;1;13377;2337;24
IndiGo;1;6;2019;18:35;01:30;2;6;6h 55m;1;6628;2338;24
Jet Airways;6;6;2019;13:00;12:35;7;6;23h 35m;1;11627;2339;24
Jet Airways;1;6;2019;18:15;04:25;2;6;10h 10m;1;14714;2340;24
Jet Airways;27;5;2019;16:00;19:00;28;5;27h;1;12898;2341;24
Jet Airways;18;5;2019;21:50;04:25;19;5;6h 35m;1;12373;2342;24
Jet Airways;9;3;2019;20:50;04:25;10;3;7h 35m;1;15554;2343;24
Multiple carriers;9;3;2019;08:00;19:15;9;3;11h 15m;1;19332;2344;24
Jet Airways;9;6;2019;18:15;12:35;10;6;18h 20m;1;10577;2345;24
Multiple carriers;6;6;2019;06:00;19:00;6;6;13h;1;11789;2346;24
Air India;15;6;2019;21:00;07:40;16;6;10h 40m;1;8372;2347;24
Multiple carriers;9;5;2019;06:00;19:15;9;5;13h 15m;1;8266;2348;24
IndiGo;24;6;2019;08:30;21:00;24;6;12h 30m;1;6093;2349;24
Jet Airways;6;3;2019;09:55;18:50;6;3;8h 55m;1;17024;2350;24
Jet Airways;21;3;2019;22:00;04:25;22;3;6h 25m;1;12242;2351;24
Jet Airways;15;6;2019;18:15;04:25;16;6;10h 10m;1;10262;2352;24
Multiple carriers Premium economy;21;3;2019;07:30;21:00;21;3;13h 30m;1;9845;2353;24
IndiGo;15;5;2019;16:00;21:00;15;5;5h;1;6069;2354;24
Multiple carriers;9;3;2019;00:20;07:40;9;3;7h 20m;1;13977;2355;24
IndiGo;9;3;2019;07:30;21:00;9;3;13h 30m;1;12351;2356;24
Multiple carriers;15;5;2019;10:35;19:15;15;5;8h 40m;1;7575;2357;24
Jet Airways;27;5;2019;21:50;04:25;28;5;6h 35m;1;16079;2358;24
Jet Airways;15;6;2019;19:15;19:00;16;6;23h 45m;1;10262;2359;24
Jet Airways;9;3;2019;18:15;18:50;10;3;24h 35m;1;16289;2360;24
Jet Airways;6;6;2019;19:45;04:25;7;6;8h 40m;1;10262;2361;24
Jet Airways;18;5;2019;17:30;19:00;19;5;25h 30m;1;12373;2362;24
Multiple carriers;27;5;2019;10:35;19:15;27;5;8h 40m;1;8625;2363;24
Jet Airways;3;6;2019;11:30;04:25;4;6;16h 55m;1;11627;2364;24
Jet Airways;12;6;2019;08:00;19:00;12;6;11h;1;14924;2365;24
Jet Airways;27;6;2019;02:15;12:35;27;6;10h 20m;1;18371;2366;24
Multiple carriers;6;6;2019;16:00;01:30;7;6;9h 30m;1;13377;2367;24
Multiple carriers;24;6;2019;09:00;21:00;24;6;12h;1;13587;2368;24
IndiGo;12;6;2019;04:55;21:00;12;6;16h 5m;1;5894;2369;24
Jet Airways;6;6;2019;17:30;04:25;7;6;10h 55m;1;10262;2370;24
Multiple carriers;9;5;2019;11:30;01:30;10;5;14h;1;15078;2371;24
Jet Airways;18;5;2019;10:00;12:35;19;5;26h 35m;1;12373;2372;24
Multiple carriers;1;6;2019;08:30;19:00;1;6;10h 30m;1;11200;2373;24
Jet Airways;15;6;2019;14:00;12:35;16;6;22h 35m;1;10262;2374;24
Jet Airways;27;6;2019;07:05;19:00;27;6;11h 55m;1;18371;2375;24
Multiple carriers;21;5;2019;11:40;21:00;21;5;9h 20m;1;7485;2376;24
Jet Airways;3;6;2019;18:15;04:25;4;6;10h 10m;1;10262;2377;24
Multiple carriers;21;3;2019;08:00;15:30;21;3;7h 30m;1;8307;2378;24
IndiGo;18;5;2019;09:15;01:30;19;5;16h 15m;1;7503;2379;24
Air India;15;5;2019;13:00;19:15;15;5;6h 15m;1;8372;2380;24
IndiGo;6;3;2019;07:30;21:00;6;3;13h 30m;1;14871;2381;24
Air India;24;6;2019;07:00;19:15;24;6;12h 15m;1;8879;2382;24
Jet Airways;6;3;2019;09:00;18:50;6;3;9h 50m;1;17024;2383;24
Jet Airways;27;5;2019;19:45;19:00;28;5;23h 15m;1;12898;2384;24
Multiple carriers;15;6;2019;08:00;21:00;15;6;13h;1;13587;2385;24
Multiple carriers;24;6;2019;06:00;21:00;24;6;15h;1;7740;2386;24
Multiple carriers;21;5;2019;06:00;12:35;21;5;6h 35m;1;9794;2387;24
Multiple carriers;27;6;2019;07:30;19:15;27;6;11h 45m;1;8266;2388;24
Jet Airways;12;6;2019;22:50;12:35;13;6;13h 45m;1;10262;2389;24
Multiple carriers;15;6;2019;10:00;01:30;16;6;15h 30m;1;8510;2390;24
Multiple carriers;9;4;2019;09:00;19:15;9;4;10h 15m;1;12853;2391;24
IndiGo;3;3;2019;15:00;01:35;4;3;10h 35m;1;14871;2392;24
Jet Airways;27;5;2019;19:45;04:25;28;5;8h 40m;1;12898;2393;24
Multiple carriers;18;5;2019;11:30;19:15;18;5;7h 45m;1;14533;2394;24
Multiple carriers;6;3;2019;07:30;15:30;6;3;8h;1;15147;2395;24
IndiGo;27;5;2019;10:35;01:30;28;5;14h 55m;1;6104;2396;24
Multiple carriers;12;6;2019;13:00;21:00;12;6;8h;1;7408;2397;24
Multiple carriers;9;5;2019;07:00;19:00;9;5;12h;1;10197;2398;24
Jet Airways;27;5;2019;22:50;12:35;28;5;13h 45m;1;12898;2399;24
IndiGo;9;4;2019;15:00;01:30;10;4;10h 30m;1;6270;2400;24
Multiple carriers;3;3;2019;07:30;18:50;3;3;11h 20m;1;15135;2401;24
Multiple carriers;6;3;2019;11:30;21:00;6;3;9h 30m;1;15136;2402;24
Jet Airways;27;6;2019;02:15;19:00;27;6;16h 45m;1;10262;2403;24
Air India;1;6;2019;09:00;19:15;1;6;10h 15m;1;10454;2404;24
Air India;18;5;2019;23:00;07:40;19;5;8h 40m;1;8372;2405;24
Jet Airways;9;3;2019;19:45;04:25;10;3;8h 40m;1;11848;2406;24
IndiGo;1;6;2019;08:30;21:00;1;6;12h 30m;1;6416;2407;24
Multiple carriers;9;5;2019;08:45;19:15;9;5;10h 30m;1;8266;2408;24
Jet Airways;9;5;2019;17:30;19:00;10;5;25h 30m;1;12373;2409;24
Multiple carriers;9;6;2019;10:00;21:00;9;6;11h;1;7408;2410;24
Jet Airways;6;3;2019;08:00;04:25;7;3;20h 25m;1;15974;2411;24
IndiGo;21;3;2019;08:25;21:00;21;3;12h 35m;1;8285;2412;24
Jet Airways;15;6;2019;02:15;19:00;15;6;16h 45m;1;10262;2413;24
IndiGo;9;6;2019;09:15;21:00;9;6;11h 45m;1;6838;2414;24
Jet Airways;24;6;2019;15:00;19:00;25;6;28h;1;10262;2415;24
IndiGo;27;3;2019;07:30;15:30;27;3;8h;1;8574;2416;24
Multiple carriers;24;6;2019;03:50;19:00;24;6;15h 10m;1;12192;2417;24
Multiple carriers;15;6;2019;07:00;21:00;15;6;14h;1;7408;2418;24
Jet Airways;21;3;2019;20:50;04:25;22;3;7h 35m;1;14189;2419;24
Multiple carriers;27;6;2019;10:35;19:15;27;6;8h 40m;1;7155;2420;24
Multiple carriers;9;6;2019;10:35;19:00;9;6;8h 25m;1;11098;2421;24
Multiple carriers;27;3;2019;13:00;01:35;28;3;12h 35m;1;6673;2422;24
Jet Airways;18;5;2019;21:50;04:25;19;5;6h 35m;1;15554;2423;24
Multiple carriers;27;5;2019;10:00;21:00;27;5;11h;1;9718;2424;24
IndiGo;3;3;2019;10:45;01:35;4;3;14h 50m;1;14871;2425;24
Jet Airways;18;5;2019;08:00;19:00;18;5;11h;1;15554;2426;24
Multiple carriers;24;6;2019;10:00;19:00;24;6;9h;1;12717;2427;24
Multiple carriers;27;3;2019;19:00;01:35;28;3;6h 35m;1;7845;2428;24
Multiple carriers;21;3;2019;08:00;21:00;21;3;13h;1;6883;2429;24
Multiple carriers;21;3;2019;09:00;21:00;21;3;12h;1;6883;2430;24
IndiGo;21;5;2019;18:35;01:30;22;5;6h 55m;1;7006;2431;24
Multiple carriers;15;6;2019;14:00;21:00;15;6;7h;1;13587;2432;24
Jet Airways;1;6;2019;19:15;19:00;2;6;23h 45m;1;14714;2433;24
Jet Airways;6;6;2019;07:05;12:35;6;6;5h 30m;1;10262;2434;24
Jet Airways;21;5;2019;17:30;04:25;22;5;10h 55m;1;12898;2435;24
Multiple carriers;12;6;2019;07:00;19:00;12;6;12h;1;12192;2436;24
Multiple carriers;12;6;2019;11:40;19:15;12;6;7h 35m;1;8266;2437;24
Multiple carriers;6;3;2019;06:00;15:30;6;3;9h 30m;1;15147;2438;24
Jet Airways;18;5;2019;20:55;19:00;19;5;22h 5m;1;15554;2439;24
Multiple carriers;27;6;2019;18:00;01:30;28;6;7h 30m;1;7198;2440;24
IndiGo;3;4;2019;16:00;21:00;3;4;5h;1;5073;2441;24
Jet Airways;21;5;2019;20:55;04:25;22;5;7h 30m;1;12898;2442;24
GoAir;6;6;2019;10:35;19:35;6;6;9h;1;4959;2443;24
GoAir;21;3;2019;07:00;12:50;21;3;5h 50m;1;9385;2444;24
Jet Airways;6;6;2019;10:00;19:00;6;6;9h;1;10262;2445;24
Multiple carriers;21;3;2019;11:40;18:50;21;3;7h 10m;1;11999;2446;24
Multiple carriers;24;6;2019;07:30;19:15;24;6;11h 45m;1;7354;2447;24
Multiple carriers;27;3;2019;08:00;15:30;27;3;7h 30m;1;12537;2448;24
Air India;27;5;2019;13:00;19:15;27;5;6h 15m;1;9719;2449;24
Multiple carriers;27;6;2019;15:00;01:30;28;6;10h 30m;1;13377;2450;24
IndiGo;18;5;2019;16:00;01:30;19;5;9h 30m;1;7191;2451;24
IndiGo;6;3;2019;15:00;01:35;7;3;10h 35m;1;14871;2452;24
Multiple carriers;15;5;2019;08:30;19:15;15;5;10h 45m;1;8099;2453;24
Multiple carriers;3;3;2019;13:00;21:00;3;3;8h;1;18286;2454;24
Jet Airways;6;3;2019;23:05;19:45;7;3;20h 40m;1;17024;2455;24
Multiple carriers;9;3;2019;06:00;19:45;9;3;13h 45m;1;13941;2456;24
IndiGo;24;5;2019;07:30;21:00;24;5;13h 30m;1;7006;2457;24
Jet Airways;12;6;2019;08:00;04:25;13;6;20h 25m;1;10577;2458;24
Jet Airways;24;6;2019;13:00;04:25;25;6;15h 25m;1;10262;2459;24
Multiple carriers;24;6;2019;11:25;19:15;24;6;7h 50m;1;7155;2460;24
Multiple carriers;3;3;2019;10:20;01:35;4;3;15h 15m;1;15147;2461;24
Jet Airways;18;5;2019;13:00;12:35;19;5;23h 35m;1;12373;2462;24
Multiple carriers;24;6;2019;10:20;01:30;25;6;15h 10m;1;5797;2463;24
Jet Airways;21;5;2019;20:55;19:00;22;5;22h 5m;1;16079;2464;24
Jet Airways;9;3;2019;20:50;18:50;10;3;22h;1;14053;2465;24
Multiple carriers;18;5;2019;17:30;01:30;19;5;8h;1;13727;2466;24
Jet Airways;12;6;2019;19:15;12:35;13;6;17h 20m;1;10262;2467;24
Multiple carriers;6;3;2019;07:05;21:00;6;3;13h 55m;1;17267;2468;24
Multiple carriers;21;5;2019;15:00;01:30;22;5;10h 30m;1;14067;2469;24
Air India;9;3;2019;04:00;19:15;9;3;15h 15m;1;11050;2470;24
Multiple carriers;21;5;2019;10:20;21:00;21;5;10h 40m;1;7485;2471;24
Jet Airways;6;6;2019;15:00;19:00;7;6;28h;1;14714;2472;24
IndiGo;21;5;2019;08:30;21:00;21;5;12h 30m;1;7318;2473;24
Multiple carriers;15;6;2019;10:00;19:00;15;6;9h;1;13504;2474;24
Multiple carriers;9;6;2019;04:55;12:35;9;6;7h 40m;1;10877;2475;24
IndiGo;27;3;2019;04:45;15:30;27;3;10h 45m;1;7048;2476;24
Multiple carriers;27;6;2019;15:15;01:30;28;6;10h 15m;1;5797;2477;24
IndiGo;15;5;2019;08:30;21:00;15;5;12h 30m;1;7503;2478;24
IndiGo;12;6;2019;17:30;01:30;13;6;8h;1;6104;2479;24
Jet Airways;18;5;2019;17:30;04:25;19;5;10h 55m;1;12373;2480;24
Multiple carriers;3;6;2019;06:00;19:15;3;6;13h 15m;1;9736;2481;24
Multiple carriers;9;6;2019;08:00;21:00;9;6;13h;1;7408;2482;24
IndiGo;12;6;2019;16:00;01:30;13;6;9h 30m;1;6316;2483;24
Jet Airways;9;5;2019;09:00;19:00;9;5;10h;1;15554;2484;24
Multiple carriers;9;6;2019;13:00;21:00;9;6;8h;1;13587;2485;24
Multiple carriers;6;6;2019;18:00;01:30;7;6;7h 30m;1;7198;2486;24
Multiple carriers;27;5;2019;07:05;19:15;27;5;12h 10m;1;12717;2487;24
IndiGo;3;3;2019;06:40;13:20;3;3;6h 40m;1;14871;2488;24
Jet Airways;6;6;2019;22:50;04:25;7;6;5h 35m;1;10262;2489;24
Multiple carriers;6;6;2019;11:40;21:00;6;6;9h 20m;1;7005;2490;24
IndiGo;27;3;2019;06:40;15:30;27;3;8h 50m;1;8574;2491;24
GoAir;6;4;2019;07:00;12:55;6;4;5h 55m;1;5135;2492;24
Multiple carriers;27;3;2019;06:00;15:30;27;3;9h 30m;1;7845;2493;24
Multiple carriers;15;5;2019;09:15;19:15;15;5;10h;1;8099;2494;24
Multiple carriers;27;5;2019;15:00;01:30;28;5;10h 30m;1;13377;2495;24
Jet Airways;3;6;2019;22:50;04:25;4;6;5h 35m;1;10262;2496;24
Jet Airways;21;3;2019;13:00;18:50;21;3;5h 50m;1;6540;2497;24
Multiple carriers;6;6;2019;06:40;19:15;6;6;12h 35m;1;7354;2498;24
Multiple carriers;27;6;2019;19:00;01:30;28;6;6h 30m;1;6795;2499;24
IndiGo;3;6;2019;11:25;21:00;3;6;9h 35m;1;6093;2500;24
Multiple carriers;3;6;2019;10:00;21:00;3;6;11h;1;13587;2501;24
Jet Airways;21;5;2019;21:50;04:25;22;5;6h 35m;1;16079;2502;24
Multiple carriers;15;5;2019;04:55;12:35;15;5;7h 40m;1;9103;2503;24
Jet Airways;3;3;2019;02:15;04:25;4;3;26h 10m;1;17024;2504;24
Multiple carriers;12;6;2019;09:00;21:00;12;6;12h;1;13587;2505;24
Multiple carriers;9;5;2019;13:00;21:00;9;5;8h;1;8073;2506;24
Jet Airways;18;5;2019;20:55;12:35;19;5;15h 40m;1;12373;2507;24
Jet Airways;27;5;2019;16:00;19:00;28;5;27h;1;16079;2508;24
Multiple carriers;18;5;2019;03:50;12:35;18;5;8h 45m;1;10197;2509;24
Multiple carriers;9;4;2019;17:45;01:30;10;4;7h 45m;1;8535;2510;24
Multiple carriers;27;3;2019;09:55;21:00;27;3;11h 5m;1;12537;2511;24
Air India;24;6;2019;03:50;19:15;24;6;15h 25m;1;8669;2512;24
Multiple carriers;18;5;2019;06:00;19:15;18;5;13h 15m;1;8476;2513;24
Jet Airways;6;6;2019;20:55;19:00;7;6;22h 5m;1;14714;2514;24
Jet Airways;15;6;2019;11:30;19:00;15;6;7h 30m;1;10262;2515;24
Multiple carriers;21;3;2019;10:00;01:35;22;3;15h 35m;1;8098;2516;24
Multiple carriers;27;3;2019;10:00;21:00;27;3;11h;1;6883;2517;24
Multiple carriers;15;6;2019;10:00;19:15;15;6;9h 15m;1;16108;2518;24
Multiple carriers;27;5;2019;13:00;21:00;27;5;8h;1;7408;2519;24
Jet Airways;1;6;2019;17:30;19:00;2;6;25h 30m;1;10262;2520;24
Jet Airways;12;6;2019;20:55;04:25;13;6;7h 30m;1;10262;2521;24
Multiple carriers;21;3;2019;18:15;01:35;22;3;7h 20m;1;13542;2522;24
Jet Airways;21;3;2019;19:15;18:50;22;3;23h 35m;1;12347;2523;24
IndiGo;12;6;2019;16:00;21:00;12;6;5h;1;6069;2524;24
Jet Airways;21;5;2019;16:00;19:00;22;5;27h;1;12898;2525;24
Jet Airways;12;6;2019;14:00;19:00;12;6;5h;1;14714;2526;24
Multiple carriers;9;5;2019;04:55;19:00;9;5;14h 5m;1;9103;2527;24
Jet Airways;21;5;2019;22:50;04:25;22;5;5h 35m;1;12898;2528;24
Jet Airways;18;5;2019;19:15;12:35;19;5;17h 20m;1;12373;2529;24
Jet Airways;6;3;2019;08:00;04:25;7;3;20h 25m;1;13843;2530;24
Jet Airways;6;6;2019;20:55;04:25;7;6;7h 30m;1;10262;2531;24
Jet Airways;9;3;2019;19:15;04:25;10;3;9h 10m;1;14053;2532;24
Multiple carriers;3;3;2019;08:00;18:50;3;3;10h 50m;1;15342;2533;24
Multiple carriers;1;6;2019;14:00;01:30;2;6;11h 30m;1;13377;2534;24
Air India;12;6;2019;21:00;07:40;13;6;10h 40m;1;8372;2535;24
IndiGo;27;5;2019;06:40;21:00;27;5;14h 20m;1;6526;2536;24
Multiple carriers;6;5;2019;09:00;19:00;6;5;10h;1;10407;2537;24
Jet Airways;9;4;2019;07:05;19:00;9;4;11h 55m;1;17531;2538;24
Multiple carriers;6;6;2019;17:30;01:30;7;6;8h;1;13377;2539;24
Multiple carriers;6;3;2019;19:00;01:35;7;3;6h 35m;1;15147;2540;24
Multiple carriers;6;6;2019;08:00;19:15;6;6;11h 15m;1;14848;2541;24
Jet Airways;3;6;2019;17:30;04:25;4;6;10h 55m;1;14714;2542;24
Multiple carriers;9;4;2019;13:00;21:00;9;4;8h;1;12537;2543;24
Multiple carriers;18;5;2019;12:50;01:30;19;5;12h 40m;1;7670;2544;24
Multiple carriers;21;5;2019;09:15;19:15;21;5;10h;1;8099;2545;24
Jet Airways;21;3;2019;19:15;04:25;22;3;9h 10m;1;12557;2546;24
Multiple carriers;21;5;2019;04:55;19:15;21;5;14h 20m;1;7575;2547;24
Air India;24;5;2019;07:00;19:15;24;5;12h 15m;1;9929;2548;24
Jet Airways;9;5;2019;11:30;04:25;10;5;16h 55m;1;12373;2549;24
Jet Airways;21;5;2019;20:55;19:00;22;5;22h 5m;1;12898;2550;24
Multiple carriers;18;5;2019;11:40;19:00;18;5;7h 20m;1;10529;2551;24
Jet Airways;9;6;2019;22:50;04:25;10;6;5h 35m;1;14714;2552;24
Multiple carriers;24;6;2019;06:40;19:00;24;6;12h 20m;1;10877;2553;24
Multiple carriers;15;5;2019;14:00;01:30;16;5;11h 30m;1;13727;2554;24
Jet Airways;27;5;2019;21:50;19:00;28;5;21h 10m;1;16079;2555;24
IndiGo;9;3;2019;17:30;01:35;10;3;8h 5m;1;12351;2556;24
Multiple carriers;27;3;2019;08:00;21:00;27;3;13h;1;6883;2557;24
Multiple carriers;3;3;2019;08:00;15:30;3;3;7h 30m;1;15078;2558;24
Jet Airways;3;6;2019;17:30;04:25;4;6;10h 55m;1;10262;2559;24
Multiple carriers;24;6;2019;12:50;21:00;24;6;8h 10m;1;6007;2560;24
Jet Airways;3;3;2019;19:15;04:25;4;3;9h 10m;1;17234;2561;24
Multiple carriers;9;6;2019;13:00;01:30;10;6;12h 30m;1;7198;2562;24
Multiple carriers;27;3;2019;04:00;18:50;27;3;14h 50m;1;11299;2563;24
Jet Airways;18;5;2019;19:45;12:35;19;5;16h 50m;1;12373;2564;24
Jet Airways;9;5;2019;15:00;12:35;10;5;21h 35m;1;12373;2565;24
Jet Airways;1;6;2019;09:00;12:35;2;6;27h 35m;1;10262;2566;24
Jet Airways;27;3;2019;21:50;19:45;28;3;21h 55m;1;7438;2567;24
Multiple carriers;1;6;2019;13:00;21:00;1;6;8h;1;7933;2568;24
Air India;18;5;2019;08:00;19:15;18;5;11h 15m;1;8879;2569;24
Jet Airways;21;5;2019;17:30;12:35;22;5;19h 5m;1;12898;2570;24
Jet Airways;6;6;2019;21:50;19:00;7;6;21h 10m;1;14714;2571;24
Multiple carriers;9;6;2019;03:50;11:30;9;6;7h 40m;1;7408;2572;24
Multiple carriers;24;6;2019;06:00;12:35;24;6;6h 35m;1;12524;2573;24
Jet Airways;27;3;2019;02:15;18:50;27;3;16h 35m;1;6017;2574;24
Air India;27;3;2019;08:00;19:15;27;3;11h 15m;1;7199;2575;24
Multiple carriers;6;6;2019;19:00;01:30;7;6;6h 30m;1;7530;2576;24
IndiGo;21;3;2019;06:40;13:20;21;3;6h 40m;1;10208;2577;24
IndiGo;21;5;2019;20:25;01:30;22;5;5h 5m;1;5054;2578;24
IndiGo;3;3;2019;08:25;15:30;3;3;7h 5m;1;14871;2579;24
Jet Airways;18;5;2019;07:05;19:00;18;5;11h 55m;1;12373;2580;24
Multiple carriers;9;5;2019;10:20;19:00;9;5;8h 40m;1;9794;2581;24
IndiGo;15;5;2019;11:25;01:30;16;5;14h 5m;1;6979;2582;24
Multiple carriers;27;5;2019;09:00;21:00;27;5;12h;1;13587;2583;24
IndiGo;12;6;2019;09:15;21:00;12;6;11h 45m;1;6838;2584;24
Jet Airways;15;4;2019;13:00;19:00;15;4;6h;1;6542;2585;24
Jet Airways;21;5;2019;07:05;19:00;21;5;11h 55m;1;12239;2586;24
IndiGo;15;5;2019;16:00;01:30;16;5;9h 30m;1;7923;2587;24
Multiple carriers;21;5;2019;10:00;19:00;21;5;9h;1;10197;2588;24
Jet Airways;1;6;2019;19:45;19:00;2;6;23h 15m;1;14714;2589;24
Air India;1;6;2019;10:00;19:15;1;6;9h 15m;1;9929;2590;24
Jet Airways;21;3;2019;22:50;04:25;22;3;5h 35m;1;6017;2591;24
Jet Airways;3;6;2019;19:45;04:25;4;6;8h 40m;1;14714;2592;24
Jet Airways;27;3;2019;02:15;18:50;27;3;16h 35m;1;12242;2593;24
IndiGo;9;4;2019;09:15;01:30;10;4;16h 15m;1;6573;2594;24
Jet Airways;18;5;2019;09:00;19:00;18;5;10h;1;12373;2595;24
Jet Airways;9;3;2019;19:45;18:50;10;3;23h 5m;1;14053;2596;24
Multiple carriers;9;6;2019;06:40;19:00;9;6;12h 20m;1;10877;2597;24
Jet Airways;9;5;2019;10:00;04:25;10;5;18h 25m;1;12373;2598;24
Jet Airways;9;3;2019;21:50;04:25;10;3;6h 35m;1;15029;2599;24
Multiple carriers;9;3;2019;08:40;19:45;9;3;11h 5m;1;18492;2600;24
Jet Airways;24;6;2019;02:15;04:25;25;6;26h 10m;1;10262;2601;24
Multiple carriers;21;3;2019;10:00;01:35;22;3;15h 35m;1;8565;2602;24
IndiGo;21;3;2019;16:00;21:00;21;3;5h;1;6232;2603;24
IndiGo;3;6;2019;06:40;21:00;3;6;14h 20m;1;6093;2604;24
Jet Airways;27;3;2019;16:00;04:25;28;3;12h 25m;1;12242;2605;24
Multiple carriers;18;5;2019;07:00;19:00;18;5;12h;1;10197;2606;24
Jet Airways;6;6;2019;02:15;12:35;6;6;10h 20m;1;14714;2607;24
Jet Airways;15;6;2019;02:15;04:25;16;6;26h 10m;1;10262;2608;24
Multiple carriers;15;5;2019;09:00;19:00;15;5;10h;1;10197;2609;24
IndiGo;24;6;2019;17:10;01:30;25;6;8h 20m;1;5684;2610;24
Jet Airways;6;6;2019;16:00;19:00;7;6;27h;1;14714;2611;24
Multiple carriers;27;6;2019;07:30;19:00;27;6;11h 30m;1;11789;2612;24
Jet Airways;27;3;2019;02:15;04:25;28;3;26h 10m;1;6017;2613;24
Multiple carriers;18;5;2019;08:45;21:00;18;5;12h 15m;1;7670;2614;24
Jet Airways;21;5;2019;18:15;19:00;22;5;24h 45m;1;12898;2615;24
Multiple carriers;18;5;2019;10:35;19:00;18;5;8h 25m;1;9627;2616;24
Multiple carriers;27;6;2019;04:55;19:00;27;6;14h 5m;1;10678;2617;24
Jet Airways;21;5;2019;16:00;19:00;22;5;27h;1;16079;2618;24
Jet Airways;27;6;2019;20:55;12:35;28;6;15h 40m;1;10262;2619;24
Multiple carriers;18;5;2019;18:00;01:30;19;5;7h 30m;1;9595;2620;24
Multiple carriers;21;5;2019;10:35;19:15;21;5;8h 40m;1;7575;2621;24
Jet Airways;24;6;2019;15:00;04:25;25;6;13h 25m;1;10262;2622;24
Air India;9;3;2019;08:40;19:15;9;3;10h 35m;1;18959;2623;24
Multiple carriers;9;3;2019;06:00;21:00;9;3;15h;1;13677;2624;24
Air India;24;6;2019;19:00;07:40;25;6;12h 40m;1;8372;2625;24
Multiple carriers;9;6;2019;19:00;01:30;10;6;6h 30m;1;7530;2626;24
IndiGo;21;3;2019;10:45;15:30;21;3;4h 45m;1;6218;2627;24
Jet Airways;3;6;2019;02:15;12:35;3;6;10h 20m;1;14714;2628;24
Multiple carriers;3;6;2019;11:30;19:15;3;6;7h 45m;1;14848;2629;24
Multiple carriers;6;3;2019;11:30;19:15;6;3;7h 45m;1;15342;2630;24
Jet Airways;24;6;2019;22:50;04:25;25;6;5h 35m;1;14714;2631;24
IndiGo;27;6;2019;16:00;01:30;28;6;9h 30m;1;6316;2632;24
Jet Airways;27;5;2019;07:05;12:35;27;5;5h 30m;1;12898;2633;24
Jet Airways;15;6;2019;15:00;12:35;16;6;21h 35m;1;10262;2634;24
IndiGo;24;5;2019;10:35;01:30;25;5;14h 55m;1;7081;2635;24
Air India;21;5;2019;13:00;19:15;21;5;6h 15m;1;8372;2636;24
Jet Airways;21;5;2019;14:00;04:25;22;5;14h 25m;1;12898;2637;24
Air India;24;3;2019;04:00;07:40;25;3;27h 40m;1;8635;2638;24
Jet Airways;27;6;2019;09:00;19:00;27;6;10h;1;14714;2639;24
Multiple carriers;1;6;2019;04:55;19:15;1;6;14h 20m;1;8835;2640;24
Jet Airways;1;6;2019;13:00;19:00;1;6;6h;1;10262;2641;24
Multiple carriers;6;6;2019;11:30;21:00;6;6;9h 30m;1;13587;2642;24
GoAir;12;6;2019;07:00;12:55;12;6;5h 55m;1;5281;2643;24
Jet Airways;12;6;2019;08:00;19:00;12;6;11h;1;10577;2644;24
Multiple carriers;24;6;2019;11:30;19:15;24;6;7h 45m;1;14848;2645;24
Jet Airways;12;6;2019;09:00;19:00;12;6;10h;1;10262;2646;24
Multiple carriers;21;5;2019;11:30;19:15;21;5;7h 45m;1;14848;2647;24
Multiple carriers;9;4;2019;10:35;19:15;9;4;8h 40m;1;6106;2648;24
Multiple carriers;12;6;2019;07:30;19:15;12;6;11h 45m;1;7354;2649;24
IndiGo;9;6;2019;08:30;21:00;9;6;12h 30m;1;6838;2650;24
Air India;27;5;2019;09:00;19:15;27;5;10h 15m;1;9929;2651;24
Multiple carriers;3;6;2019;10:00;01:30;4;6;15h 30m;1;9508;2652;24
Multiple carriers;27;5;2019;14:00;01:30;28;5;11h 30m;1;13377;2653;24
Jet Airways;27;5;2019;15:00;04:25;28;5;13h 25m;1;12898;2654;24
IndiGo;27;3;2019;06:40;21:00;27;3;14h 20m;1;8784;2655;24
Multiple carriers;9;6;2019;09:15;19:00;9;6;9h 45m;1;11622;2656;24
IndiGo;6;3;2019;17:30;01:35;7;3;8h 5m;1;14871;2657;24
Jet Airways;9;6;2019;09:00;19:00;9;6;10h;1;10262;2658;24
Jet Airways;18;5;2019;10:00;04:25;19;5;18h 25m;1;12373;2659;24
Multiple carriers;1;6;2019;10:00;01:30;2;6;15h 30m;1;7198;2660;24
Jet Airways;15;6;2019;07:05;12:35;15;6;5h 30m;1;14714;2661;24
IndiGo;9;6;2019;16:00;01:30;10;6;9h 30m;1;6316;2662;24
GoAir;24;6;2019;07:00;12:55;24;6;5h 55m;1;5281;2663;24
Jet Airways;21;5;2019;14:00;12:35;22;5;22h 35m;1;12898;2664;24
Multiple carriers;12;6;2019;07:30;19:00;12;6;11h 30m;1;10877;2665;24
Multiple carriers;9;4;2019;08:45;19:15;9;4;10h 30m;1;8371;2666;24
Jet Airways;24;6;2019;11:30;12:35;25;6;25h 5m;1;10262;2667;24
IndiGo;9;3;2019;06:40;21:00;9;3;14h 20m;1;12351;2668;24
Multiple carriers;21;5;2019;17:30;01:30;22;5;8h;1;14067;2669;24
Multiple carriers;18;5;2019;10:20;19:15;18;5;8h 55m;1;8476;2670;24
Jet Airways;9;5;2019;19:15;19:00;10;5;23h 45m;1;12373;2671;24
Multiple carriers;9;6;2019;13:00;21:00;9;6;8h;1;7408;2672;24
Jet Airways;6;3;2019;13:00;04:25;7;3;15h 25m;1;13843;2673;24
Multiple carriers;15;5;2019;18:15;01:30;16;5;7h 15m;1;13727;2674;24
Multiple carriers;9;3;2019;04:00;12:55;9;3;8h 55m;1;16259;2675;24
Multiple carriers;27;3;2019;12:50;21:00;27;3;8h 10m;1;6637;2676;24
Multiple carriers;21;3;2019;10:00;19:15;21;3;9h 15m;1;8401;2677;24
Jet Airways;27;5;2019;13:00;19:00;27;5;6h;1;16079;2678;24
Multiple carriers;15;5;2019;04:55;19:00;15;5;14h 5m;1;9103;2679;24
Multiple carriers;15;5;2019;06:00;19:00;15;5;13h;1;9794;2680;24
IndiGo;1;6;2019;09:15;21:00;1;6;11h 45m;1;7258;2681;24
Jet Airways;9;6;2019;20:55;19:00;10;6;22h 5m;1;14924;2682;24
Jet Airways;3;6;2019;20:55;12:35;4;6;15h 40m;1;10262;2683;24
IndiGo;27;3;2019;10:45;01:35;28;3;14h 50m;1;6628;2684;24
Multiple carriers;1;6;2019;10:35;19:00;1;6;8h 25m;1;11200;2685;24
Multiple carriers;6;3;2019;07:00;15:30;6;3;8h 30m;1;15603;2686;24
Jet Airways;27;5;2019;18:15;19:00;28;5;24h 45m;1;12898;2687;24
Jet Airways;21;3;2019;17:30;04:25;22;3;10h 55m;1;12557;2688;24
Multiple carriers;6;3;2019;04:45;18:50;6;3;14h 5m;1;13875;2689;24
IndiGo;27;5;2019;10:35;21:00;27;5;10h 25m;1;6314;2690;24
Jet Airways;24;6;2019;19:15;04:25;25;6;9h 10m;1;10262;2691;24
Multiple carriers;6;3;2019;13:55;01:35;7;3;11h 40m;1;15136;2692;24
IndiGo;9;3;2019;04:45;21:00;9;3;16h 15m;1;10518;2693;24
Multiple carriers;9;6;2019;10:00;19:00;9;6;9h;1;12192;2694;24
Jet Airways;1;6;2019;20:55;12:35;2;6;15h 40m;1;10262;2695;24
Jet Airways;3;3;2019;08:00;04:25;4;3;20h 25m;1;17024;2696;24
Jet Airways;12;6;2019;21:50;04:25;13;6;6h 35m;1;14714;2697;24
Jet Airways;9;6;2019;21:50;19:00;10;6;21h 10m;1;14714;2698;24
Jet Airways;9;6;2019;18:15;19:00;10;6;24h 45m;1;10577;2699;24
Jet Airways;6;3;2019;11:30;18:50;6;3;7h 20m;1;15400;2700;24
Jet Airways;3;6;2019;19:15;04:25;4;6;9h 10m;1;10262;2701;24
Jet Airways;21;3;2019;02:15;18:50;21;3;16h 35m;1;12719;2702;24
Jet Airways;24;6;2019;20:55;19:00;25;6;22h 5m;1;10262;2703;24
Multiple carriers;9;3;2019;17:25;01:35;10;3;8h 10m;1;12616;2704;24
Jet Airways;9;5;2019;17:30;04:25;10;5;10h 55m;1;12373;2705;24
Multiple carriers;1;6;2019;08:00;21:00;1;6;13h;1;13587;2706;24
Multiple carriers;6;3;2019;07:30;18:50;6;3;11h 20m;1;15135;2707;24
IndiGo;21;5;2019;17:10;01:30;22;5;8h 20m;1;6794;2708;24
Multiple carriers;9;3;2019;17:00;01:35;10;3;8h 35m;1;14343;2709;24
Multiple carriers;1;6;2019;10:20;01:30;2;6;15h 10m;1;6795;2710;24
Multiple carriers;1;6;2019;04:55;12:35;1;6;7h 40m;1;11098;2711;24
Air India;27;5;2019;07:00;19:15;27;5;12h 15m;1;9929;2712;24
Jet Airways;21;3;2019;20:50;04:25;22;3;7h 35m;1;9212;2713;24
Multiple carriers;15;5;2019;15:00;01:30;16;5;10h 30m;1;13727;2714;24
Jet Airways;18;5;2019;22:50;12:35;19;5;13h 45m;1;12373;2715;24
Multiple carriers;21;3;2019;11:40;21:00;21;3;9h 20m;1;7215;2716;24
Multiple carriers;24;6;2019;09:00;21:00;24;6;12h;1;8143;2717;24
Multiple carriers;9;5;2019;18:15;01:30;10;5;7h 15m;1;15078;2718;24
Jet Airways;21;3;2019;13:00;04:25;22;3;15h 25m;1;7438;2719;24
Jet Airways;21;3;2019;11:30;04:25;22;3;16h 55m;1;7438;2720;24
IndiGo;15;6;2019;17:30;01:30;16;6;8h;1;5883;2721;24
Multiple carriers;1;6;2019;16:00;01:30;2;6;9h 30m;1;13377;2722;24
Jet Airways;24;6;2019;19:45;04:25;25;6;8h 40m;1;10262;2723;24
Jet Airways;1;6;2019;18:15;12:35;2;6;18h 20m;1;10262;2724;24
Jet Airways;21;5;2019;08:00;19:00;21;5;11h;1;16289;2725;24
IndiGo;27;3;2019;11:30;01:35;28;3;14h 5m;1;6206;2726;24
Jet Airways;27;3;2019;09:55;18:50;27;3;8h 55m;1;5963;2727;24
Jet Airways;27;5;2019;02:15;12:35;27;5;10h 20m;1;10152;2728;24
Multiple carriers;9;6;2019;17:00;01:30;10;6;8h 30m;1;7408;2729;24
IndiGo;27;6;2019;16:00;21:00;27;6;5h;1;6069;2730;24
Jet Airways;6;3;2019;02:15;18:50;6;3;16h 35m;1;17024;2731;24
Multiple carriers;6;3;2019;17:45;01:35;7;3;7h 50m;1;15147;2732;24
Multiple carriers;1;6;2019;12:50;01:30;2;6;12h 40m;1;6795;2733;24
Jet Airways;6;6;2019;11:30;04:25;7;6;16h 55m;1;14714;2734;24
Multiple carriers;1;6;2019;07:00;21:00;1;6;14h;1;7408;2735;24
Jet Airways;27;6;2019;19:45;12:35;28;6;16h 50m;1;10262;2736;24
Multiple carriers;9;6;2019;18:15;01:30;10;6;7h 15m;1;13587;2737;24
Multiple carriers;27;5;2019;14:00;21:00;27;5;7h;1;7153;2738;24
Multiple carriers;27;3;2019;08:00;18:50;27;3;10h 50m;1;11667;2739;24
Multiple carriers;12;6;2019;10:20;19:00;12;6;8h 40m;1;11789;2740;24
Air India;27;3;2019;13:00;19:15;27;3;6h 15m;1;6902;2741;24
Multiple carriers;27;5;2019;10:20;21:00;27;5;10h 40m;1;7005;2742;24
Multiple carriers;18;5;2019;08:00;19:00;18;5;11h;1;10197;2743;24
Multiple carriers;27;3;2019;09:10;19:15;27;3;10h 5m;1;10667;2744;24
Multiple carriers;3;3;2019;04:00;15:30;3;3;11h 30m;1;14973;2745;24
Multiple carriers;18;5;2019;08:30;19:00;18;5;10h 30m;1;9205;2746;24
Jet Airways;9;5;2019;22:50;04:25;10;5;5h 35m;1;15554;2747;24
Multiple carriers;9;5;2019;10:20;19:15;9;5;8h 55m;1;8266;2748;24
Multiple carriers;27;5;2019;08:45;21:00;27;5;12h 15m;1;7740;2749;24
Jet Airways;18;5;2019;14:00;19:00;18;5;5h;1;12373;2750;24
Jet Airways;27;6;2019;19:15;12:35;28;6;17h 20m;1;10262;2751;24
GoAir;3;6;2019;10:35;19:35;3;6;9h;1;4959;2752;24
Multiple carriers;15;5;2019;07:30;21:00;15;5;13h 30m;1;8405;2753;24
Multiple carriers;27;5;2019;11:30;21:00;27;5;9h 30m;1;6943;2754;24
Jet Airways;21;5;2019;18:15;12:35;22;5;18h 20m;1;12898;2755;24
Jet Airways;27;5;2019;02:15;04:25;28;5;26h 10m;1;12898;2756;24
Jet Airways;27;6;2019;07:05;12:35;27;6;5h 30m;1;10262;2757;24
Multiple carriers;3;6;2019;04:55;12:35;3;6;7h 40m;1;11622;2758;24
Jet Airways;15;6;2019;07:05;12:35;15;6;5h 30m;1;10262;2759;24
Multiple carriers;27;5;2019;10:00;19:00;27;5;9h;1;12507;2760;24
Multiple carriers;12;6;2019;03:50;12:35;12;6;8h 45m;1;12192;2761;24
Multiple carriers;9;3;2019;00:20;12:55;9;3;12h 35m;1;18260;2762;24
Multiple carriers;21;3;2019;02:15;13:20;21;3;11h 5m;1;13961;2763;24
Multiple carriers;24;6;2019;07:30;19:00;24;6;11h 30m;1;10877;2764;24
Jet Airways;9;5;2019;18:15;04:25;10;5;10h 10m;1;12373;2765;24
Jet Airways;18;5;2019;19:15;19:00;19;5;23h 45m;1;12373;2766;24
IndiGo;18;5;2019;08:30;21:00;18;5;12h 30m;1;7081;2767;24
Jet Airways;15;6;2019;09:00;12:35;16;6;27h 35m;1;10262;2768;24
Multiple carriers;27;5;2019;11:40;19:15;27;5;7h 35m;1;9316;2769;24
IndiGo;1;5;2019;07:30;21:00;1;5;13h 30m;1;8542;2770;24
Air India;6;3;2019;04:00;07:40;7;3;27h 40m;1;12940;2771;24
Multiple carriers;21;3;2019;11:30;21:00;21;3;9h 30m;1;13062;2772;24
Multiple carriers;6;3;2019;07:05;15:30;6;3;8h 25m;1;17267;2773;24
Multiple carriers;15;5;2019;17:00;01:30;16;5;8h 30m;1;8073;2774;24
Jet Airways;27;6;2019;19:45;19:00;28;6;23h 15m;1;10262;2775;24
Jet Airways;1;6;2019;19:45;12:35;2;6;16h 50m;1;10262;2776;24
Jet Airways;1;6;2019;21:50;04:25;2;6;6h 35m;1;10262;2777;24
Multiple carriers;3;3;2019;10:20;21:00;3;3;10h 40m;1;15147;2778;24
Multiple carriers;1;6;2019;13:00;01:30;2;6;12h 30m;1;13377;2779;24
Multiple carriers;27;5;2019;06:40;19:15;27;5;12h 35m;1;8837;2780;24
Multiple carriers;3;3;2019;17:30;01:35;4;3;8h 5m;1;17057;2781;24
Air India;3;6;2019;21:00;07:40;4;6;10h 40m;1;8372;2782;24
Multiple carriers;15;6;2019;15:00;01:30;16;6;10h 30m;1;13377;2783;24
Jet Airways;9;5;2019;19:45;19:00;10;5;23h 15m;1;15554;2784;24
IndiGo;9;6;2019;16:00;21:00;9;6;5h;1;6069;2785;24
Jet Airways;9;5;2019;11:30;12:35;10;5;25h 5m;1;12373;2786;24
Air India;15;5;2019;03:50;19:15;15;5;15h 25m;1;8669;2787;24
Multiple carriers;21;5;2019;10:00;01:30;22;5;15h 30m;1;7888;2788;24
Jet Airways;1;6;2019;07:05;12:35;1;6;5h 30m;1;16079;2789;24
Multiple carriers;27;5;2019;11:30;21:00;27;5;9h 30m;1;13587;2790;24
Multiple carriers;27;5;2019;10:00;19:15;27;5;9h 15m;1;11446;2791;24
Jet Airways;9;5;2019;02:15;19:00;9;5;16h 45m;1;15554;2792;24
Jet Airways;9;6;2019;13:00;04:25;10;6;15h 25m;1;10262;2793;24
Multiple carriers;6;6;2019;09:15;19:00;6;6;9h 45m;1;11622;2794;24
Jet Airways;27;6;2019;22:50;04:25;28;6;5h 35m;1;16079;2795;24
Multiple carriers;18;5;2019;13:00;19:15;18;5;6h 15m;1;14533;2796;24
Multiple carriers;21;3;2019;10:20;21:00;21;3;10h 40m;1;7215;2797;24
Multiple carriers;21;3;2019;10:20;18:50;21;3;8h 30m;1;11999;2798;24
Multiple carriers;9;5;2019;09:00;21:00;9;5;12h;1;8073;2799;24
Multiple carriers;9;3;2019;15:05;01:35;10;3;10h 30m;1;14086;2800;24
Multiple carriers;6;3;2019;07:00;21:00;6;3;14h;1;15603;2801;24
Jet Airways;6;6;2019;21:50;04:25;7;6;6h 35m;1;14714;2802;24
IndiGo;21;3;2019;09:10;21:00;21;3;11h 50m;1;8285;2803;24
Multiple carriers;27;5;2019;04:55;19:00;27;5;14h 5m;1;11573;2804;24
Air India;24;6;2019;10:00;19:15;24;6;9h 15m;1;9194;2805;24
Jet Airways;27;3;2019;09:55;04:25;28;3;18h 30m;1;12242;2806;24
Multiple carriers;12;6;2019;10:00;19:00;12;6;9h;1;12192;2807;24
Multiple carriers;15;6;2019;07:30;19:15;15;6;11h 45m;1;8614;2808;24
Multiple carriers;3;6;2019;12:50;21:00;3;6;8h 10m;1;7740;2809;24
IndiGo;1;5;2019;18:35;01:30;2;5;6h 55m;1;8854;2810;24
Multiple carriers;24;6;2019;15:15;01:30;25;6;10h 15m;1;5797;2811;24
Multiple carriers;21;5;2019;13:00;01:30;22;5;12h 30m;1;7888;2812;24
Jet Airways;24;6;2019;10:00;12:35;25;6;26h 35m;1;10262;2813;24
Multiple carriers;27;3;2019;08:00;15:30;27;3;7h 30m;1;6673;2814;24
Multiple carriers;1;6;2019;07:05;19:15;1;6;12h 10m;1;12927;2815;24
Jet Airways;27;5;2019;20:55;12:35;28;5;15h 40m;1;12898;2816;24
Air India;9;3;2019;07:00;19:15;9;3;12h 15m;1;15704;2817;24
Jet Airways;1;6;2019;19:15;04:25;2;6;9h 10m;1;14714;2818;24
Multiple carriers;21;5;2019;09:00;19:00;21;5;10h;1;10197;2819;24
Air India;12;6;2019;13:00;19:15;12;6;6h 15m;1;8372;2820;24
Multiple carriers;3;3;2019;13:55;21:00;3;3;7h 5m;1;17057;2821;24
Multiple carriers;9;5;2019;10:00;01:30;10;5;15h 30m;1;15078;2822;24
Multiple carriers;27;5;2019;10:00;01:30;28;5;15h 30m;1;8925;2823;24
Jet Airways;15;4;2019;11:30;19:00;15;4;7h 30m;1;6542;2824;24
Multiple carriers;1;6;2019;13:00;19:15;1;6;6h 15m;1;16108;2825;24
Multiple carriers;1;6;2019;15:00;01:30;2;6;10h 30m;1;13377;2826;24
Multiple carriers;6;3;2019;13:55;21:00;6;3;7h 5m;1;15136;2827;24
Multiple carriers;27;3;2019;02:15;15:30;27;3;13h 15m;1;12327;2828;24
Jet Airways;9;3;2019;17:25;04:25;10;3;11h;1;11848;2829;24
Jet Airways;21;5;2019;18:15;19:00;22;5;24h 45m;1;16079;2830;24
Multiple carriers;6;3;2019;10:00;18:50;6;3;8h 50m;1;16497;2831;24
Jet Airways;3;6;2019;09:00;19:00;3;6;10h;1;14714;2832;24
Jet Airways;6;3;2019;21:50;04:25;7;3;6h 35m;1;13843;2833;24
Multiple carriers;3;6;2019;06:40;19:15;3;6;12h 35m;1;7354;2834;24
Jet Airways;15;6;2019;20:55;19:00;16;6;22h 5m;1;10262;2835;24
Multiple carriers;21;3;2019;12:50;01:35;22;3;12h 45m;1;7695;2836;24
Jet Airways;21;5;2019;19:15;04:25;22;5;9h 10m;1;16079;2837;24
Multiple carriers;1;6;2019;09:00;19:00;1;6;10h;1;12717;2838;24
IndiGo;1;6;2019;17:30;01:30;2;6;8h;1;6628;2839;24
Multiple carriers;27;6;2019;09:15;19:15;27;6;10h;1;8099;2840;24
Multiple carriers;1;5;2019;07:30;19:00;1;5;11h 30m;1;9794;2841;24
Multiple carriers;9;3;2019;06:40;19:45;9;3;13h 5m;1;12615;2842;24
IndiGo;12;6;2019;07:30;21:00;12;6;13h 30m;1;6093;2843;24
Jet Airways;3;3;2019;02:15;18:50;3;3;16h 35m;1;17024;2844;24
Jet Airways;6;6;2019;22:50;19:00;7;6;20h 10m;1;10262;2845;24
Jet Airways;9;6;2019;17:30;04:25;10;6;10h 55m;1;10262;2846;24
Multiple carriers;9;5;2019;11:40;01:30;10;5;13h 50m;1;9021;2847;24
Multiple carriers;6;6;2019;11:40;19:15;6;6;7h 35m;1;8266;2848;24
Jet Airways;3;6;2019;19:45;19:00;4;6;23h 15m;1;14714;2849;24
Jet Airways;6;3;2019;09:00;04:25;7;3;19h 25m;1;13843;2850;24
IndiGo;15;5;2019;07:30;21:00;15;5;13h 30m;1;7191;2851;24
Multiple carriers;27;6;2019;14:00;01:30;28;6;11h 30m;1;13377;2852;24
Air India;9;3;2019;23:00;19:15;10;3;20h 15m;1;11260;2853;24
Air India;27;5;2019;08:00;19:15;27;5;11h 15m;1;9929;2854;24
Multiple carriers;9;5;2019;13:00;01:30;10;5;12h 30m;1;15078;2855;24
Multiple carriers;12;6;2019;14:00;01:30;13;6;11h 30m;1;13377;2856;24
Multiple carriers;3;3;2019;18:00;01:35;4;3;7h 35m;1;17703;2857;24
Multiple carriers;27;5;2019;07:30;19:00;27;5;11h 30m;1;11264;2858;24
IndiGo;6;6;2019;08:30;21:00;6;6;12h 30m;1;6416;2859;24
IndiGo;9;3;2019;16:00;21:00;9;3;5h;1;7725;2860;24
Jet Airways;3;3;2019;11:30;04:25;4;3;16h 55m;1;19828;2861;24
Jet Airways;21;5;2019;09:00;19:00;21;5;10h;1;16079;2862;24
Multiple carriers;3;3;2019;04:00;11:30;3;3;7h 30m;1;14973;2863;24
Multiple carriers;24;6;2019;09:15;19:00;24;6;9h 45m;1;11622;2864;24
IndiGo;6;6;2019;16:00;01:30;7;6;9h 30m;1;6316;2865;24
Multiple carriers;27;5;2019;13:00;01:30;28;5;12h 30m;1;7198;2866;24
Jet Airways;21;5;2019;20:55;04:25;22;5;7h 30m;1;16079;2867;24
Multiple carriers;12;6;2019;09:00;19:15;12;6;10h 15m;1;14848;2868;24
Air India;27;5;2019;03:50;19:15;27;5;15h 25m;1;9719;2869;24
Multiple carriers;21;3;2019;09:00;15:30;21;3;6h 30m;1;14486;2870;24
Multiple carriers;3;3;2019;16:00;01:35;4;3;9h 35m;1;21226;2871;24
Jet Airways;9;6;2019;19:15;12:35;10;6;17h 20m;1;10577;2872;24
Jet Airways;27;3;2019;11:30;04:25;28;3;16h 55m;1;12242;2873;24
Multiple carriers;24;6;2019;08:30;19:15;24;6;10h 45m;1;7354;2874;24
Jet Airways;9;6;2019;10:00;04:25;10;6;18h 25m;1;10262;2875;24
Jet Airways;18;5;2019;02:15;19:00;18;5;16h 45m;1;12373;2876;24
Jet Airways;9;4;2019;22:50;04:25;10;4;5h 35m;1;12242;2877;24
Jet Airways;27;5;2019;08:00;19:00;27;5;11h;1;16289;2878;24
Multiple carriers;27;3;2019;18:00;01:35;28;3;7h 35m;1;6673;2879;24
Multiple carriers;27;3;2019;09:00;15:30;27;3;6h 30m;1;6673;2880;24
Jet Airways;1;4;2019;18:15;12:35;2;4;18h 20m;1;5406;2881;24
Multiple carriers;18;5;2019;11:30;01:30;19;5;14h;1;13727;2882;24
Multiple carriers;15;6;2019;11:25;19:15;15;6;7h 50m;1;8614;2883;24
Multiple carriers;21;3;2019;18:00;01:35;22;3;7h 35m;1;7363;2884;24
Jet Airways;27;5;2019;11:30;12:35;28;5;25h 5m;1;12898;2885;24
Jet Airways;24;6;2019;11:30;19:00;24;6;7h 30m;1;14714;2886;24
Jet Airways;6;3;2019;13:00;18:50;6;3;5h 50m;1;17024;2887;24
Jet Airways;27;5;2019;07:05;04:25;28;5;21h 20m;1;12898;2888;24
Multiple carriers;27;6;2019;11:30;19:15;27;6;7h 45m;1;14848;2889;24
IndiGo;6;3;2019;04:45;15:30;6;3;10h 45m;1;13611;2890;24
Jet Airways;27;5;2019;09:00;19:00;27;5;10h;1;10675;2891;24
IndiGo;21;5;2019;04:55;11:50;21;5;6h 55m;1;6794;2892;24
Jet Airways;27;3;2019;09:55;04:25;28;3;18h 30m;1;6540;2893;24
Air India;21;3;2019;08:00;19:15;21;3;11h 15m;1;7199;2894;24
Jet Airways;1;6;2019;07:05;12:35;1;6;5h 30m;1;12898;2895;24
Multiple carriers;1;6;2019;08:45;19:00;1;6;10h 15m;1;12524;2896;24
GoAir;3;4;2019;10:35;19:35;3;4;9h;1;5135;2897;24
Air India;6;3;2019;07:00;19:15;6;3;12h 15m;1;15809;2898;24
Multiple carriers;27;3;2019;16:00;01:35;28;3;9h 35m;1;12327;2899;24
Multiple carriers;9;3;2019;08:40;21:00;9;3;12h 20m;1;18228;2900;24
Jet Airways;6;3;2019;11:30;04:25;7;3;16h 55m;1;13843;2901;24
Air India;27;5;2019;20:00;19:15;28;5;23h 15m;1;8372;2902;24
Jet Airways;6;6;2019;14:00;04:25;7;6;14h 25m;1;10262;2903;24
GoAir;27;3;2019;07:00;12:50;27;3;5h 50m;1;5281;2904;24
Air India;6;3;2019;23:00;07:40;7;3;8h 40m;1;14777;2905;24
Multiple carriers;12;6;2019;04:55;19:15;12;6;14h 20m;1;7155;2906;24
Multiple carriers;6;5;2019;13:00;21:00;6;5;8h;1;13727;2907;24
Jet Airways;3;6;2019;19:15;19:00;4;6;23h 45m;1;10262;2908;24
Jet Airways;1;6;2019;14:00;12:35;2;6;22h 35m;1;10262;2909;24
Jet Airways;1;6;2019;19:45;04:25;2;6;8h 40m;1;14714;2910;24
Multiple carriers;21;3;2019;04:45;12:35;21;3;7h 50m;1;9838;2911;24
IndiGo;15;6;2019;10:35;01:30;16;6;14h 55m;1;5883;2912;24
Jet Airways;3;6;2019;13:00;12:35;4;6;23h 35m;1;10262;2913;24
Jet Airways;6;6;2019;22:50;19:00;7;6;20h 10m;1;14714;2914;24
Multiple carriers;6;6;2019;14:00;21:00;6;6;7h;1;13587;2915;24
IndiGo;24;6;2019;17:30;01:30;25;6;8h;1;6104;2916;24
IndiGo;21;5;2019;10:35;01:30;22;5;14h 55m;1;6794;2917;24
IndiGo;21;5;2019;15:00;01:30;22;5;10h 30m;1;6896;2918;24
Multiple carriers;27;5;2019;07:00;21:00;27;5;14h;1;7618;2919;24
Multiple carriers;6;6;2019;08:45;21:00;6;6;12h 15m;1;7740;2920;24
Jet Airways;9;3;2019;08:00;19:45;9;3;11h 45m;1;17549;2921;24
Multiple carriers;3;6;2019;08:00;19:00;3;6;11h;1;12402;2922;24
Jet Airways;21;5;2019;13:00;12:35;22;5;23h 35m;1;12898;2923;24
Multiple carriers;15;5;2019;10:00;01:30;16;5;15h 30m;1;8073;2924;24
Multiple carriers;12;6;2019;08:50;19:00;12;6;10h 10m;1;10877;2925;24
IndiGo;27;6;2019;07:30;21:00;27;6;13h 30m;1;6093;2926;24
Multiple carriers;15;5;2019;12:50;19:15;15;5;6h 25m;1;8266;2927;24
Jet Airways;1;6;2019;18:15;04:25;2;6;10h 10m;1;10262;2928;24
Multiple carriers;27;6;2019;08:45;19:00;27;6;10h 15m;1;11789;2929;24
Multiple carriers;3;3;2019;11:30;18:50;3;3;7h 20m;1;15135;2930;24
Multiple carriers;18;5;2019;08:30;19:15;18;5;10h 45m;1;7887;2931;24
Multiple carriers;21;5;2019;09:00;21:00;21;5;12h;1;7888;2932;24
Jet Airways;27;6;2019;08:00;19:00;27;6;11h;1;10262;2933;24
Multiple carriers;15;5;2019;10:00;19:00;15;5;9h;1;10197;2934;24
Multiple carriers;18;5;2019;11:25;19:15;18;5;7h 50m;1;7997;2935;24
Jet Airways;9;5;2019;10:00;19:00;9;5;9h;1;12373;2936;24
Multiple carriers;9;6;2019;12:50;01:30;10;6;12h 40m;1;6795;2937;24
Multiple carriers;3;3;2019;10:00;01:35;4;3;15h 35m;1;16863;2938;24
IndiGo;3;3;2019;04:45;15:30;3;3;10h 45m;1;14871;2939;24
Jet Airways;6;6;2019;11:30;19:00;6;6;7h 30m;1;14714;2940;24
Jet Airways;24;6;2019;14:00;19:00;24;6;5h;1;10262;2941;24
Multiple carriers;21;3;2019;10:00;21:00;21;3;11h;1;8085;2942;24
Jet Airways;27;6;2019;10:00;19:00;27;6;9h;1;14714;2943;24
Multiple carriers;21;5;2019;19:00;01:30;22;5;6h 30m;1;7485;2944;24
Jet Airways;6;6;2019;13:00;04:25;7;6;15h 25m;1;10262;2945;24
Multiple carriers;12;6;2019;19:00;01:30;13;6;6h 30m;1;7198;2946;24
Jet Airways;27;6;2019;17:30;19:00;28;6;25h 30m;1;10262;2947;24
Multiple carriers;15;6;2019;06:40;19:15;15;6;12h 35m;1;8614;2948;24
Jet Airways;27;3;2019;16:00;19:45;28;3;27h 45m;1;12032;2949;24
Jet Airways;27;5;2019;11:30;19:00;27;5;7h 30m;1;9732;2950;24
Multiple carriers;9;5;2019;17:45;01:30;10;5;7h 45m;1;9021;2951;24
Jet Airways;3;6;2019;11:30;12:35;4;6;25h 5m;1;10262;2952;24
Multiple carriers;6;6;2019;08:45;19:00;6;6;10h 15m;1;12524;2953;24
Jet Airways;15;6;2019;02:15;12:35;15;6;10h 20m;1;10262;2954;24
Multiple carriers;6;3;2019;12:50;01:35;7;3;12h 45m;1;15147;2955;24
Multiple carriers;15;5;2019;14:00;21:00;15;5;7h;1;13727;2956;24
Multiple carriers;15;5;2019;11:40;19:15;15;5;7h 35m;1;9001;2957;24
Multiple carriers;9;5;2019;07:05;21:00;9;5;13h 55m;1;10546;2958;24
Jet Airways;18;5;2019;19:15;19:00;19;5;23h 45m;1;15554;2959;24
Air India;24;6;2019;09:00;19:15;24;6;10h 15m;1;9404;2960;24
Multiple carriers;21;3;2019;09:10;19:15;21;3;10h 5m;1;8601;2961;24
Jet Airways;9;5;2019;21:50;12:35;10;5;14h 45m;1;12373;2962;24
Multiple carriers;9;4;2019;06:00;13:20;9;4;7h 20m;1;8323;2963;24
Jet Airways;1;6;2019;22:50;12:35;2;6;13h 45m;1;10262;2964;24
Jet Airways;6;6;2019;18:15;19:00;7;6;24h 45m;1;10262;2965;24
Jet Airways;27;3;2019;07:05;18:50;27;3;11h 45m;1;12032;2966;24
Multiple carriers;3;3;2019;19:00;01:35;4;3;6h 35m;1;15288;2967;24
Multiple carriers;12;6;2019;07:05;19:15;12;6;12h 10m;1;11667;2968;24
Jet Airways;3;6;2019;16:00;04:25;4;6;12h 25m;1;14714;2969;24
Multiple carriers;27;6;2019;14:00;21:00;27;6;7h;1;13587;2970;24
Jet Airways;21;3;2019;17:30;18:50;22;3;25h 20m;1;5963;2971;24
Multiple carriers;27;5;2019;06:00;19:00;27;5;13h;1;11264;2972;24
GoAir;27;3;2019;14:10;19:20;27;3;5h 10m;1;10188;2973;24
Jet Airways;9;5;2019;18:15;12:35;10;5;18h 20m;1;12373;2974;24
Jet Airways;12;6;2019;11:30;12:35;13;6;25h 5m;1;10262;2975;24
Jet Airways;15;6;2019;08:00;19:00;15;6;11h;1;10262;2976;24
Air India;6;6;2019;09:00;19:15;6;6;10h 15m;1;8372;2977;24
Jet Airways;1;6;2019;08:00;19:00;1;6;11h;1;10262;2978;24
Jet Airways;6;3;2019;13:55;04:25;7;3;14h 30m;1;13843;2979;24
Multiple carriers;15;5;2019;06:40;19:00;15;5;12h 20m;1;9315;2980;24
Multiple carriers;21;5;2019;06:00;19:15;21;5;13h 15m;1;8266;2981;24
Jet Airways;6;6;2019;17:30;19:00;7;6;25h 30m;1;10262;2982;24
Multiple carriers;27;3;2019;09:00;21:00;27;3;12h;1;12537;2983;24
Jet Airways;15;6;2019;13:00;04:25;16;6;15h 25m;1;10262;2984;24
Multiple carriers;12;6;2019;08:30;19:15;12;6;10h 45m;1;7354;2985;24
IndiGo;3;3;2019;10:45;15:30;3;3;4h 45m;1;7725;2986;24
Multiple carriers;1;6;2019;08:45;21:00;1;6;12h 15m;1;7740;2987;24
Multiple carriers;3;6;2019;08:30;19:00;3;6;10h 30m;1;11200;2988;24
Air India;15;5;2019;08:00;19:15;15;5;11h 15m;1;8372;2989;24
Multiple carriers;6;6;2019;04:55;19:00;6;6;14h 5m;1;10678;2990;24
Jet Airways;9;3;2019;15:05;04:25;10;3;13h 20m;1;14053;2991;24
Jet Airways;1;4;2019;09:00;12:35;2;4;27h 35m;1;5406;2992;24
Jet Airways;24;6;2019;21:50;12:35;25;6;14h 45m;1;10262;2993;24
Jet Airways;6;3;2019;09:00;04:25;7;3;19h 25m;1;15764;2994;24
Jet Airways;6;6;2019;14:00;19:00;6;6;5h;1;10262;2995;24
Multiple carriers;6;6;2019;11:40;19:00;6;6;7h 20m;1;11789;2996;24
Multiple carriers;27;3;2019;17:00;01:35;28;3;8h 35m;1;6673;2997;24
Multiple carriers;27;3;2019;02:15;13:20;27;3;11h 5m;1;12327;2998;24
Jet Airways;1;6;2019;18:15;19:00;2;6;24h 45m;1;14714;2999;24
Jet Airways;21;5;2019;02:15;04:25;22;5;26h 10m;1;12898;3000;24
Jet Airways;27;5;2019;02:15;19:00;27;5;16h 45m;1;16079;3001;24
Multiple carriers Premium economy;21;3;2019;08:55;19:15;21;3;10h 20m;1;10161;3002;24
Jet Airways;12;6;2019;02:15;12:35;12;6;10h 20m;1;10262;3003;24
IndiGo;9;3;2019;16:00;01:35;10;3;9h 35m;1;13611;3004;24
Multiple carriers;27;5;2019;10:20;19:15;27;5;8h 55m;1;9316;3005;24
Jet Airways;21;3;2019;11:30;18:50;21;3;7h 20m;1;13244;3006;24
Multiple carriers;12;6;2019;18:00;01:30;13;6;7h 30m;1;7198;3007;24
Multiple carriers;27;5;2019;13:00;21:00;27;5;8h;1;13587;3008;24
IndiGo;6;3;2019;18:35;01:35;7;3;7h;1;14871;3009;24
Jet Airways;6;3;2019;07:05;04:25;7;3;21h 20m;1;17234;3010;24
Jet Airways;1;6;2019;02:15;12:35;1;6;10h 20m;1;14714;3011;24
Multiple carriers;6;3;2019;11:30;18:50;6;3;7h 20m;1;15135;3012;24
Multiple carriers;21;5;2019;10:00;21:00;21;5;11h;1;7888;3013;24
IndiGo;15;5;2019;09:15;01:30;16;5;16h 15m;1;7503;3014;24
Jet Airways;3;3;2019;09:00;18:50;3;3;9h 50m;1;17024;3015;24
Multiple carriers;24;6;2019;10:35;19:00;24;6;8h 25m;1;10678;3016;24
Multiple carriers;27;5;2019;06:00;19:15;27;5;13h 15m;1;10786;3017;24
Air India;21;3;2019;21:00;19:15;22;3;22h 15m;1;6587;3018;24
Multiple carriers;3;6;2019;10:35;19:00;3;6;8h 25m;1;10877;3019;24
Multiple carriers;21;5;2019;09:00;21:00;21;5;12h;1;14067;3020;24
Multiple carriers;21;5;2019;09:15;19:00;21;5;9h 45m;1;9627;3021;24
Jet Airways;3;6;2019;19:15;19:00;4;6;23h 45m;1;14714;3022;24
Multiple carriers Premium economy;21;3;2019;06:00;21:00;21;3;15h;1;9845;3023;24
IndiGo;27;3;2019;04:45;13:20;27;3;8h 35m;1;7048;3024;24
Jet Airways;9;3;2019;21:50;18:50;10;3;21h;1;13843;3025;24
Jet Airways;27;3;2019;08:00;18:50;27;3;10h 50m;1;12242;3026;24
Jet Airways;24;6;2019;19:15;19:00;25;6;23h 45m;1;10262;3027;24
Multiple carriers;27;5;2019;06:00;12:35;27;5;6h 35m;1;11264;3028;24
Multiple carriers;18;5;2019;10:00;01:30;19;5;15h 30m;1;8073;3029;24
Multiple carriers;6;3;2019;08:25;18:50;6;3;10h 25m;1;15135;3030;24
IndiGo;9;5;2019;17:30;01:30;10;5;8h;1;8330;3031;24
Multiple carriers;1;6;2019;06:40;19:00;1;6;12h 20m;1;11200;3032;24
Jet Airways;3;6;2019;10:00;12:35;4;6;26h 35m;1;10262;3033;24
Jet Airways;9;6;2019;14:00;12:35;10;6;22h 35m;1;10262;3034;24
Jet Airways;1;6;2019;17:30;04:25;2;6;10h 55m;1;14714;3035;24
Jet Airways;6;3;2019;07:05;18:50;6;3;11h 45m;1;17234;3036;24
Jet Airways;9;3;2019;16:00;04:25;10;3;12h 25m;1;16289;3037;24
IndiGo;27;6;2019;18:35;01:30;28;6;6h 55m;1;5883;3038;24
Air India;3;3;2019;19:00;07:40;4;3;12h 40m;1;14777;3039;24
Multiple carriers;3;3;2019;08:55;21:00;3;3;12h 5m;1;15147;3040;24
Multiple carriers;21;3;2019;10:20;19:15;21;3;8h 55m;1;7531;3041;24
Jet Airways;9;5;2019;15:00;04:25;10;5;13h 25m;1;12373;3042;24
Jet Airways;27;5;2019;07:05;12:35;27;5;5h 30m;1;16289;3043;24
Multiple carriers;24;6;2019;17:45;01:30;25;6;7h 45m;1;5797;3044;24
IndiGo;21;3;2019;07:30;15:30;21;3;8h;1;10208;3045;24
Multiple carriers;3;6;2019;11:25;19:15;3;6;7h 50m;1;7354;3046;24
Jet Airways;15;6;2019;20:55;12:35;16;6;15h 40m;1;10262;3047;24
Jet Airways;9;5;2019;17:30;12:35;10;5;19h 5m;1;12373;3048;24
Multiple carriers;15;6;2019;16:00;01:30;16;6;9h 30m;1;10196;3049;24
IndiGo;15;4;2019;16:00;21:00;15;4;5h;1;5947;3050;24
Multiple carriers;1;6;2019;11:40;19:15;1;6;7h 35m;1;10261;3051;24
Jet Airways;6;6;2019;10:00;04:25;7;6;18h 25m;1;14714;3052;24
Jet Airways;24;6;2019;21:50;04:25;25;6;6h 35m;1;14714;3053;24
Multiple carriers;6;6;2019;08:00;19:00;6;6;11h;1;12192;3054;24
Jet Airways;9;3;2019;00:20;04:25;10;3;28h 5m;1;15029;3055;24
Multiple carriers;27;3;2019;04:00;13:20;27;3;9h 20m;1;6305;3056;24
Multiple carriers;15;5;2019;06:00;21:00;15;5;15h;1;7670;3057;24
IndiGo;9;5;2019;04:55;21:00;9;5;16h 5m;1;6979;3058;24
IndiGo;9;5;2019;20:25;01:30;10;5;5h 5m;1;7255;3059;24
Multiple carriers;21;3;2019;07:05;13:20;21;3;6h 15m;1;14486;3060;24
GoAir;21;4;2019;07:00;12:55;21;4;5h 55m;1;6591;3061;24
Jet Airways;1;6;2019;15:00;12:35;2;6;21h 35m;1;10262;3062;24
Jet Airways;3;6;2019;17:30;19:00;4;6;25h 30m;1;14714;3063;24
Multiple carriers;1;6;2019;13:00;21:00;1;6;8h;1;13587;3064;24
IndiGo;27;3;2019;07:30;13:20;27;3;5h 50m;1;8227;3065;24
Multiple carriers;12;6;2019;16:00;01:30;13;6;9h 30m;1;13377;3066;24
Jet Airways;24;6;2019;21:50;19:00;25;6;21h 10m;1;10262;3067;24
Multiple carriers;24;6;2019;08:30;19:00;24;6;10h 30m;1;10877;3068;24
Multiple carriers;27;3;2019;11:40;21:00;27;3;9h 20m;1;6637;3069;24
Jet Airways;9;5;2019;11:30;19:00;9;5;7h 30m;1;15554;3070;24
Jet Airways;12;6;2019;07:05;19:00;12;6;11h 55m;1;15190;3071;24
Jet Airways;9;4;2019;20:55;12:35;10;4;15h 40m;1;11822;3072;24
Multiple carriers;9;5;2019;15:00;01:30;10;5;10h 30m;1;15078;3073;24
IndiGo;21;3;2019;15:00;01:35;22;3;10h 35m;1;7006;3074;24
Jet Airways;27;5;2019;17:30;04:25;28;5;10h 55m;1;12898;3075;24
Jet Airways;6;6;2019;11:30;19:00;6;6;7h 30m;1;10262;3076;24
Jet Airways;21;5;2019;16:00;12:35;22;5;20h 35m;1;12898;3077;24
Multiple carriers;12;6;2019;10:00;19:15;12;6;9h 15m;1;14848;3078;24
Multiple carriers;18;5;2019;19:00;01:30;19;5;6h 30m;1;8283;3079;24
Multiple carriers;18;5;2019;11:40;01:30;19;5;13h 50m;1;8405;3080;24
IndiGo;9;4;2019;18:35;01:30;10;4;6h 55m;1;6573;3081;24
Multiple carriers;9;5;2019;06:00;19:00;9;5;13h;1;9794;3082;24
Multiple carriers;1;6;2019;17:30;01:30;2;6;8h;1;13377;3083;24
Multiple carriers;3;3;2019;08:00;21:00;3;3;13h;1;17057;3084;24
Multiple carriers;24;5;2019;09:00;19:00;24;5;10h;1;10197;3085;24
Jet Airways;3;3;2019;09:55;18:50;3;3;8h 55m;1;18550;3086;24
Jet Airways;21;5;2019;11:30;12:35;22;5;25h 5m;1;12898;3087;24
Jet Airways;9;3;2019;06:50;04:25;10;3;21h 35m;1;16289;3088;24
Multiple carriers;27;5;2019;08:00;21:00;27;5;13h;1;7618;3089;24
Multiple carriers;15;6;2019;18:15;01:30;16;6;7h 15m;1;13377;3090;24
Multiple carriers;24;6;2019;11:40;19:15;24;6;7h 35m;1;7268;3091;24
Multiple carriers;6;6;2019;13:00;01:30;7;6;12h 30m;1;7198;3092;24
Jet Airways;21;3;2019;08:00;18:50;21;3;10h 50m;1;6540;3093;24
Jet Airways;6;6;2019;02:15;04:25;7;6;26h 10m;1;10262;3094;24
IndiGo;1;6;2019;20:25;01:30;2;6;5h 5m;1;6593;3095;24
Jet Airways;9;3;2019;19:15;18:50;10;3;23h 35m;1;16289;3096;24
Multiple carriers;12;6;2019;14:00;21:00;12;6;7h;1;13587;3097;24
Multiple carriers;27;3;2019;11:30;18:50;27;3;7h 20m;1;11200;3098;24
Jet Airways;27;6;2019;22:50;19:00;28;6;20h 10m;1;10262;3099;24
Air India;18;5;2019;10:00;07:40;19;5;21h 40m;1;8372;3100;24
Multiple carriers;24;6;2019;10:00;21:00;24;6;11h;1;13587;3101;24
Jet Airways;18;5;2019;20:55;04:25;19;5;7h 30m;1;15554;3102;24
Jet Airways;9;3;2019;16:00;18:50;10;3;26h 50m;1;14053;3103;24
Multiple carriers;15;5;2019;17:30;01:30;16;5;8h;1;13727;3104;24
Multiple carriers;24;6;2019;13:00;21:00;24;6;8h;1;7408;3105;24
Jet Airways;27;3;2019;08:00;04:25;28;3;20h 25m;1;12452;3106;24
Multiple carriers;9;5;2019;04:55;19:15;9;5;14h 20m;1;7575;3107;24
Multiple carriers;18;5;2019;13:00;21:00;18;5;8h;1;9385;3108;24
IndiGo;12;6;2019;20:25;01:30;13;6;5h 5m;1;5058;3109;24
Multiple carriers Premium economy;21;3;2019;06:00;13:20;21;3;7h 20m;1;11269;3110;24
Multiple carriers;9;4;2019;19:00;01:30;10;4;6h 30m;1;7363;3111;24
Jet Airways;6;3;2019;15:05;04:25;7;3;13h 20m;1;15764;3112;24
Jet Airways;12;6;2019;10:00;04:25;13;6;18h 25m;1;10262;3113;24
Jet Airways;15;6;2019;17:30;19:00;16;6;25h 30m;1;10262;3114;24
Jet Airways;27;5;2019;14:00;04:25;28;5;14h 25m;1;12898;3115;24
Multiple carriers;24;6;2019;17:00;01:30;25;6;8h 30m;1;7198;3116;24
Multiple carriers;27;6;2019;06:00;19:00;27;6;13h;1;10791;3117;24
Multiple carriers;9;5;2019;09:00;19:00;9;5;10h;1;10197;3118;24
Multiple carriers;15;6;2019;09:00;21:00;15;6;12h;1;7933;3119;24
Jet Airways;27;3;2019;07:05;04:25;28;3;21h 20m;1;6645;3120;24
Multiple carriers;21;3;2019;13:00;01:35;22;3;12h 35m;1;8098;3121;24
Jet Airways;3;6;2019;02:15;19:00;3;6;16h 45m;1;10262;3122;24
Jet Airways;3;6;2019;15:00;19:00;4;6;28h;1;10262;3123;24
Jet Airways;15;6;2019;02:15;12:35;15;6;10h 20m;1;18371;3124;24
Multiple carriers;27;6;2019;08:45;21:00;27;6;12h 15m;1;7005;3125;24
Jet Airways;21;5;2019;02:15;12:35;21;5;10h 20m;1;12898;3126;24
Air India;15;6;2019;03:50;19:15;15;6;15h 25m;1;9929;3127;24
Jet Airways;1;6;2019;10:00;19:00;1;6;9h;1;14714;3128;24
Multiple carriers;18;5;2019;04:55;12:35;18;5;7h 40m;1;8882;3129;24
Multiple carriers;9;5;2019;08:00;19:00;9;5;11h;1;10197;3130;24
IndiGo;3;3;2019;07:30;13:20;3;3;5h 50m;1;13628;3131;24
IndiGo;1;6;2019;17:10;01:30;2;6;8h 20m;1;6628;3132;24
IndiGo;6;3;2019;11:30;21:00;6;3;9h 30m;1;14871;3133;24
Multiple carriers;1;6;2019;11:30;19:15;1;6;7h 45m;1;16108;3134;24
GoAir;9;6;2019;10:35;19:35;9;6;9h;1;5281;3135;24
Jet Airways;9;3;2019;08:00;04:25;10;3;20h 25m;1;17549;3136;24
Multiple carriers;3;6;2019;08:00;21:00;3;6;13h;1;13797;3137;24
Multiple carriers;3;3;2019;12:50;01:35;4;3;12h 45m;1;18192;3138;24
Multiple carriers;6;3;2019;15:15;01:35;7;3;10h 20m;1;15147;3139;24
Multiple carriers;15;6;2019;04:55;19:00;15;6;14h 5m;1;10678;3140;24
Jet Airways;27;3;2019;11:30;18:50;27;3;7h 20m;1;12242;3141;24
Jet Airways;1;6;2019;20:55;04:25;2;6;7h 30m;1;10262;3142;24
Multiple carriers;18;5;2019;07:05;19:15;18;5;12h 10m;1;14533;3143;24
Multiple carriers;21;3;2019;10:45;18:50;21;3;8h 5m;1;11622;3144;24
Multiple carriers;24;6;2019;07:30;19:15;24;6;11h 45m;1;9001;3145;24
Jet Airways;3;4;2019;02:15;04:25;4;4;26h 10m;1;5177;3146;24
Multiple carriers;15;5;2019;08:45;19:00;15;5;10h 15m;1;9794;3147;24
Multiple carriers;21;5;2019;08:00;19:15;21;5;11h 15m;1;15058;3148;24
Jet Airways;6;3;2019;16:00;19:45;7;3;27h 45m;1;17024;3149;24
Air India;9;6;2019;21:00;07:40;10;6;10h 40m;1;8372;3150;24
IndiGo;27;3;2019;11:30;21:00;27;3;9h 30m;1;6416;3151;24
Jet Airways;9;6;2019;11:30;19:00;9;6;7h 30m;1;10262;3152;24
Jet Airways;9;6;2019;22:50;19:00;10;6;20h 10m;1;14714;3153;24
Multiple carriers;18;5;2019;10:35;19:15;18;5;8h 40m;1;8309;3154;24
Jet Airways;24;6;2019;14:00;04:25;25;6;14h 25m;1;10262;3155;24
IndiGo;15;6;2019;11:25;01:30;16;6;14h 5m;1;5883;3156;24
Multiple carriers;6;6;2019;10:00;19:00;6;6;9h;1;12717;3157;24
Multiple carriers;9;5;2019;07:30;19:15;9;5;11h 45m;1;7787;3158;24
GoAir;1;4;2019;10:35;19:35;1;4;9h;1;5281;3159;24
IndiGo;6;6;2019;09:15;21:00;6;6;11h 45m;1;6838;3160;24
Multiple carriers;3;6;2019;18:15;01:30;4;6;7h 15m;1;13377;3161;24
Air India;21;5;2019;08:00;19:15;21;5;11h 15m;1;8372;3162;24
Jet Airways;27;5;2019;09:00;04:25;28;5;19h 25m;1;12898;3163;24
IndiGo;3;6;2019;17:10;01:30;4;6;8h 20m;1;6104;3164;24
Multiple carriers;27;5;2019;10:20;19:00;27;5;8h 40m;1;9794;3165;24
Jet Airways;9;5;2019;18:15;19:00;10;5;24h 45m;1;15554;3166;24
Multiple carriers;27;5;2019;10:00;01:30;28;5;15h 30m;1;9508;3167;24
Jet Airways;9;3;2019;16:00;18:50;10;3;26h 50m;1;16289;3168;24
Multiple carriers;3;3;2019;07:00;13:20;3;3;6h 20m;1;15603;3169;24
Jet Airways;9;6;2019;16:00;19:00;10;6;27h;1;10577;3170;24
Jet Airways;24;6;2019;09:00;19:00;24;6;10h;1;18371;3171;24
Multiple carriers;6;3;2019;11:30;19:15;6;3;7h 45m;1;15077;3172;24
Jet Airways;9;5;2019;19:15;12:35;10;5;17h 20m;1;12373;3173;24
Multiple carriers;3;3;2019;06:40;18:50;3;3;12h 10m;1;15135;3174;24
Multiple carriers;1;6;2019;09:15;19:00;1;6;9h 45m;1;12042;3175;24
Jet Airways;6;5;2019;22:50;12:35;7;5;13h 45m;1;15554;3176;24
Multiple carriers;21;5;2019;14:00;21:00;21;5;7h;1;14067;3177;24
IndiGo;9;5;2019;10:35;01:30;10;5;14h 55m;1;8330;3178;24
Multiple carriers;15;5;2019;12:50;01:30;16;5;12h 40m;1;7670;3179;24
Jet Airways;12;6;2019;17:30;19:00;13;6;25h 30m;1;10262;3180;24
Jet Airways;6;6;2019;19:15;04:25;7;6;9h 10m;1;10262;3181;24
Multiple carriers;27;6;2019;12:50;21:00;27;6;8h 10m;1;6007;3182;24
Multiple carriers;9;3;2019;02:15;12:55;9;3;10h 40m;1;18260;3183;24
Jet Airways;12;6;2019;02:15;19:00;12;6;16h 45m;1;14714;3184;24
Jet Airways;9;5;2019;07:05;12:35;9;5;5h 30m;1;15554;3185;24
Multiple carriers;9;5;2019;19:00;01:30;10;5;6h 30m;1;9424;3186;24
Multiple carriers;27;5;2019;17:00;01:30;28;5;8h 30m;1;7198;3187;24
Jet Airways;27;5;2019;13:00;12:35;28;5;23h 35m;1;12898;3188;24
IndiGo;27;3;2019;20:30;01:35;28;3;5h 5m;1;5073;3189;24
Multiple carriers;3;6;2019;07:05;19:15;3;6;12h 10m;1;15058;3190;24
IndiGo;3;4;2019;10:35;15:35;3;4;5h;1;5073;3191;24
Multiple carriers;15;5;2019;08:00;19:00;15;5;11h;1;10197;3192;24
Jet Airways;24;6;2019;11:30;04:25;25;6;16h 55m;1;10262;3193;24
Multiple carriers;6;3;2019;09:55;19:15;6;3;9h 20m;1;15342;3194;24
Jet Airways;27;5;2019;21:50;19:00;28;5;21h 10m;1;12898;3195;24
IndiGo;15;5;2019;17:10;01:30;16;5;8h 20m;1;6979;3196;24
Jet Airways;27;3;2019;11:30;04:25;28;3;16h 55m;1;6017;3197;24
Jet Airways;21;3;2019;07:05;12:35;21;3;5h 30m;1;14053;3198;24
Air India;6;6;2019;08:00;19:15;6;6;11h 15m;1;8372;3199;24
Jet Airways;9;3;2019;06:50;19:45;9;3;12h 55m;1;16289;3200;24
Multiple carriers Premium economy;21;3;2019;06:00;15:30;21;3;9h 30m;1;11269;3201;24
Multiple carriers;18;5;2019;13:00;01:30;19;5;12h 30m;1;9385;3202;24
Multiple carriers;15;6;2019;08:00;19:00;15;6;11h;1;12192;3203;24
Multiple carriers;27;5;2019;18:00;01:30;28;5;7h 30m;1;7198;3204;24
Jet Airways;21;3;2019;13:00;18:50;21;3;5h 50m;1;12347;3205;24
Jet Airways;6;3;2019;19:45;19:45;7;3;24h;1;17024;3206;24
Multiple carriers;6;6;2019;14:00;01:30;7;6;11h 30m;1;13377;3207;24
Multiple carriers;27;6;2019;10:20;19:15;27;6;8h 55m;1;7741;3208;24
Multiple carriers;3;6;2019;08:45;21:00;3;6;12h 15m;1;7740;3209;24
Jet Airways;27;3;2019;09:55;18:50;27;3;8h 55m;1;12032;3210;24
Jet Airways;21;3;2019;19:45;18:50;22;3;23h 5m;1;12347;3211;24
Jet Airways;18;5;2019;11:30;04:25;19;5;16h 55m;1;12373;3212;24
Jet Airways;18;5;2019;09:00;19:00;18;5;10h;1;15554;3213;24
Multiple carriers;12;6;2019;08:45;19:00;12;6;10h 15m;1;11789;3214;24
Multiple carriers;21;5;2019;19:00;01:30;22;5;6h 30m;1;7888;3215;24
Multiple carriers;24;6;2019;10:20;21:00;24;6;10h 40m;1;6007;3216;24
Jet Airways;27;5;2019;10:00;12:35;28;5;26h 35m;1;12898;3217;24
Multiple carriers;21;5;2019;08:45;19:00;21;5;10h 15m;1;9794;3218;24
Multiple carriers;3;3;2019;07:00;15:30;3;3;8h 30m;1;15603;3219;24
Jet Airways;9;6;2019;19:45;12:35;10;6;16h 50m;1;10577;3220;24
Jet Airways;3;6;2019;13:00;19:00;3;6;6h;1;14714;3221;24
Jet Airways;6;3;2019;09:00;18:50;6;3;9h 50m;1;15400;3222;24
IndiGo;15;6;2019;08:30;21:00;15;6;12h 30m;1;6416;3223;24
IndiGo;21;3;2019;16:00;01:35;22;3;9h 35m;1;9264;3224;24
Multiple carriers;6;6;2019;09:00;21:00;6;6;12h;1;13587;3225;24
Jet Airways;1;6;2019;21:50;12:35;2;6;14h 45m;1;14714;3226;24
IndiGo;6;5;2019;11:25;01:30;7;5;14h 5m;1;6979;3227;24
Jet Airways;18;5;2019;19:45;04:25;19;5;8h 40m;1;12373;3228;24
Multiple carriers;21;3;2019;09:00;18:50;21;3;9h 50m;1;11667;3229;24
Multiple carriers;24;6;2019;08:45;19:15;24;6;10h 30m;1;9001;3230;24
IndiGo;24;6;2019;20:25;01:30;25;6;5h 5m;1;5054;3231;24
Jet Airways;3;6;2019;08:00;19:00;3;6;11h;1;14924;3232;24
Multiple carriers;21;5;2019;06:00;21:00;21;5;15h;1;7485;3233;24
Jet Airways;24;6;2019;08:00;19:00;24;6;11h;1;18581;3234;24
IndiGo;9;5;2019;17:10;01:30;10;5;8h 20m;1;8330;3235;24
Jet Airways;9;6;2019;08:00;19:00;9;6;11h;1;10262;3236;24
Multiple carriers;18;5;2019;15:00;01:30;19;5;10h 30m;1;13727;3237;24
Jet Airways;21;3;2019;17:30;18:50;22;3;25h 20m;1;12557;3238;24
Jet Airways;24;6;2019;17:30;19:00;25;6;25h 30m;1;10262;3239;24
Air India;27;6;2019;13:00;19:15;27;6;6h 15m;1;8372;3240;24
Jet Airways;9;3;2019;02:15;19:45;9;3;17h 30m;1;15764;3241;24
Multiple carriers;1;6;2019;10:00;19:15;1;6;9h 15m;1;16108;3242;24
IndiGo;9;4;2019;10:35;01:30;10;4;14h 55m;1;6270;3243;24
Multiple carriers;6;3;2019;09:10;19:15;6;3;10h 5m;1;15077;3244;24
Jet Airways;3;6;2019;09:00;12:35;4;6;27h 35m;1;10262;3245;24
Jet Airways;1;6;2019;17:30;19:00;2;6;25h 30m;1;14714;3246;24
Multiple carriers;27;3;2019;07:30;19:15;27;3;11h 45m;1;8371;3247;24
Multiple carriers;27;6;2019;10:00;19:00;27;6;9h;1;12192;3248;24
Multiple carriers Premium economy;21;3;2019;06:00;18:50;21;3;12h 50m;1;14629;3249;24
Multiple carriers;9;5;2019;13:00;19:15;9;5;6h 15m;1;14323;3250;24
IndiGo;18;5;2019;06:40;21:00;18;5;14h 20m;1;6758;3251;24
Multiple carriers;21;5;2019;09:00;19:15;21;5;10h 15m;1;14848;3252;24
IndiGo;6;3;2019;09:10;21:00;6;3;11h 50m;1;14871;3253;24
IndiGo;15;5;2019;04:55;21:00;15;5;16h 5m;1;6979;3254;24
Jet Airways;18;5;2019;20:55;04:25;19;5;7h 30m;1;12373;3255;24
Air India;3;3;2019;04:00;07:40;4;3;27h 40m;1;14462;3256;24
Multiple carriers;9;6;2019;09:00;21:00;9;6;12h;1;7408;3257;24
IndiGo;9;6;2019;10:35;21:00;9;6;10h 25m;1;6314;3258;24
Multiple carriers;12;6;2019;10:20;19:15;12;6;8h 55m;1;8266;3259;24
Jet Airways;18;5;2019;21:50;12:35;19;5;14h 45m;1;12373;3260;24
IndiGo;3;3;2019;08:25;21:00;3;3;12h 35m;1;14871;3261;24
Multiple carriers;1;6;2019;11:30;21:00;1;6;9h 30m;1;13587;3262;24
Multiple carriers;3;3;2019;18:15;01:35;4;3;7h 20m;1;18916;3263;24
Multiple carriers;21;5;2019;12:50;19:15;21;5;6h 25m;1;8266;3264;24
Jet Airways;18;5;2019;02:15;04:25;19;5;26h 10m;1;12373;3265;24
Jet Airways;1;6;2019;08:00;19:00;1;6;11h;1;14714;3266;24
Jet Airways;27;3;2019;09:00;04:25;28;3;19h 25m;1;12242;3267;24
Multiple carriers;27;6;2019;13:00;21:00;27;6;8h;1;7408;3268;24
Multiple carriers;27;3;2019;06:40;19:15;27;3;12h 35m;1;9100;3269;24
IndiGo;27;5;2019;04:55;21:00;27;5;16h 5m;1;8784;3270;24
Multiple carriers;27;6;2019;13:00;01:30;28;6;12h 30m;1;13377;3271;24
Air India;3;6;2019;13:00;19:15;3;6;6h 15m;1;8372;3272;24
IndiGo;6;6;2019;07:30;21:00;6;6;13h 30m;1;6093;3273;24
Multiple carriers;9;5;2019;08:45;19:00;9;5;10h 15m;1;9794;3274;24
Jet Airways;9;6;2019;21:50;04:25;10;6;6h 35m;1;14714;3275;24
Multiple carriers;27;6;2019;10:00;21:00;27;6;11h;1;7408;3276;24
IndiGo;9;5;2019;06:40;21:00;9;5;14h 20m;1;7191;3277;24
Jet Airways;6;6;2019;07:05;04:25;7;6;21h 20m;1;10262;3278;24
Jet Airways;3;6;2019;18:15;19:00;4;6;24h 45m;1;10262;3279;24
Jet Airways;15;6;2019;13:00;19:00;15;6;6h;1;14714;3280;24
Jet Airways;21;5;2019;14:00;19:00;21;5;5h;1;16079;3281;24
Multiple carriers;15;5;2019;10:20;19:00;15;5;8h 40m;1;9794;3282;24
Multiple carriers;15;6;2019;10:00;01:30;16;6;15h 30m;1;13377;3283;24
Jet Airways;18;5;2019;22:50;04:25;19;5;5h 35m;1;15554;3284;24
Multiple carriers;27;5;2019;08:45;19:15;27;5;10h 30m;1;10051;3285;24
Jet Airways;15;6;2019;10:00;19:00;15;6;9h;1;14714;3286;24
Jet Airways;3;6;2019;15:00;04:25;4;6;13h 25m;1;14714;3287;24
Multiple carriers;24;6;2019;17:30;01:30;25;6;8h;1;13377;3288;24
Multiple carriers Premium economy;21;3;2019;07:30;18:50;21;3;11h 20m;1;14629;3289;24
IndiGo;9;4;2019;07:30;21:00;9;4;13h 30m;1;6093;3290;24
Air India;18;5;2019;21:00;07:40;19;5;10h 40m;1;8372;3291;24
Air India;9;3;2019;08:00;19:15;9;3;11h 15m;1;16754;3292;24
Jet Airways;27;5;2019;22:50;19:00;28;5;20h 10m;1;16079;3293;24
Air India;3;6;2019;19:00;07:40;4;6;12h 40m;1;8372;3294;24
Jet Airways;3;3;2019;18:15;18:50;4;3;24h 35m;1;17234;3295;24
Multiple carriers;24;6;2019;07:00;21:00;24;6;14h;1;7618;3296;24
Jet Airways;3;6;2019;16:00;04:25;4;6;12h 25m;1;10262;3297;24
Jet Airways;15;6;2019;09:00;19:00;15;6;10h;1;10262;3298;24
Multiple carriers;21;3;2019;15:15;01:35;22;3;10h 20m;1;7695;3299;24
IndiGo;27;5;2019;09:15;01:30;28;5;16h 15m;1;6628;3300;24
Multiple carriers;6;3;2019;08:00;15:30;6;3;7h 30m;1;15078;3301;24
Multiple carriers;6;6;2019;07:00;21:00;6;6;14h;1;7408;3302;24
Jet Airways;21;3;2019;08:00;04:25;22;3;20h 25m;1;6540;3303;24
Jet Airways;21;5;2019;10:00;19:00;21;5;9h;1;16079;3304;24
Multiple carriers;1;6;2019;18:15;01:30;2;6;7h 15m;1;13377;3305;24
Air India;27;5;2019;10:00;19:15;27;5;9h 15m;1;12029;3306;24
Multiple carriers;21;3;2019;14:00;01:35;22;3;11h 35m;1;13542;3307;24
Multiple carriers;21;3;2019;10:20;01:35;22;3;15h 15m;1;7695;3308;24
Jet Airways;9;6;2019;11:30;12:35;10;6;25h 5m;1;10262;3309;24
Multiple carriers;24;6;2019;12:50;19:15;24;6;6h 25m;1;7268;3310;24
Multiple carriers;21;5;2019;18:00;01:30;22;5;7h 30m;1;7888;3311;24
Multiple carriers;9;6;2019;11:40;19:00;9;6;7h 20m;1;11789;3312;24
Multiple carriers;21;5;2019;07:30;19:00;21;5;11h 30m;1;9794;3313;24
Multiple carriers;27;5;2019;11:40;01:30;28;5;13h 50m;1;6795;3314;24
IndiGo;9;3;2019;18:35;01:35;10;3;7h;1;12351;3315;24
Multiple carriers;15;5;2019;11:25;19:15;15;5;7h 50m;1;7575;3316;24
Multiple carriers;6;3;2019;07:00;18:50;6;3;11h 50m;1;15867;3317;24
Jet Airways;3;6;2019;15:00;19:00;4;6;28h;1;14714;3318;24
Air India;1;3;2019;04:00;07:40;2;3;27h 40m;1;28322;3319;24
IndiGo;6;4;2019;10:35;15:35;6;4;5h;1;5073;3320;24
Multiple carriers;24;6;2019;09:15;19:15;24;6;10h;1;8099;3321;24
Jet Airways;9;5;2019;13:00;12:35;10;5;23h 35m;1;12373;3322;24
Multiple carriers;12;6;2019;19:00;01:30;13;6;6h 30m;1;6795;3323;24
Multiple carriers;18;5;2019;09:00;21:00;18;5;12h;1;8073;3324;24
Multiple carriers;15;6;2019;11:40;19:15;15;6;7h 35m;1;9526;3325;24
Jet Airways;12;6;2019;13:00;19:00;12;6;6h;1;10262;3326;24
Jet Airways;9;6;2019;15:00;12:35;10;6;21h 35m;1;10262;3327;24
IndiGo;9;6;2019;15:00;01:30;10;6;10h 30m;1;6316;3328;24
Jet Airways;9;6;2019;13:00;19:00;9;6;6h;1;10262;3329;24
Multiple carriers;24;5;2019;07:30;19:00;24;5;11h 30m;1;10529;3330;24
Jet Airways;21;3;2019;02:15;18:50;21;3;16h 35m;1;7438;3331;24
Jet Airways;9;5;2019;14:00;04:25;10;5;14h 25m;1;12373;3332;24
Multiple carriers;21;3;2019;07:00;13:20;21;3;6h 20m;1;9042;3333;24
Jet Airways;9;3;2019;20:50;18:50;10;3;22h;1;16289;3334;24
Multiple carriers;3;3;2019;02:15;15:30;3;3;13h 15m;1;17057;3335;24
IndiGo;3;3;2019;11:30;21:00;3;3;9h 30m;1;14871;3336;24
Multiple carriers;9;6;2019;04:55;19:00;9;6;14h 5m;1;10877;3337;24
Multiple carriers;27;3;2019;10:45;18:50;27;3;8h 5m;1;11622;3338;24
Multiple carriers;27;5;2019;03:50;19:00;27;5;15h 10m;1;10197;3339;24
Multiple carriers;6;6;2019;10:20;19:15;6;6;8h 55m;1;8266;3340;24
Multiple carriers;27;6;2019;10:20;21:00;27;6;10h 40m;1;6480;3341;24
Jet Airways;24;6;2019;15:00;12:35;25;6;21h 35m;1;10262;3342;24
Jet Airways;9;5;2019;13:00;19:00;9;5;6h;1;12373;3343;24
Jet Airways;18;5;2019;10:00;19:00;18;5;9h;1;11399;3344;24
Multiple carriers;27;6;2019;06:00;21:00;27;6;15h;1;6007;3345;24
IndiGo;21;3;2019;04:45;13:20;21;3;8h 35m;1;7738;3346;24
Jet Airways;6;6;2019;17:30;19:00;7;6;25h 30m;1;14714;3347;24
IndiGo;27;3;2019;04:45;21:00;27;3;16h 15m;1;7258;3348;24
Multiple carriers;6;3;2019;09:10;18:50;6;3;9h 40m;1;15135;3349;24
Multiple carriers;27;3;2019;10:20;18:50;27;3;8h 30m;1;11421;3350;24
Jet Airways;27;6;2019;20:55;04:25;28;6;7h 30m;1;12898;3351;24
Multiple carriers;27;6;2019;07:05;21:00;27;6;13h 55m;1;13587;3352;24
Jet Airways;18;5;2019;09:00;04:25;19;5;19h 25m;1;12373;3353;24
Multiple carriers;9;5;2019;13:00;21:00;9;5;8h;1;13727;3354;24
Jet Airways;27;6;2019;18:15;12:35;28;6;18h 20m;1;10262;3355;24
GoAir;24;6;2019;10:35;19:35;24;6;9h;1;3876;3356;24
IndiGo;27;3;2019;15:00;01:35;28;3;10h 35m;1;8075;3357;24
Multiple carriers;15;6;2019;06:00;21:00;15;6;15h;1;7005;3358;24
Jet Airways;9;6;2019;11:30;04:25;10;6;16h 55m;1;10262;3359;24
IndiGo;6;5;2019;10:35;01:30;7;5;14h 55m;1;6979;3360;24
Multiple carriers;21;5;2019;08:30;19:00;21;5;10h 30m;1;9627;3361;24
Jet Airways;3;4;2019;02:15;19:00;3;4;16h 45m;1;4757;3362;24
IndiGo;21;3;2019;10:45;21:00;21;3;10h 15m;1;6838;3363;24
IndiGo;27;5;2019;15:00;01:30;28;5;10h 30m;1;6628;3364;24
Multiple carriers;6;3;2019;18:00;01:35;7;3;7h 35m;1;16863;3365;24
Multiple carriers;9;6;2019;07:00;19:00;9;6;12h;1;12192;3366;24
Jet Airways;21;3;2019;02:15;04:25;22;3;26h 10m;1;12719;3367;24
Jet Airways;21;5;2019;21:50;12:35;22;5;14h 45m;1;12898;3368;24
Jet Airways;3;6;2019;19:45;19:00;4;6;23h 15m;1;10262;3369;24
Multiple carriers;21;3;2019;08:00;18:50;21;3;10h 50m;1;11667;3370;24
Jet Airways;18;5;2019;18:15;04:25;19;5;10h 10m;1;12373;3371;24
GoAir;9;5;2019;10:35;19:35;9;5;9h;1;6591;3372;24
Jet Airways;1;4;2019;18:15;19:00;2;4;24h 45m;1;5406;3373;24
Jet Airways;9;5;2019;10:00;12:35;10;5;26h 35m;1;12373;3374;24
Air India;6;6;2019;07:00;19:15;6;6;12h 15m;1;8669;3375;24
Jet Airways;27;6;2019;18:15;19:00;28;6;24h 45m;1;10262;3376;24
Jet Airways;1;6;2019;11:30;19:00;1;6;7h 30m;1;14714;3377;24
Jet Airways;15;6;2019;10:00;19:00;15;6;9h;1;10262;3378;24
IndiGo;27;5;2019;17:30;01:30;28;5;8h;1;6206;3379;24
Jet Airways;15;6;2019;21:50;12:35;16;6;14h 45m;1;10262;3380;24
Multiple carriers;9;5;2019;07:05;19:15;9;5;12h 10m;1;11142;3381;24
Multiple carriers;9;5;2019;13:00;01:30;10;5;12h 30m;1;9424;3382;24
Multiple carriers;6;3;2019;09:00;15:30;6;3;6h 30m;1;15136;3383;24
Jet Airways;12;6;2019;11:30;04:25;13;6;16h 55m;1;10262;3384;24
Multiple carriers;27;6;2019;06:00;12:35;27;6;6h 35m;1;10791;3385;24
Jet Airways;27;3;2019;07:05;04:25;28;3;21h 20m;1;12452;3386;24
Multiple carriers;27;3;2019;08:55;15:30;27;3;6h 35m;1;7845;3387;24
Multiple carriers;15;6;2019;09:00;21:00;15;6;12h;1;13587;3388;24
Multiple carriers;3;3;2019;13:00;01:35;4;3;12h 35m;1;18286;3389;24
IndiGo;3;3;2019;06:40;15:30;3;3;8h 50m;1;14871;3390;24
Air India;12;6;2019;07:00;19:15;12;6;12h 15m;1;8669;3391;24
Jet Airways;27;3;2019;23:05;04:25;28;3;5h 20m;1;7438;3392;24
IndiGo;9;6;2019;17:10;01:30;10;6;8h 20m;1;6206;3393;24
Jet Airways;9;5;2019;10:00;19:00;9;5;9h;1;15554;3394;24
IndiGo;27;5;2019;08:30;21:00;27;5;12h 30m;1;6838;3395;24
GoAir;6;3;2019;10:25;19:20;6;3;8h 55m;1;8213;3396;24
Multiple carriers;6;6;2019;07:00;19:00;6;6;12h;1;12192;3397;24
Multiple carriers;3;6;2019;10:00;19:15;3;6;9h 15m;1;14848;3398;24
Multiple carriers;24;6;2019;19:00;01:30;25;6;6h 30m;1;6795;3399;24
Jet Airways;15;6;2019;09:00;04:25;16;6;19h 25m;1;10262;3400;24
Multiple carriers;18;5;2019;07:30;19:15;18;5;11h 45m;1;7564;3401;24
Multiple carriers;9;6;2019;10:20;21:00;9;6;10h 40m;1;7005;3402;24
IndiGo;3;3;2019;09:10;01:35;4;3;16h 25m;1;14871;3403;24
Multiple carriers;27;6;2019;08:45;19:15;27;6;10h 30m;1;8266;3404;24
Multiple carriers;21;5;2019;06:40;19:15;21;5;12h 35m;1;7787;3405;24
IndiGo;21;3;2019;07:30;13:20;21;3;5h 50m;1;9861;3406;24
Multiple carriers;15;5;2019;08:45;21:00;15;5;12h 15m;1;7670;3407;24
Jet Airways;3;6;2019;19:15;12:35;4;6;17h 20m;1;14714;3408;24
IndiGo;9;6;2019;09:15;01:30;10;6;16h 15m;1;6628;3409;24
Multiple carriers;1;6;2019;03:50;19:00;1;6;15h 10m;1;12192;3410;24
Air India;27;3;2019;07:00;19:15;27;3;12h 15m;1;6377;3411;24
IndiGo;21;3;2019;20:30;01:35;22;3;5h 5m;1;6232;3412;24
Multiple carriers;21;5;2019;08:45;19:15;21;5;10h 30m;1;8266;3413;24
Multiple carriers;27;5;2019;11:30;19:15;27;5;7h 45m;1;15898;3414;24
Jet Airways;9;6;2019;16:00;04:25;10;6;12h 25m;1;10577;3415;24
Jet Airways;6;4;2019;11:30;12:35;7;4;25h 5m;1;5177;3416;24
Multiple carriers;18;5;2019;08:00;21:00;18;5;13h;1;13727;3417;24
Jet Airways;3;6;2019;16:00;12:35;4;6;20h 35m;1;14714;3418;24
Jet Airways;21;3;2019;09:00;18:50;21;3;9h 50m;1;7438;3419;24
Jet Airways;6;6;2019;18:15;19:00;7;6;24h 45m;1;14714;3420;24
Multiple carriers;12;6;2019;18:15;01:30;13;6;7h 15m;1;13377;3421;24
Jet Airways;24;6;2019;10:00;04:25;25;6;18h 25m;1;10262;3422;24
Multiple carriers;6;6;2019;13:00;21:00;6;6;8h;1;13587;3423;24
Jet Airways;9;3;2019;00:20;04:25;10;3;28h 5m;1;11848;3424;24
Air India;1;6;2019;08:00;19:15;1;6;11h 15m;1;9929;3425;24
Multiple carriers;9;6;2019;11:40;21:00;9;6;9h 20m;1;7005;3426;24
Multiple carriers;15;6;2019;08:45;19:15;15;6;10h 30m;1;9526;3427;24
GoAir;24;4;2019;07:00;12:55;24;4;5h 55m;1;6195;3428;24
Jet Airways;27;5;2019;20:55;04:25;28;5;7h 30m;1;16079;3429;24
Jet Airways;15;6;2019;19:15;12:35;16;6;17h 20m;1;10262;3430;24
Jet Airways;18;5;2019;08:00;04:25;19;5;20h 25m;1;12373;3431;24
Multiple carriers Premium economy;21;3;2019;08:55;21:00;21;3;12h 5m;1;9845;3432;24
Multiple carriers;21;5;2019;07:30;19:00;21;5;11h 30m;1;9315;3433;24
Multiple carriers;21;3;2019;07:05;15:30;21;3;8h 25m;1;14486;3434;24
Multiple carriers;27;6;2019;08:00;21:00;27;6;13h;1;13587;3435;24
Multiple carriers;3;6;2019;11:30;21:00;3;6;9h 30m;1;13587;3436;24
Jet Airways;27;3;2019;08:00;04:25;28;3;20h 25m;1;6645;3437;24
Jet Airways;9;3;2019;17:25;04:25;10;3;11h;1;15554;3438;24
IndiGo;27;6;2019;09:15;01:30;28;6;16h 15m;1;6628;3439;24
Jet Airways;1;6;2019;07:05;19:00;1;6;11h 55m;1;15190;3440;24
Jet Airways;1;6;2019;13:00;12:35;2;6;23h 35m;1;10262;3441;24
IndiGo;15;5;2019;09:15;21:00;15;5;11h 45m;1;7503;3442;24
Multiple carriers;15;5;2019;11:30;01:30;16;5;14h;1;13727;3443;24
Multiple carriers;9;5;2019;10:20;21:00;9;5;10h 40m;1;7670;3444;24
Multiple carriers;3;6;2019;09:00;21:00;3;6;12h;1;8930;3445;24
Jet Airways;9;5;2019;07:05;04:25;10;5;21h 20m;1;12373;3446;24
Jet Airways;3;6;2019;21:50;04:25;4;6;6h 35m;1;16079;3447;24
Jet Airways;27;6;2019;22:50;04:25;28;6;5h 35m;1;12898;3448;24
Multiple carriers;6;3;2019;13:00;21:00;6;3;8h;1;15603;3449;24
Jet Airways;24;6;2019;07:05;19:00;24;6;11h 55m;1;18581;3450;24
Jet Airways;12;6;2019;11:30;19:00;12;6;7h 30m;1;14714;3451;24
IndiGo;27;5;2019;11:25;01:30;28;5;14h 5m;1;6104;3452;24
Multiple carriers;24;6;2019;19:00;01:30;25;6;6h 30m;1;7198;3453;24
Multiple carriers;15;5;2019;10:35;19:00;15;5;8h 25m;1;9103;3454;24
GoAir;15;4;2019;07:00;12:55;15;4;5h 55m;1;6195;3455;24
Multiple carriers Premium economy;21;3;2019;08:55;15:30;21;3;6h 35m;1;11269;3456;24
Air India;3;3;2019;08:00;19:15;3;3;11h 15m;1;15197;3457;24
GoAir;27;6;2019;10:35;19:35;27;6;9h;1;3948;3458;24
Multiple carriers;3;3;2019;08:25;18:50;3;3;10h 25m;1;15135;3459;24
Multiple carriers Premium economy;21;3;2019;06:00;12:35;21;3;6h 35m;1;13369;3460;24
Multiple carriers;9;5;2019;06:00;21:00;9;5;15h;1;7670;3461;24
Jet Airways;21;5;2019;20:55;12:35;22;5;15h 40m;1;12898;3462;24
Jet Airways;27;6;2019;19:15;19:00;28;6;23h 45m;1;10262;3463;24
Multiple carriers;24;6;2019;04:55;19:00;24;6;14h 5m;1;10678;3464;24
IndiGo;3;6;2019;09:15;21:00;3;6;11h 45m;1;6838;3465;24
Multiple carriers;6;6;2019;13:00;01:30;7;6;12h 30m;1;13377;3466;24
GoAir;21;5;2019;07:00;12:55;21;5;5h 55m;1;6633;3467;24
Jet Airways;9;5;2019;19:45;04:25;10;5;8h 40m;1;12373;3468;24
Jet Airways;12;6;2019;20:55;12:35;13;6;15h 40m;1;10262;3469;24
Multiple carriers;24;6;2019;14:00;21:00;24;6;7h;1;13587;3470;24
Jet Airways;9;5;2019;17:30;19:00;10;5;25h 30m;1;15554;3471;24
Multiple carriers;6;6;2019;08:00;21:00;6;6;13h;1;13587;3472;24
Jet Airways;1;6;2019;02:15;04:25;2;6;26h 10m;1;10262;3473;24
IndiGo;3;3;2019;07:30;21:00;3;3;13h 30m;1;14871;3474;24
Multiple carriers;27;5;2019;08:45;19:00;27;5;10h 15m;1;10529;3475;24
Multiple carriers;9;3;2019;04:45;19:15;9;3;14h 30m;1;11249;3476;24
Jet Airways;24;6;2019;17:30;04:25;25;6;10h 55m;1;10262;3477;24
Jet Airways;1;6;2019;14:00;19:00;1;6;5h;1;10262;3478;24
Multiple carriers;21;3;2019;09:00;15:30;21;3;6h 30m;1;8307;3479;24
Air India;9;3;2019;04:00;07:40;10;3;27h 40m;1;10315;3480;24
Multiple carriers;18;5;2019;10:20;21:00;18;5;10h 40m;1;7670;3481;24
Air India;15;5;2019;10:00;19:15;15;5;9h 15m;1;8372;3482;24
IndiGo;1;6;2019;15:00;01:30;2;6;10h 30m;1;6628;3483;24
Jet Airways;9;6;2019;13:00;12:35;10;6;23h 35m;1;10262;3484;24
Jet Airways;24;6;2019;02:15;12:35;24;6;10h 20m;1;18371;3485;24
Jet Airways;1;4;2019;17:30;12:35;2;4;19h 5m;1;5406;3486;24
Jet Airways;6;3;2019;11:30;18:50;6;3;7h 20m;1;17024;3487;24
Jet Airways;21;3;2019;17:30;04:25;22;3;10h 55m;1;5963;3488;24
Jet Airways;18;5;2019;09:00;12:35;19;5;27h 35m;1;12373;3489;24
Multiple carriers;27;3;2019;08:55;19:15;27;3;10h 20m;1;8371;3490;24
Multiple carriers;6;3;2019;08:55;15:30;6;3;6h 35m;1;15147;3491;24
Multiple carriers;9;3;2019;04:45;19:45;9;3;15h;1;10782;3492;24
Jet Airways;27;5;2019;21:50;12:35;28;5;14h 45m;1;12898;3493;24
IndiGo;6;6;2019;18:35;01:30;7;6;6h 55m;1;6628;3494;24
IndiGo;9;6;2019;11:25;21:00;9;6;9h 35m;1;6416;3495;24
Jet Airways;27;6;2019;14:00;19:00;27;6;5h;1;14714;3496;24
IndiGo;27;6;2019;06:40;21:00;27;6;14h 20m;1;6093;3497;24
IndiGo;6;4;2019;04:55;13:20;6;4;8h 25m;1;5307;3498;24
GoAir;15;5;2019;14:25;19:35;15;5;5h 10m;1;10188;3499;24
Air India;24;5;2019;23:00;19:15;25;5;20h 15m;1;8582;3500;24
Jet Airways;24;6;2019;19:45;12:35;25;6;16h 50m;1;10262;3501;24
Multiple carriers;21;5;2019;11:40;19:15;21;5;7h 35m;1;8266;3502;24
Multiple carriers;27;3;2019;18:15;01:35;28;3;7h 20m;1;12327;3503;24
Jet Airways;27;3;2019;16:00;04:25;28;3;12h 25m;1;6540;3504;24
Jet Airways;9;6;2019;21:50;19:00;10;6;21h 10m;1;10262;3505;24
Multiple carriers;9;6;2019;10:00;01:30;10;6;15h 30m;1;7198;3506;24
Multiple carriers;15;5;2019;13:00;21:00;15;5;8h;1;8073;3507;24
Multiple carriers;15;6;2019;06:00;19:00;15;6;13h;1;11789;3508;24
IndiGo;15;6;2019;16:00;01:30;16;6;9h 30m;1;6316;3509;24
Multiple carriers;6;6;2019;10:00;01:30;7;6;15h 30m;1;13377;3510;24
Multiple carriers;21;3;2019;08:00;19:15;21;3;11h 15m;1;13378;3511;24
Multiple carriers;12;6;2019;11:40;21:00;12;6;9h 20m;1;7005;3512;24
IndiGo;9;3;2019;04:45;12:55;9;3;8h 10m;1;16162;3513;24
Jet Airways;15;4;2019;14:00;19:00;15;4;5h;1;6542;3514;24
GoAir;27;3;2019;10:25;19:20;27;3;8h 55m;1;5281;3515;24
Multiple carriers;6;6;2019;12:50;19:15;6;6;6h 25m;1;8266;3516;24
Jet Airways;12;6;2019;14:00;19:00;12;6;5h;1;10262;3517;24
Multiple carriers;1;6;2019;10:00;01:30;2;6;15h 30m;1;13377;3518;24
Multiple carriers;3;3;2019;04:00;13:20;3;3;9h 20m;1;14973;3519;24
Multiple carriers;3;6;2019;06:00;21:00;3;6;15h;1;8475;3520;24
Jet Airways;21;5;2019;19:45;19:00;22;5;23h 15m;1;16079;3521;24
Multiple carriers;6;3;2019;04:00;18:50;6;3;14h 50m;1;13399;3522;24
Jet Airways;6;6;2019;10:00;19:00;6;6;9h;1;14714;3523;24
Multiple carriers;1;6;2019;11:40;21:00;1;6;9h 20m;1;7740;3524;24
Multiple carriers;3;3;2019;09:10;18:50;3;3;9h 40m;1;15135;3525;24
Jet Airways;12;6;2019;09:00;12:35;13;6;27h 35m;1;10262;3526;24
Jet Airways;27;3;2019;15:05;04:25;28;3;13h 20m;1;6017;3527;24
Jet Airways;21;5;2019;17:30;19:00;22;5;25h 30m;1;12898;3528;24
Jet Airways;1;6;2019;15:00;19:00;2;6;28h;1;14714;3529;24
Jet Airways;15;6;2019;09:00;19:00;15;6;10h;1;14714;3530;24
Jet Airways;6;3;2019;16:00;04:25;7;3;12h 25m;1;15764;3531;24
Multiple carriers;3;6;2019;10:20;01:30;4;6;15h 10m;1;6795;3532;24
Air India;21;3;2019;21:00;07:40;22;3;10h 40m;1;6902;3533;24
Air India;9;5;2019;10:00;19:15;9;5;9h 15m;1;8372;3534;24
Air India;15;6;2019;10:00;19:15;15;6;9h 15m;1;11241;3535;24
IndiGo;9;5;2019;16:00;01:30;10;5;9h 30m;1;9274;3536;24
Multiple carriers;27;6;2019;08:00;19:00;27;6;11h;1;12192;3537;24
Jet Airways;27;6;2019;11:30;12:35;28;6;25h 5m;1;10262;3538;24
Jet Airways;15;6;2019;13:00;12:35;16;6;23h 35m;1;10262;3539;24
Jet Airways;27;5;2019;17:30;12:35;28;5;19h 5m;1;12898;3540;24
Multiple carriers;3;6;2019;10:35;19:15;3;6;8h 40m;1;7354;3541;24
Multiple carriers;9;5;2019;12:50;01:30;10;5;12h 40m;1;34273;3542;24
Jet Airways;3;6;2019;11:30;19:00;3;6;7h 30m;1;10262;3543;24
Multiple carriers;21;5;2019;08:45;21:00;21;5;12h 15m;1;7485;3544;24
Jet Airways;9;6;2019;07:05;04:25;10;6;21h 20m;1;10262;3545;24
Multiple carriers;27;3;2019;07:05;13:20;27;3;6h 15m;1;12537;3546;24
Multiple carriers;6;6;2019;10:20;21:00;6;6;10h 40m;1;7005;3547;24
Multiple carriers;15;6;2019;07:05;21:00;15;6;13h 55m;1;13587;3548;24
IndiGo;21;5;2019;06:40;21:00;21;5;14h 20m;1;7006;3549;24
Jet Airways;21;3;2019;16:00;18:50;22;3;26h 50m;1;5963;3550;24
Jet Airways;9;6;2019;02:15;04:25;10;6;26h 10m;1;10262;3551;24
GoAir;6;6;2019;14:25;19:35;6;6;5h 10m;1;7870;3552;24
Air India;21;3;2019;13:00;19:15;21;3;6h 15m;1;7934;3553;24
Jet Airways;3;6;2019;20:55;04:25;4;6;7h 30m;1;10262;3554;24
Multiple carriers;27;3;2019;11:30;19:15;27;3;7h 45m;1;6732;3555;24
Multiple carriers;15;6;2019;07:05;19:15;15;6;12h 10m;1;16108;3556;24
IndiGo;6;3;2019;06:40;13:20;6;3;6h 40m;1;14871;3557;24
Jet Airways;9;6;2019;22:50;12:35;10;6;13h 45m;1;10262;3558;24
Multiple carriers;6;6;2019;11:30;01:30;7;6;14h;1;13377;3559;24
Jet Airways;27;5;2019;07:05;19:00;27;5;11h 55m;1;16289;3560;24
Multiple carriers;1;6;2019;10:20;19:15;1;6;8h 55m;1;9526;3561;24
Jet Airways;3;3;2019;23:05;18:50;4;3;19h 45m;1;18253;3562;24
Multiple carriers;21;5;2019;10:00;19:15;21;5;9h 15m;1;14848;3563;24
Jet Airways;21;5;2019;22:50;19:00;22;5;20h 10m;1;12898;3564;24
Jet Airways;27;3;2019;09:00;18:50;27;3;9h 50m;1;12032;3565;24
Jet Airways;6;6;2019;22:50;04:25;7;6;5h 35m;1;14714;3566;24
Multiple carriers;21;3;2019;11:40;19:15;21;3;7h 35m;1;7531;3567;24
Multiple carriers;27;3;2019;06:00;13:20;27;3;7h 20m;1;7845;3568;24
Multiple carriers;15;5;2019;10:00;21:00;15;5;11h;1;13727;3569;24
IndiGo;21;3;2019;06:40;21:00;21;3;14h 20m;1;8784;3570;24
Multiple carriers;24;6;2019;07:05;19:15;24;6;12h 10m;1;15058;3571;24
GoAir;3;3;2019;14:10;19:20;3;3;5h 10m;1;22794;3572;24
GoAir;27;4;2019;10:35;19:35;27;4;9h;1;6922;3573;24
Multiple carriers;12;6;2019;10:00;21:00;12;6;11h;1;13587;3574;24
Jet Airways;9;6;2019;09:00;12:35;10;6;27h 35m;1;10262;3575;24
GoAir;21;4;2019;10:35;19:35;21;4;9h;1;7031;3576;24
Multiple carriers;15;5;2019;07:30;19:00;15;5;11h 30m;1;10529;3577;24
Jet Airways;3;6;2019;02:15;19:00;3;6;16h 45m;1;14714;3578;24
Multiple carriers;1;6;2019;08:00;19:15;1;6;11h 15m;1;16108;3579;24
Multiple carriers;3;6;2019;07:00;19:00;3;6;12h;1;12402;3580;24
Jet Airways;27;3;2019;08:00;18:50;27;3;10h 50m;1;6068;3581;24
IndiGo;12;6;2019;09:15;01:30;13;6;16h 15m;1;6628;3582;24
Multiple carriers;9;3;2019;16:00;01:35;10;3;9h 35m;1;14086;3583;24
GoAir;12;6;2019;10:35;19:35;12;6;9h;1;4959;3584;24
Jet Airways;27;5;2019;02:15;12:35;27;5;10h 20m;1;16376;3585;24
IndiGo;24;6;2019;09:15;01:30;25;6;16h 15m;1;6628;3586;24
Jet Airways;6;6;2019;19:45;04:25;7;6;8h 40m;1;14714;3587;24
GoAir;15;6;2019;07:00;12:55;15;6;5h 55m;1;5281;3588;24
Multiple carriers;27;5;2019;16:00;01:30;28;5;9h 30m;1;13377;3589;24
IndiGo;6;3;2019;08:25;15:30;6;3;7h 5m;1;14871;3590;24
Multiple carriers;24;6;2019;14:00;01:30;25;6;11h 30m;1;13377;3591;24
Jet Airways;9;5;2019;19:45;19:00;10;5;23h 15m;1;12373;3592;24
Jet Airways;3;6;2019;07:05;12:35;3;6;5h 30m;1;14924;3593;24
GoAir;3;4;2019;07:00;12:55;3;4;5h 55m;1;4725;3594;24
Multiple carriers;3;3;2019;02:15;13:20;3;3;11h 5m;1;17057;3595;24
Multiple carriers;27;3;2019;06:00;21:00;27;3;15h;1;8055;3596;24
Multiple carriers;6;5;2019;10:20;19:00;6;5;8h 40m;1;9794;3597;24
Jet Airways;21;3;2019;18:15;18:50;22;3;24h 35m;1;12557;3598;24
Jet Airways;3;6;2019;20:55;04:25;4;6;7h 30m;1;14714;3599;24
Jet Airways;27;3;2019;09:00;18:50;27;3;9h 50m;1;5963;3600;24
Air India;6;3;2019;09:00;19:15;6;3;10h 15m;1;15284;3601;24
Multiple carriers;9;6;2019;03:50;19:00;9;6;15h 10m;1;12192;3602;24
Jet Airways;1;4;2019;10:00;12:35;2;4;26h 35m;1;5406;3603;24
Air India;24;6;2019;13:00;19:15;24;6;6h 15m;1;8372;3604;24
Jet Airways;21;5;2019;11:30;19:00;21;5;7h 30m;1;16079;3605;24
Jet Airways;6;3;2019;13:00;04:25;7;3;15h 25m;1;15764;3606;24
Multiple carriers;3;3;2019;08:00;15:30;3;3;7h 30m;1;17057;3607;24
Jet Airways;12;6;2019;22:50;19:00;13;6;20h 10m;1;14714;3608;24
Jet Airways;27;3;2019;19:15;04:25;28;3;9h 10m;1;12242;3609;24
Jet Airways;3;6;2019;10:00;04:25;4;6;18h 25m;1;11627;3610;24
Jet Airways;1;6;2019;13:00;04:25;2;6;15h 25m;1;10262;3611;24
Multiple carriers;21;5;2019;18:15;01:30;22;5;7h 15m;1;14067;3612;24
GoAir;24;4;2019;10:35;19:35;24;4;9h;1;5430;3613;24
IndiGo;21;3;2019;04:45;21:00;21;3;16h 15m;1;6314;3614;24
IndiGo;21;3;2019;09:10;15:30;21;3;6h 20m;1;9709;3615;24
Multiple carriers;27;6;2019;10:00;01:30;28;6;15h 30m;1;7198;3616;24
Multiple carriers;6;6;2019;07:05;19:15;6;6;12h 10m;1;14848;3617;24
Multiple carriers;21;5;2019;12:50;01:30;22;5;12h 40m;1;7485;3618;24
Jet Airways;15;6;2019;19:45;12:35;16;6;16h 50m;1;10262;3619;24
Jet Airways;1;6;2019;02:15;19:00;1;6;16h 45m;1;10262;3620;24
Jet Airways;9;4;2019;22:50;12:35;10;4;13h 45m;1;11822;3621;24
Multiple carriers;27;5;2019;07:00;19:00;27;5;12h;1;10407;3622;24
IndiGo;9;6;2019;20:25;01:30;10;6;5h 5m;1;5458;3623;24
Jet Airways;3;3;2019;11:30;18:50;3;3;7h 20m;1;18550;3624;24
Multiple carriers;15;5;2019;07:00;21:00;15;5;14h;1;8073;3625;24
Air India;27;6;2019;08:00;19:15;27;6;11h 15m;1;8372;3626;24
Multiple carriers;9;3;2019;06:00;19:15;9;3;13h 15m;1;14408;3627;24
Jet Airways;9;5;2019;07:05;12:35;9;5;5h 30m;1;12373;3628;24
Multiple carriers;24;6;2019;10:20;19:15;24;6;8h 55m;1;7268;3629;24
IndiGo;3;6;2019;10:35;21:00;3;6;10h 25m;1;6093;3630;24
Multiple carriers;1;3;2019;00:20;13:20;1;3;13h;1;29528;3631;24
Multiple carriers;1;6;2019;18:00;01:30;2;6;7h 30m;1;7933;3632;24
Multiple carriers;27;6;2019;07:00;19:00;27;6;12h;1;12192;3633;24
Multiple carriers;6;3;2019;09:00;21:00;6;3;12h;1;15078;3634;24
IndiGo;6;3;2019;07:30;13:20;6;3;5h 50m;1;13628;3635;24
Jet Airways;24;6;2019;18:15;04:25;25;6;10h 10m;1;10262;3636;24
Jet Airways;9;3;2019;19:45;04:25;10;3;8h 40m;1;15554;3637;24
GoAir;12;6;2019;14:25;19:35;12;6;5h 10m;1;7870;3638;24
Air India;27;6;2019;09:00;19:15;27;6;10h 15m;1;8372;3639;24
Multiple carriers;21;3;2019;17:00;01:35;22;3;8h 35m;1;7363;3640;24
IndiGo;27;5;2019;07:30;21:00;27;5;13h 30m;1;6526;3641;24
Multiple carriers;9;3;2019;08:00;19:45;9;3;11h 45m;1;16287;3642;24
Air India;9;6;2019;20:00;19:15;10;6;23h 15m;1;8372;3643;24
Jet Airways;12;6;2019;22:50;04:25;13;6;5h 35m;1;10262;3644;24
Jet Airways;6;6;2019;13:00;19:00;6;6;6h;1;14714;3645;24
Jet Airways;21;5;2019;19:45;12:35;22;5;16h 50m;1;12898;3646;24
Multiple carriers;15;5;2019;19:00;01:30;16;5;6h 30m;1;7670;3647;24
IndiGo;12;6;2019;15:00;01:30;13;6;10h 30m;1;5684;3648;24
Multiple carriers;1;6;2019;11:25;19:00;1;6;7h 35m;1;11200;3649;24
IndiGo;9;4;2019;16:00;01:30;10;4;9h 30m;1;6573;3650;24
Multiple carriers;3;6;2019;09:00;21:00;3;6;12h;1;13587;3651;24
Multiple carriers;24;6;2019;13:00;21:00;24;6;8h;1;13587;3652;24
Jet Airways;27;6;2019;10:00;12:35;28;6;26h 35m;1;10262;3653;24
Air India;6;3;2019;10:00;19:15;6;3;9h 15m;1;16439;3654;24
Jet Airways;3;6;2019;19:45;12:35;4;6;16h 50m;1;10262;3655;24
Multiple carriers;24;6;2019;13:00;01:30;25;6;12h 30m;1;13377;3656;24
Jet Airways;9;5;2019;20:55;19:00;10;5;22h 5m;1;12373;3657;24
Jet Airways;18;5;2019;15:00;12:35;19;5;21h 35m;1;12373;3658;24
Multiple carriers;27;5;2019;08:00;19:00;27;5;11h;1;10407;3659;24
Multiple carriers;24;6;2019;07:05;21:00;24;6;13h 55m;1;13797;3660;24
Jet Airways;12;6;2019;19:15;19:00;13;6;23h 45m;1;10262;3661;24
Multiple carriers;9;3;2019;07:00;19:45;9;3;12h 45m;1;15237;3662;24
Multiple carriers;1;6;2019;11:40;19:00;1;6;7h 20m;1;12524;3663;24
Multiple carriers;18;5;2019;09:15;19:15;18;5;10h;1;8309;3664;24
Jet Airways;6;4;2019;02:15;12:35;6;4;10h 20m;1;5177;3665;24
Jet Airways;9;6;2019;17:30;19:00;10;6;25h 30m;1;10262;3666;24
Jet Airways;21;3;2019;07:05;18:50;21;3;11h 45m;1;12767;3667;24
Multiple carriers;12;6;2019;11:25;19:15;12;6;7h 50m;1;7354;3668;24
Multiple carriers;27;5;2019;11:30;01:30;28;5;14h;1;13377;3669;24
Multiple carriers;15;5;2019;06:00;19:15;15;5;13h 15m;1;8266;3670;24
Multiple carriers;15;6;2019;07:00;19:00;15;6;12h;1;12192;3671;24
Multiple carriers;6;3;2019;16:00;01:35;7;3;9h 35m;1;15136;3672;24
Jet Airways;9;6;2019;07:05;12:35;9;6;5h 30m;1;10262;3673;24
Jet Airways;3;6;2019;17:30;19:00;4;6;25h 30m;1;10262;3674;24
Multiple carriers;9;6;2019;02:15;11:30;9;6;9h 15m;1;13587;3675;24
Jet Airways;9;6;2019;13:00;19:00;9;6;6h;1;14714;3676;24
Multiple carriers;21;5;2019;10:35;19:00;21;5;8h 25m;1;9103;3677;24
Jet Airways;1;6;2019;22:50;19:00;2;6;20h 10m;1;14714;3678;24
Multiple carriers;1;5;2019;09:00;19:15;1;5;10h 15m;1;15373;3679;24
Multiple carriers;24;6;2019;04:55;19:15;24;6;14h 20m;1;7155;3680;24
Multiple carriers;9;3;2019;15:15;01:35;10;3;10h 20m;1;15200;3681;24
IndiGo;3;6;2019;16:00;21:00;3;6;5h;1;6593;3682;24
Jet Airways;6;3;2019;09:55;18:50;6;3;8h 55m;1;15400;3683;24
IndiGo;24;4;2019;04:55;21:00;24;4;16h 5m;1;6162;3684;24
Jet Airways;21;3;2019;08:00;04:25;22;3;20h 25m;1;12767;3685;24
GoAir;24;6;2019;14:25;19:35;24;6;5h 10m;1;7870;3686;24
Air India;3;6;2019;07:00;19:15;3;6;12h 15m;1;8879;3687;24
Multiple carriers;6;6;2019;12:50;01:30;7;6;12h 40m;1;6795;3688;24
IndiGo;3;3;2019;07:30;15:30;3;3;8h;1;14871;3689;24
Jet Airways;21;5;2019;19:45;19:00;22;5;23h 15m;1;12898;3690;24
IndiGo;18;5;2019;10:35;21:00;18;5;10h 25m;1;7503;3691;24
Jet Airways;1;6;2019;09:00;19:00;1;6;10h;1;14714;3692;24
Multiple carriers;21;5;2019;10:20;19:15;21;5;8h 55m;1;8266;3693;24
IndiGo;3;6;2019;18:35;01:30;4;6;6h 55m;1;6628;3694;24
Multiple carriers;6;6;2019;07:30;21:00;6;6;13h 30m;1;7740;3695;24
IndiGo;1;6;2019;16:00;21:00;1;6;5h;1;6593;3696;24
Multiple carriers;15;5;2019;15:15;01:30;16;5;10h 15m;1;7670;3697;24
Air India;3;6;2019;10:00;19:15;3;6;9h 15m;1;10979;3698;24
IndiGo;3;3;2019;20:30;01:35;4;3;5h 5m;1;8258;3699;24
Multiple carriers;12;6;2019;07:00;21:00;12;6;14h;1;7408;3700;24
IndiGo;24;6;2019;11:25;21:00;24;6;9h 35m;1;5894;3701;24
Multiple carriers;18;5;2019;06:40;19:15;18;5;12h 35m;1;7564;3702;24
Multiple carriers;12;6;2019;10:00;01:30;13;6;15h 30m;1;7198;3703;24
Air India;27;6;2019;07:00;19:15;27;6;12h 15m;1;8669;3704;24
IndiGo;9;6;2019;06:40;21:00;9;6;14h 20m;1;6093;3705;24
Air India;18;5;2019;09:00;07:40;19;5;22h 40m;1;8372;3706;24
Multiple carriers;9;5;2019;09:00;21:00;9;5;12h;1;13727;3707;24
IndiGo;21;5;2019;10:35;21:00;21;5;10h 25m;1;6794;3708;24
IndiGo;9;5;2019;07:30;21:00;9;5;13h 30m;1;7191;3709;24
Multiple carriers;27;6;2019;10:00;19:15;27;6;9h 15m;1;14848;3710;24
Multiple carriers;9;3;2019;06:50;19:15;9;3;12h 25m;1;14817;3711;24
Multiple carriers;3;3;2019;07:00;21:00;3;3;14h;1;15603;3712;24
Multiple carriers;27;5;2019;18:15;01:30;28;5;7h 15m;1;13377;3713;24
Air India;27;5;2019;19:00;19:15;28;5;24h 15m;1;8372;3714;24
Jet Airways;6;6;2019;02:15;12:35;6;6;10h 20m;1;10262;3715;24
Jet Airways;1;6;2019;14:00;04:25;2;6;14h 25m;1;10262;3716;24
IndiGo;6;5;2019;18:35;01:30;7;5;6h 55m;1;7191;3717;24
Multiple carriers;18;5;2019;06:00;12:35;18;5;6h 35m;1;9794;3718;24
Jet Airways;3;6;2019;22:50;12:35;4;6;13h 45m;1;14714;3719;24
Multiple carriers;27;5;2019;11:40;21:00;27;5;9h 20m;1;7005;3720;24
Multiple carriers;6;3;2019;10:20;19:15;6;3;8h 55m;1;15353;3721;24
Multiple carriers;3;6;2019;15:15;01:30;4;6;10h 15m;1;6795;3722;24
Jet Airways;9;3;2019;17:25;18:50;10;3;25h 25m;1;14053;3723;24
Multiple carriers;3;3;2019;08:55;18:50;3;3;9h 55m;1;15411;3724;24
Jet Airways;6;3;2019;09:55;04:25;7;3;18h 30m;1;15764;3725;24
Jet Airways;6;3;2019;22:20;19:45;7;3;21h 25m;1;17024;3726;24
IndiGo;27;6;2019;20:25;01:30;28;6;5h 5m;1;5054;3727;24
Multiple carriers;6;6;2019;06:00;21:00;6;6;15h;1;7005;3728;24
Jet Airways;1;6;2019;19:15;12:35;2;6;17h 20m;1;10262;3729;24
IndiGo;27;3;2019;17:10;01:35;28;3;8h 25m;1;6316;3730;24
Air India;6;3;2019;07:00;07:40;7;3;24h 40m;1;15407;3731;24
Jet Airways;27;5;2019;10:00;04:25;28;5;18h 25m;1;12898;3732;24
Multiple carriers;27;3;2019;13:00;21:00;27;3;8h;1;6883;3733;24
Jet Airways;1;6;2019;14:00;19:00;1;6;5h;1;14714;3734;24
Jet Airways;27;3;2019;19:15;19:45;28;3;24h 30m;1;12032;3735;24
Multiple carriers;18;5;2019;12:50;21:00;18;5;8h 10m;1;7670;3736;24
Multiple carriers;6;3;2019;09:00;19:15;6;3;10h 15m;1;15342;3737;24
Jet Airways;24;6;2019;10:00;19:00;24;6;9h;1;10262;3738;24
Multiple carriers;21;5;2019;11:25;19:15;21;5;7h 50m;1;7575;3739;24
Jet Airways;27;6;2019;07:05;12:35;27;6;5h 30m;1;14714;3740;24
Multiple carriers;24;6;2019;07:30;21:00;24;6;13h 30m;1;7740;3741;24
Multiple carriers;21;3;2019;08:00;15:30;21;3;7h 30m;1;14486;3742;24
Jet Airways;21;3;2019;16:00;18:50;22;3;26h 50m;1;12557;3743;24
Multiple carriers;21;3;2019;08:25;19:15;21;3;10h 50m;1;8601;3744;24
Jet Airways;6;4;2019;13:00;19:00;6;4;6h;1;5177;3745;24
Jet Airways;27;6;2019;11:30;19:00;27;6;7h 30m;1;14714;3746;24
Jet Airways;24;6;2019;18:15;12:35;25;6;18h 20m;1;10262;3747;24
Multiple carriers;27;5;2019;06:40;19:00;27;5;12h 20m;1;9315;3748;24
Jet Airways;1;6;2019;22:50;04:25;2;6;5h 35m;1;10262;3749;24
Multiple carriers;15;6;2019;11:40;01:30;16;6;13h 50m;1;6795;3750;24
IndiGo;9;5;2019;15:00;01:30;10;5;10h 30m;1;8330;3751;24
Jet Airways;27;5;2019;19:15;19:00;28;5;23h 45m;1;12898;3752;24
Jet Airways;6;4;2019;14:00;19:00;6;4;5h;1;5177;3753;24
IndiGo;21;5;2019;16:00;21:00;21;5;5h;1;7255;3754;24
Jet Airways;21;5;2019;09:00;12:35;22;5;27h 35m;1;12898;3755;24
Jet Airways;3;6;2019;18:15;12:35;4;6;18h 20m;1;10262;3756;24
Jet Airways;6;6;2019;19:45;19:00;7;6;23h 15m;1;10262;3757;24
Jet Airways;21;5;2019;02:15;12:35;21;5;10h 20m;1;16376;3758;24
Multiple carriers;9;5;2019;10:35;19:00;9;5;8h 25m;1;9103;3759;24
Jet Airways;6;6;2019;13:00;04:25;7;6;15h 25m;1;14714;3760;24
IndiGo;1;6;2019;04:55;21:00;1;6;16h 5m;1;6314;3761;24
IndiGo;9;4;2019;11:25;01:30;10;4;14h 5m;1;6270;3762;24
Jet Airways;6;6;2019;19:45;19:00;7;6;23h 15m;1;14714;3763;24
Multiple carriers;15;6;2019;09:15;19:15;15;6;10h;1;9359;3764;24
Jet Airways;24;6;2019;22:50;19:00;25;6;20h 10m;1;10262;3765;24
Multiple carriers;1;3;2019;00:20;15:30;1;3;15h 10m;1;23170;3766;24
Multiple carriers;27;5;2019;12:50;01:30;28;5;12h 40m;1;6795;3767;24
Jet Airways;3;6;2019;20:55;12:35;4;6;15h 40m;1;14714;3768;24
Multiple carriers;24;5;2019;19:00;01:30;25;5;6h 30m;1;8283;3769;24
IndiGo;24;6;2019;18:35;01:30;25;6;6h 55m;1;5883;3770;24
Jet Airways;27;5;2019;08:00;04:25;28;5;20h 25m;1;12898;3771;24
Jet Airways;12;6;2019;22:50;19:00;13;6;20h 10m;1;10262;3772;24
Jet Airways;3;6;2019;19:45;12:35;4;6;16h 50m;1;14714;3773;24
Multiple carriers;1;6;2019;08:00;19:00;1;6;11h;1;12192;3774;24
Multiple carriers;27;3;2019;10:20;01:35;28;3;15h 15m;1;6427;3775;24
Multiple carriers;15;5;2019;13:00;01:30;16;5;12h 30m;1;13727;3776;24
Jet Airways;15;6;2019;18:15;19:00;16;6;24h 45m;1;10262;3777;24
Jet Airways;3;6;2019;14:00;04:25;4;6;14h 25m;1;14714;3778;24
IndiGo;3;6;2019;04:55;21:00;3;6;16h 5m;1;6838;3779;24
Multiple carriers;12;6;2019;07:05;21:00;12;6;13h 55m;1;10406;3780;24
Multiple carriers;27;3;2019;15:15;01:35;28;3;10h 20m;1;6427;3781;24
Jet Airways;9;6;2019;02:15;12:35;9;6;10h 20m;1;18371;3782;24
Multiple carriers;12;6;2019;11:30;21:00;12;6;9h 30m;1;13587;3783;24
Multiple carriers;27;5;2019;11:30;01:30;28;5;14h;1;6733;3784;24
Multiple carriers;1;6;2019;03:50;12:35;1;6;8h 45m;1;12192;3785;24
Jet Airways;27;6;2019;17:30;12:35;28;6;19h 5m;1;10262;3786;24
Jet Airways;9;5;2019;02:15;12:35;9;5;10h 20m;1;12373;3787;24
Multiple carriers;21;5;2019;13:00;21:00;21;5;8h;1;7888;3788;24
Multiple carriers;3;6;2019;08:45;19:15;3;6;10h 30m;1;9001;3789;24
IndiGo;21;3;2019;11:30;21:00;21;3;9h 30m;1;6838;3790;24
Jet Airways;1;6;2019;21:50;12:35;2;6;14h 45m;1;10262;3791;24
Jet Airways;27;6;2019;02:15;12:35;27;6;10h 20m;1;10262;3792;24
Jet Airways;21;5;2019;10:00;12:35;22;5;26h 35m;1;12898;3793;24
Jet Airways;21;5;2019;15:00;04:25;22;5;13h 25m;1;12898;3794;24
Multiple carriers;21;5;2019;08:00;19:00;21;5;11h;1;10197;3795;24
Jet Airways;1;6;2019;09:00;04:25;2;6;19h 25m;1;10262;3796;24
Jet Airways;15;6;2019;13:00;19:00;15;6;6h;1;10262;3797;24
Multiple carriers;6;3;2019;17:30;01:35;7;3;8h 5m;1;17057;3798;24
Jet Airways;1;6;2019;17:30;12:35;2;6;19h 5m;1;10262;3799;24
Multiple carriers;27;6;2019;17:30;01:30;28;6;8h;1;13377;3800;24
Multiple carriers;27;3;2019;12:50;19:15;27;3;6h 25m;1;6953;3801;24
Multiple carriers;27;3;2019;10:20;21:00;27;3;10h 40m;1;6637;3802;24
Jet Airways;6;6;2019;09:00;19:00;6;6;10h;1;10262;3803;24
IndiGo;1;6;2019;10:35;01:30;2;6;14h 55m;1;6206;3804;24
IndiGo;24;4;2019;20:25;01:30;25;4;5h 5m;1;5065;3805;24
Multiple carriers;9;5;2019;09:00;19:15;9;5;10h 15m;1;14323;3806;24
Multiple carriers;6;6;2019;08:30;19:15;6;6;10h 45m;1;7677;3807;24
Multiple carriers;24;5;2019;13:00;21:00;24;5;8h;1;14067;3808;24
Jet Airways;18;5;2019;19:15;04:25;19;5;9h 10m;1;12373;3809;24
Multiple carriers;15;6;2019;12:50;21:00;15;6;8h 10m;1;7005;3810;24
IndiGo;9;4;2019;06:40;21:00;9;4;14h 20m;1;6093;3811;24
Jet Airways;24;6;2019;21:50;04:25;25;6;6h 35m;1;10262;3812;24
Jet Airways;15;5;2019;02:15;12:35;15;5;10h 20m;1;12373;3813;24
Multiple carriers;6;6;2019;12:50;21:00;6;6;8h 10m;1;7005;3814;24
Multiple carriers;21;3;2019;04:45;18:50;21;3;14h 5m;1;11098;3815;24
IndiGo;21;5;2019;09:15;01:30;22;5;16h 15m;1;7318;3816;24
Jet Airways;21;3;2019;07:05;04:25;22;3;21h 20m;1;12767;3817;24
Multiple carriers;9;6;2019;07:05;21:00;9;6;13h 55m;1;13587;3818;24
IndiGo;27;4;2019;16:00;21:00;27;4;5h;1;6937;3819;24
Jet Airways;24;6;2019;14:00;19:00;24;6;5h;1;14714;3820;24
Jet Airways;3;6;2019;07:05;19:00;3;6;11h 55m;1;10577;3821;24
Air India;9;3;2019;23:00;07:40;10;3;8h 40m;1;10840;3822;24
Multiple carriers;27;6;2019;11:40;21:00;27;6;9h 20m;1;6007;3823;24
Multiple carriers;9;5;2019;07:30;21:00;9;5;13h 30m;1;7670;3824;24
Multiple carriers;15;5;2019;18:00;01:30;16;5;7h 30m;1;8073;3825;24
Jet Airways;9;5;2019;21:50;04:25;10;5;6h 35m;1;15554;3826;24
Air India;27;3;2019;21:00;19:15;28;3;22h 15m;1;6692;3827;24
Jet Airways;6;6;2019;14:00;04:25;7;6;14h 25m;1;14714;3828;24
Multiple carriers;27;3;2019;09:00;18:50;27;3;9h 50m;1;11667;3829;24
IndiGo;27;6;2019;10:35;01:30;28;6;14h 55m;1;5684;3830;24
IndiGo;6;6;2019;11:25;21:00;6;6;9h 35m;1;6093;3831;24
Multiple carriers;15;6;2019;13:00;01:30;16;6;12h 30m;1;7198;3832;24
Jet Airways;1;6;2019;11:30;12:35;2;6;25h 5m;1;10262;3833;24
Multiple carriers;1;6;2019;08:45;19:15;1;6;10h 30m;1;10261;3834;24
Multiple carriers;15;6;2019;03:50;19:00;15;6;15h 10m;1;12192;3835;24
Jet Airways;21;5;2019;07:05;12:35;21;5;5h 30m;1;12898;3836;24
Multiple carriers;21;5;2019;04:55;12:35;21;5;7h 40m;1;9103;3837;24
Jet Airways;1;6;2019;15:00;04:25;2;6;13h 25m;1;10262;3838;24
Multiple carriers;6;6;2019;10:20;01:30;7;6;15h 10m;1;6795;3839;24
Multiple carriers;9;5;2019;11:25;19:15;9;5;7h 50m;1;7575;3840;24
IndiGo;15;5;2019;17:30;01:30;16;5;8h;1;6979;3841;24
Jet Airways;27;3;2019;20:50;04:25;28;3;7h 35m;1;12242;3842;24
Multiple carriers;27;5;2019;13:00;01:30;28;5;12h 30m;1;13377;3843;24
Jet Airways;24;6;2019;07:05;12:35;24;6;5h 30m;1;14924;3844;24
IndiGo;6;3;2019;16:00;21:00;6;3;5h;1;7725;3845;24
Jet Airways;24;6;2019;16:00;04:25;25;6;12h 25m;1;10262;3846;24
Jet Airways;1;4;2019;14:00;19:00;1;4;5h;1;5177;3847;24
Multiple carriers;27;6;2019;11:30;01:30;28;6;14h;1;13377;3848;24
Air India;21;5;2019;10:00;19:15;21;5;9h 15m;1;8372;3849;24
Multiple carriers;1;6;2019;09:00;21:00;1;6;12h;1;7933;3850;24
Air India;21;3;2019;07:00;19:15;21;3;12h 15m;1;7934;3851;24
Jet Airways;9;5;2019;08:00;19:00;9;5;11h;1;11399;3852;24
Multiple carriers;9;5;2019;11:30;21:00;9;5;9h 30m;1;13727;3853;24
Jet Airways;3;6;2019;13:00;19:00;3;6;6h;1;10262;3854;24
Jet Airways;27;3;2019;18:15;04:25;28;3;10h 10m;1;12242;3855;24
Multiple carriers;6;6;2019;11:25;19:15;6;6;7h 50m;1;7354;3856;24
Jet Airways;18;5;2019;13:00;19:00;18;5;6h;1;12373;3857;24
IndiGo;12;6;2019;10:35;01:30;13;6;14h 55m;1;5883;3858;24
Jet Airways;9;6;2019;15:00;04:25;10;6;13h 25m;1;10262;3859;24
Jet Airways;6;3;2019;17:30;19:45;7;3;26h 15m;1;17024;3860;24
Multiple carriers;15;5;2019;09:00;21:00;15;5;12h;1;13727;3861;24
Jet Airways;3;6;2019;10:00;19:00;3;6;9h;1;14714;3862;24
Air India;15;6;2019;09:00;19:15;15;6;10h 15m;1;10454;3863;24
Multiple carriers;15;5;2019;03:50;12:35;15;5;8h 45m;1;10197;3864;24
Jet Airways;9;6;2019;14:00;19:00;9;6;5h;1;14714;3865;24
Jet Airways;9;3;2019;19:15;04:25;10;3;9h 10m;1;16289;3866;24
Jet Airways;6;4;2019;07:05;19:00;6;4;11h 55m;1;5406;3867;24
Multiple carriers;15;5;2019;07:30;19:00;15;5;11h 30m;1;9315;3868;24
Multiple carriers;27;5;2019;07:30;19:15;27;5;11h 45m;1;8837;3869;24
IndiGo;15;6;2019;07:30;21:00;15;6;13h 30m;1;6093;3870;24
Jet Airways;21;5;2019;10:00;04:25;22;5;18h 25m;1;12898;3871;24
Air India;1;6;2019;19:00;19:15;2;6;24h 15m;1;8792;3872;24
Jet Airways;24;6;2019;02:15;12:35;24;6;10h 20m;1;10262;3873;24
Jet Airways;3;3;2019;16:00;04:25;4;3;12h 25m;1;17234;3874;24
IndiGo;27;3;2019;18:35;01:35;28;3;7h;1;8574;3875;24
Multiple carriers;15;5;2019;09:00;21:00;15;5;12h;1;8073;3876;24
Multiple carriers;6;3;2019;09:00;15:30;6;3;6h 30m;1;15078;3877;24
Multiple carriers;6;6;2019;17:00;01:30;7;6;8h 30m;1;7198;3878;24
Air India;24;6;2019;21:00;07:40;25;6;10h 40m;1;8372;3879;24
Multiple carriers;27;5;2019;16:00;01:30;28;5;9h 30m;1;7308;3880;24
Multiple carriers;6;3;2019;13:00;01:35;7;3;12h 35m;1;15136;3881;24
Jet Airways;27;3;2019;16:00;19:45;28;3;27h 45m;1;5963;3882;24
Multiple carriers;9;6;2019;10:00;01:30;10;6;15h 30m;1;13377;3883;24
Jet Airways;9;6;2019;02:15;19:00;9;6;16h 45m;1;10262;3884;24
Jet Airways;21;3;2019;15:00;18:50;22;3;27h 50m;1;12767;3885;24
Jet Airways;6;6;2019;15:00;04:25;7;6;13h 25m;1;10262;3886;24
Multiple carriers;12;6;2019;08:00;21:00;12;6;13h;1;7408;3887;24
Multiple carriers;27;6;2019;10:00;21:00;27;6;11h;1;13587;3888;24
IndiGo;6;6;2019;10:35;01:30;7;6;14h 55m;1;5883;3889;24
Jet Airways;27;6;2019;13:00;12:35;28;6;23h 35m;1;10262;3890;24
Multiple carriers;3;3;2019;04:00;18:50;3;3;14h 50m;1;15237;3891;24
Multiple carriers;27;5;2019;13:00;19:15;27;5;6h 15m;1;15898;3892;24
Multiple carriers;1;6;2019;04:55;19:00;1;6;14h 5m;1;11098;3893;24
IndiGo;21;5;2019;17:30;01:30;22;5;8h;1;6794;3894;24
Multiple carriers;15;5;2019;06:00;12:35;15;5;6h 35m;1;9794;3895;24
Multiple carriers;27;5;2019;17:30;01:30;28;5;8h;1;13377;3896;24
Jet Airways;27;5;2019;02:15;19:00;27;5;16h 45m;1;12898;3897;24
Multiple carriers;27;6;2019;11:25;19:15;27;6;7h 50m;1;7155;3898;24
Multiple carriers;24;6;2019;15:00;01:30;25;6;10h 30m;1;13377;3899;24
Jet Airways;3;3;2019;09:00;18:50;3;3;9h 50m;1;15400;3900;24
Multiple carriers;9;6;2019;11:25;19:00;9;6;7h 35m;1;11200;3901;24
Multiple carriers;1;6;2019;10:00;21:00;1;6;11h;1;13587;3902;24
Multiple carriers;9;5;2019;06:40;19:15;9;5;12h 35m;1;7787;3903;24
IndiGo;6;3;2019;06:40;21:00;6;3;14h 20m;1;14871;3904;24
Multiple carriers;6;3;2019;07:30;19:15;6;3;11h 45m;1;15077;3905;24
Jet Airways;24;5;2019;22:50;04:25;25;5;5h 35m;1;16079;3906;24
Multiple carriers;9;6;2019;15:15;01:30;10;6;10h 15m;1;6795;3907;24
Jet Airways;9;5;2019;02:15;12:35;9;5;10h 20m;1;15851;3908;24
Jet Airways;9;5;2019;19:15;19:00;10;5;23h 45m;1;15554;3909;24
Multiple carriers;15;6;2019;06:00;19:15;15;6;13h 15m;1;9526;3910;24
Jet Airways;27;5;2019;18:15;12:35;28;5;18h 20m;1;12898;3911;24
Multiple carriers;21;3;2019;11:30;19:15;21;3;7h 45m;1;13378;3912;24
Multiple carriers;21;5;2019;11:25;19:00;21;5;7h 35m;1;9103;3913;24
Multiple carriers;24;6;2019;08:00;21:00;24;6;13h;1;7618;3914;24
Multiple carriers;6;3;2019;02:15;15:30;6;3;13h 15m;1;17057;3915;24
Multiple carriers;21;5;2019;07:05;19:15;21;5;12h 10m;1;10711;3916;24
Jet Airways;21;5;2019;02:15;19:00;21;5;16h 45m;1;12898;3917;24
Multiple carriers;12;6;2019;13:00;01:30;13;6;12h 30m;1;7198;3918;24
Multiple carriers;6;3;2019;08:00;15:30;6;3;7h 30m;1;17267;3919;24
Jet Airways;9;5;2019;07:05;19:00;9;5;11h 55m;1;12373;3920;24
Multiple carriers;21;3;2019;11:30;18:50;21;3;7h 20m;1;11622;3921;24
Multiple carriers;3;6;2019;10:20;19:00;3;6;8h 40m;1;11789;3922;24
Multiple carriers;3;6;2019;13:00;21:00;3;6;8h;1;7408;3923;24
Multiple carriers;27;5;2019;11:25;19:00;27;5;7h 35m;1;9103;3924;24
Multiple carriers;1;6;2019;19:00;01:30;2;6;6h 30m;1;7530;3925;24
Jet Airways;18;5;2019;02:15;19:00;18;5;16h 45m;1;15554;3926;24
Air India;6;6;2019;21:00;07:40;7;6;10h 40m;1;8372;3927;24
IndiGo;27;6;2019;17:30;01:30;28;6;8h;1;5684;3928;24
Multiple carriers;27;6;2019;09:00;19:15;27;6;10h 15m;1;14848;3929;24
Multiple carriers;27;3;2019;06:00;19:15;27;3;13h 15m;1;8371;3930;24
Jet Airways;6;3;2019;13:55;04:25;7;3;14h 30m;1;15764;3931;24
Jet Airways;3;6;2019;14:00;12:35;4;6;22h 35m;1;10262;3932;24
Multiple carriers;27;5;2019;11:30;19:15;27;5;7h 45m;1;9254;3933;24
IndiGo;6;6;2019;06:40;21:00;6;6;14h 20m;1;6093;3934;24
Multiple carriers;9;3;2019;08:00;21:00;9;3;13h;1;16023;3935;24
Jet Airways;9;3;2019;15:05;18:50;10;3;27h 45m;1;16289;3936;24
Jet Airways;27;3;2019;02:15;04:25;28;3;26h 10m;1;12242;3937;24
Multiple carriers;24;6;2019;11:25;19:00;24;6;7h 35m;1;10678;3938;24
Multiple carriers;27;5;2019;08:00;21:00;27;5;13h;1;9450;3939;24
Jet Airways;18;5;2019;17:30;12:35;19;5;19h 5m;1;12373;3940;24
Jet Airways;12;6;2019;19:45;04:25;13;6;8h 40m;1;10262;3941;24
Jet Airways;9;6;2019;20:55;19:00;10;6;22h 5m;1;10577;3942;24
IndiGo;21;3;2019;04:45;15:30;21;3;10h 45m;1;7738;3943;24
IndiGo;18;5;2019;15:00;01:30;19;5;10h 30m;1;7503;3944;24
IndiGo;3;6;2019;11:25;01:30;4;6;14h 5m;1;5883;3945;24
IndiGo;9;5;2019;09:15;01:30;10;5;16h 15m;1;8854;3946;24
Air India;12;6;2019;10:00;19:15;12;6;9h 15m;1;8372;3947;24
Jet Airways;12;6;2019;16:00;12:35;13;6;20h 35m;1;10262;3948;24
Multiple carriers;27;5;2019;11:40;19:00;27;5;7h 20m;1;9794;3949;24
IndiGo;21;3;2019;11:30;01:35;22;3;14h 5m;1;7318;3950;24
GoAir;3;6;2019;07:00;12:55;3;6;5h 55m;1;4959;3951;24
Jet Airways;24;6;2019;13:00;12:35;25;6;23h 35m;1;10262;3952;24
Multiple carriers;9;4;2019;11:40;01:30;10;4;13h 50m;1;6645;3953;24
IndiGo;1;6;2019;11:25;21:00;1;6;9h 35m;1;6416;3954;24
Multiple carriers;3;6;2019;07:30;19:15;3;6;11h 45m;1;7354;3955;24
Multiple carriers;3;6;2019;09:15;19:00;3;6;9h 45m;1;11622;3956;24
Jet Airways;3;3;2019;21:50;18:50;4;3;21h;1;17024;3957;24
Multiple carriers;21;3;2019;10:45;19:15;21;3;8h 30m;1;7154;3958;24
Jet Airways;27;3;2019;19:45;04:25;28;3;8h 40m;1;12242;3959;24
Multiple carriers;3;6;2019;08:00;19:15;3;6;11h 15m;1;15058;3960;24
IndiGo;24;4;2019;16:00;21:00;24;4;5h;1;5065;3961;24
Multiple carriers;9;6;2019;14:00;21:00;9;6;7h;1;13587;3962;24
Jet Airways;6;6;2019;21:50;04:25;7;6;6h 35m;1;10262;3963;24
Jet Airways;9;6;2019;14:00;04:25;10;6;14h 25m;1;10262;3964;24
Jet Airways;18;5;2019;11:30;19:00;18;5;7h 30m;1;15554;3965;24
Multiple carriers;15;6;2019;13:00;01:30;16;6;12h 30m;1;13377;3966;24
Multiple carriers;27;3;2019;08:55;21:00;27;3;12h 5m;1;8055;3967;24
Jet Airways;27;3;2019;17:30;04:25;28;3;10h 55m;1;12242;3968;24
Multiple carriers;24;6;2019;06:00;19:00;24;6;13h;1;12524;3969;24
IndiGo;3;3;2019;16:00;01:35;4;3;9h 35m;1;14871;3970;24
Multiple carriers;6;3;2019;08:00;21:00;6;3;13h;1;15078;3971;24
GoAir;1;6;2019;07:00;12:55;1;6;5h 55m;1;5457;3972;24
Jet Airways;9;3;2019;21:50;18:50;10;3;21h;1;15764;3973;24
IndiGo;15;5;2019;06:40;21:00;15;5;14h 20m;1;7191;3974;24
Jet Airways;6;3;2019;19:45;04:25;7;3;8h 40m;1;15764;3975;24
Jet Airways;27;3;2019;19:45;04:25;28;3;8h 40m;1;6540;3976;24
Multiple carriers;9;5;2019;07:30;19:15;9;5;11h 45m;1;8266;3977;24
IndiGo;27;3;2019;16:00;21:00;27;3;5h;1;5073;3978;24
IndiGo;3;3;2019;18:35;01:35;4;3;7h;1;14871;3979;24
Multiple carriers;12;6;2019;06:00;21:00;12;6;15h;1;7005;3980;24
Multiple carriers;6;3;2019;09:00;21:00;6;3;12h;1;15136;3981;24
Multiple carriers;24;6;2019;11:30;01:30;25;6;14h;1;13377;3982;24
Jet Airways;27;5;2019;14:00;12:35;28;5;22h 35m;1;12898;3983;24
Multiple carriers;12;6;2019;08:00;21:00;12;6;13h;1;13797;3984;24
Multiple carriers;9;3;2019;18:15;01:35;10;3;7h 20m;1;14086;3985;24
Jet Airways;21;5;2019;19:45;04:25;22;5;8h 40m;1;12898;3986;24
Jet Airways;6;6;2019;16:00;04:25;7;6;12h 25m;1;14714;3987;24
Multiple carriers;18;5;2019;11:30;21:00;18;5;9h 30m;1;13727;3988;24
Multiple carriers;6;6;2019;07:30;19:15;6;6;11h 45m;1;7354;3989;24
Multiple carriers;15;5;2019;10:00;21:00;15;5;11h;1;8073;3990;24
Jet Airways;9;3;2019;02:15;04:25;10;3;26h 10m;1;15029;3991;24
Jet Airways;9;5;2019;08:00;19:00;9;5;11h;1;15554;3992;24
IndiGo;12;6;2019;18:35;01:30;13;6;6h 55m;1;5883;3993;24
Multiple carriers;3;6;2019;19:00;01:30;4;6;6h 30m;1;7198;3994;24
Multiple carriers;27;3;2019;10:45;19:15;27;3;8h 30m;1;7154;3995;24
Air India;15;6;2019;07:00;19:15;15;6;12h 15m;1;9929;3996;24
Multiple carriers;9;5;2019;11:40;19:15;9;5;7h 35m;1;8266;3997;24
Multiple carriers;12;6;2019;08:30;19:00;12;6;10h 30m;1;10877;3998;24
Multiple carriers;15;6;2019;11:30;21:00;15;6;9h 30m;1;13587;3999;24
IndiGo;6;3;2019;04:45;13:20;6;3;8h 35m;1;13611;4000;24
IndiGo;6;6;2019;09:15;01:30;7;6;16h 15m;1;6628;4001;24
IndiGo;15;6;2019;18:35;01:30;16;6;6h 55m;1;5883;4002;24
Multiple carriers;18;5;2019;09:00;21:00;18;5;12h;1;13727;4003;24
Jet Airways;15;6;2019;19:15;04:25;16;6;9h 10m;1;10262;4004;24
Jet Airways;27;6;2019;15:00;19:00;28;6;28h;1;10262;4005;24
Jet Airways;9;5;2019;20:55;04:25;10;5;7h 30m;1;12373;4006;24
Jet Airways;9;6;2019;08:00;04:25;10;6;20h 25m;1;10262;4007;24
IndiGo;6;4;2019;16:00;21:00;6;4;5h;1;5073;4008;24
Multiple carriers;3;6;2019;07:30;19:00;3;6;11h 30m;1;10877;4009;24
Jet Airways;27;3;2019;17:30;19:45;28;3;26h 15m;1;5406;4010;24
Multiple carriers;3;6;2019;03:50;19:00;3;6;15h 10m;1;12192;4011;24
Jet Airways;27;5;2019;13:00;19:00;27;5;6h;1;12898;4012;24
Jet Airways;9;6;2019;19:45;19:00;10;6;23h 15m;1;14924;4013;24
Multiple carriers;27;5;2019;14:00;01:30;28;5;11h 30m;1;6943;4014;24
Multiple carriers;27;6;2019;06:40;19:15;27;6;12h 35m;1;7354;4015;24
Multiple carriers;6;6;2019;09:00;19:00;6;6;10h;1;12192;4016;24
Jet Airways;6;6;2019;13:00;19:00;6;6;6h;1;10262;4017;24
Multiple carriers;21;5;2019;10:20;01:30;22;5;15h 10m;1;7485;4018;24
Jet Airways;9;5;2019;11:30;19:00;9;5;7h 30m;1;12373;4019;24
Jet Airways;3;6;2019;16:00;12:35;4;6;20h 35m;1;10262;4020;24
Jet Airways;3;6;2019;08:00;19:00;3;6;11h;1;10577;4021;24
Jet Airways;1;6;2019;21:50;04:25;2;6;6h 35m;1;14714;4022;24
Jet Airways;21;3;2019;02:15;04:25;22;3;26h 10m;1;7438;4023;24
Multiple carriers;15;5;2019;19:00;01:30;16;5;6h 30m;1;8073;4024;24
Multiple carriers;6;3;2019;06:40;18:50;6;3;12h 10m;1;15135;4025;24
Jet Airways;6;6;2019;15:00;19:00;7;6;28h;1;10262;4026;24
Jet Airways;6;3;2019;23:05;04:25;7;3;5h 20m;1;15764;4027;24
Multiple carriers;27;3;2019;07:30;21:00;27;3;13h 30m;1;8055;4028;24
Multiple carriers Premium economy;21;3;2019;19:00;01:35;22;3;6h 35m;1;10885;4029;24
Multiple carriers Premium economy;21;3;2019;07:30;15:30;21;3;8h;1;11269;4030;24
GoAir;3;6;2019;14:25;19:35;3;6;5h 10m;1;9069;4031;24
Jet Airways;9;6;2019;17:30;12:35;10;6;19h 5m;1;10262;4032;24
Jet Airways;9;3;2019;02:15;04:25;10;3;26h 10m;1;11848;4033;24
Multiple carriers;18;5;2019;07:00;21:00;18;5;14h;1;8073;4034;24
Jet Airways;6;6;2019;16:00;19:00;7;6;27h;1;10262;4035;24
IndiGo;15;6;2019;09:15;21:00;15;6;11h 45m;1;6838;4036;24
Jet Airways;12;6;2019;13:00;19:00;12;6;6h;1;14714;4037;24
Jet Airways;3;6;2019;18:15;04:25;4;6;10h 10m;1;14714;4038;24
Jet Airways;6;5;2019;22:50;04:25;7;5;5h 35m;1;15554;4039;24
GoAir;15;4;2019;10:35;19:35;15;4;9h;1;5752;4040;24
Multiple carriers;27;5;2019;08:00;19:15;27;5;11h 15m;1;11761;4041;24
Multiple carriers;27;6;2019;13:00;19:15;27;6;6h 15m;1;14848;4042;24
Jet Airways;27;6;2019;10:00;19:00;27;6;9h;1;10262;4043;24
Multiple carriers;15;5;2019;11:25;19:00;15;5;7h 35m;1;9103;4044;24
Jet Airways;12;6;2019;21:50;12:35;13;6;14h 45m;1;10262;4045;24
Jet Airways;21;3;2019;14:00;04:25;22;3;14h 25m;1;7438;4046;24
Multiple carriers;6;3;2019;04:00;15:30;6;3;11h 30m;1;13135;4047;24
Multiple carriers;18;5;2019;17:00;01:30;19;5;8h 30m;1;8283;4048;24
IndiGo;1;4;2019;20:25;01:30;2;4;5h 5m;1;5073;4049;24
Jet Airways;6;4;2019;02:15;19:00;6;4;16h 45m;1;5177;4050;24
Multiple carriers;3;3;2019;10:45;18:50;3;3;8h 5m;1;15135;4051;24
IndiGo;15;6;2019;06:40;21:00;15;6;14h 20m;1;6093;4052;24
Multiple carriers;27;6;2019;09:00;21:00;27;6;12h;1;7408;4053;24
Multiple carriers;21;5;2019;10:00;01:30;22;5;15h 30m;1;14067;4054;24
IndiGo;15;5;2019;11:25;21:00;15;5;9h 35m;1;6979;4055;24
Multiple carriers;6;3;2019;13:00;21:00;6;3;8h;1;15136;4056;24
Multiple carriers;21;3;2019;07:00;18:50;21;3;11h 50m;1;12402;4057;24
Multiple carriers;3;6;2019;11:40;01:30;4;6;13h 50m;1;7530;4058;24
Multiple carriers;21;3;2019;07:05;21:00;21;3;13h 55m;1;13062;4059;24
Jet Airways;27;5;2019;19:15;04:25;28;5;9h 10m;1;12898;4060;24
Jet Airways;6;6;2019;15:00;04:25;7;6;13h 25m;1;14714;4061;24
Multiple carriers;18;5;2019;10:20;19:00;18;5;8h 40m;1;9794;4062;24
Multiple carriers;21;5;2019;07:05;21:00;21;5;13h 55m;1;9930;4063;24
Multiple carriers;3;3;2019;11:30;01:35;4;3;14h 5m;1;18286;4064;24
Jet Airways;6;6;2019;07:05;19:00;6;6;11h 55m;1;10262;4065;24
Multiple carriers;21;5;2019;02:15;11:50;21;5;9h 35m;1;14067;4066;24
Multiple carriers;6;6;2019;11:40;01:30;7;6;13h 50m;1;6795;4067;24
Multiple carriers;12;6;2019;15:15;01:30;13;6;10h 15m;1;6795;4068;24
Air India;9;5;2019;09:00;19:15;9;5;10h 15m;1;8372;4069;24
Multiple carriers;18;5;2019;08:45;19:15;18;5;10h 30m;1;8476;4070;24
Multiple carriers;27;6;2019;12:50;19:15;27;6;6h 25m;1;7268;4071;24
GoAir;9;6;2019;14:25;19:35;9;6;5h 10m;1;9069;4072;24
Multiple carriers;3;6;2019;09:00;19:00;3;6;10h;1;13714;4073;24
Multiple carriers;27;5;2019;09:00;19:15;27;5;10h 15m;1;10197;4074;24
Multiple carriers;3;3;2019;13:00;21:00;3;3;8h;1;17493;4075;24
Multiple carriers;6;6;2019;07:05;21:00;6;6;13h 55m;1;13587;4076;24
Jet Airways;6;6;2019;16:00;04:25;7;6;12h 25m;1;10262;4077;24
IndiGo;27;6;2019;11:25;01:30;28;6;14h 5m;1;5684;4078;24
Jet Airways;15;6;2019;10:00;04:25;16;6;18h 25m;1;10262;4079;24
Jet Airways;9;5;2019;13:00;19:00;9;5;6h;1;15554;4080;24
Multiple carriers;12;6;2019;12:50;21:00;12;6;8h 10m;1;7005;4081;24
Multiple carriers;27;6;2019;16:00;01:30;28;6;9h 30m;1;13377;4082;24
Jet Airways;9;6;2019;21:50;04:25;10;6;6h 35m;1;10262;4083;24
Multiple carriers;24;5;2019;17:45;01:30;25;5;7h 45m;1;9140;4084;24
Jet Airways;27;6;2019;21:50;04:25;28;6;6h 35m;1;12898;4085;24
Jet Airways;21;5;2019;13:00;04:25;22;5;15h 25m;1;12898;4086;24
Jet Airways;9;6;2019;22:50;19:00;10;6;20h 10m;1;10262;4087;24
Multiple carriers;21;3;2019;13:00;21:00;21;3;8h;1;13062;4088;24
Multiple carriers;27;3;2019;11:30;21:00;27;3;9h 30m;1;12537;4089;24
Jet Airways;24;6;2019;13:00;19:00;24;6;6h;1;10262;4090;24
Jet Airways;15;6;2019;14:00;19:00;15;6;5h;1;14714;4091;24
Multiple carriers;9;5;2019;14:00;21:00;9;5;7h;1;13727;4092;24
Jet Airways;27;6;2019;11:30;19:00;27;6;7h 30m;1;10262;4093;24
Multiple carriers;6;6;2019;10:20;19:00;6;6;8h 40m;1;11789;4094;24
Jet Airways;27;5;2019;10:00;19:00;27;5;9h;1;11924;4095;24
Multiple carriers;18;5;2019;03:50;19:00;18;5;15h 10m;1;10197;4096;24
Multiple carriers;9;3;2019;07:30;19:45;9;3;12h 15m;1;12615;4097;24
Jet Airways;27;6;2019;13:00;19:00;27;6;6h;1;10262;4098;24
Air India;27;5;2019;18:00;19:15;28;5;25h 15m;1;8372;4099;24
IndiGo;6;6;2019;16:00;21:00;6;6;5h;1;6069;4100;24
IndiGo;21;3;2019;08:25;15:30;21;3;7h 5m;1;9709;4101;24
Multiple carriers;15;5;2019;08:00;21:00;15;5;13h;1;13937;4102;24
Jet Airways;9;6;2019;21:50;12:35;10;6;14h 45m;1;10262;4103;24
IndiGo;6;6;2019;20:25;01:30;7;6;5h 5m;1;5054;4104;24
Jet Airways;27;3;2019;15:05;04:25;28;3;13h 20m;1;12242;4105;24
Multiple carriers;9;6;2019;16:00;01:30;10;6;9h 30m;1;13587;4106;24
Air India;18;5;2019;10:00;19:15;18;5;9h 15m;1;8879;4107;24
Multiple carriers;6;6;2019;06:00;19:15;6;6;13h 15m;1;8266;4108;24
Multiple carriers;12;6;2019;13:00;01:30;13;6;12h 30m;1;13377;4109;24
IndiGo;15;5;2019;18:35;01:30;16;5;6h 55m;1;7191;4110;24
Multiple carriers;27;3;2019;17:45;01:35;28;3;7h 50m;1;7845;4111;24
IndiGo;21;3;2019;07:30;21:00;21;3;13h 30m;1;8784;4112;24
Jet Airways;21;3;2019;19:45;04:25;22;3;8h 40m;1;5963;4113;24
Multiple carriers;15;6;2019;08:00;21:00;15;6;13h;1;7408;4114;24
Jet Airways;6;4;2019;07:05;12:35;6;4;5h 30m;1;5406;4115;24
Jet Airways;6;4;2019;22:50;12:35;7;4;13h 45m;1;5177;4116;24
Multiple carriers;12;6;2019;17:45;01:30;13;6;7h 45m;1;6795;4117;24
Jet Airways;18;5;2019;14:00;12:35;19;5;22h 35m;1;12373;4118;24
Multiple carriers;27;6;2019;08:30;19:00;27;6;10h 30m;1;11200;4119;24
Jet Airways;27;5;2019;17:30;19:00;28;5;25h 30m;1;12898;4120;24
IndiGo;24;6;2019;09:15;21:00;24;6;11h 45m;1;6838;4121;24
Multiple carriers;9;6;2019;14:00;01:30;10;6;11h 30m;1;13377;4122;24
Multiple carriers;15;5;2019;03:50;19:00;15;5;15h 10m;1;10197;4123;24
Multiple carriers;15;5;2019;13:00;21:00;15;5;8h;1;13727;4124;24
IndiGo;9;5;2019;11:25;01:30;10;5;14h 5m;1;8330;4125;24
IndiGo;27;5;2019;17:10;01:30;28;5;8h 20m;1;6206;4126;24
Multiple carriers;6;6;2019;11:25;19:00;6;6;7h 35m;1;10877;4127;24
Jet Airways;21;5;2019;21:50;19:00;22;5;21h 10m;1;16079;4128;24
Multiple carriers;6;3;2019;06:40;19:15;6;3;12h 35m;1;15077;4129;24
Jet Airways;12;6;2019;20:55;19:00;13;6;22h 5m;1;10262;4130;24
Jet Airways;9;5;2019;09:00;04:25;10;5;19h 25m;1;12373;4131;24
Jet Airways;24;6;2019;02:15;19:00;24;6;16h 45m;1;10262;4132;24
Jet Airways;9;5;2019;08:00;04:25;10;5;20h 25m;1;12373;4133;24
Jet Airways;3;6;2019;10:00;19:00;3;6;9h;1;10262;4134;24
Jet Airways;6;4;2019;11:30;19:00;6;4;7h 30m;1;5177;4135;24
IndiGo;9;3;2019;20:30;01:35;10;3;5h 5m;1;6937;4136;24
Air India;1;6;2019;17:00;19:15;2;6;26h 15m;1;8792;4137;24
Multiple carriers;27;5;2019;12:50;21:00;27;5;8h 10m;1;7005;4138;24
Jet Airways;21;5;2019;15:00;19:00;22;5;28h;1;16079;4139;24
Multiple carriers;9;3;2019;06:50;21:00;9;3;14h 10m;1;14086;4140;24
Multiple carriers;3;6;2019;07:00;21:00;3;6;14h;1;7618;4141;24
Multiple carriers;1;6;2019;09:00;19:15;1;6;10h 15m;1;16108;4142;24
Multiple carriers;27;5;2019;10:20;01:30;28;5;15h 10m;1;6795;4143;24
Jet Airways;12;6;2019;15:00;12:35;13;6;21h 35m;1;10262;4144;24
Multiple carriers;12;6;2019;06:00;12:35;12;6;6h 35m;1;11789;4145;24
GoAir;15;5;2019;10:35;19:35;15;5;9h;1;7378;4146;24
Multiple carriers;27;6;2019;08:00;21:00;27;6;13h;1;7408;4147;24
GoAir;27;6;2019;14:25;19:35;27;6;5h 10m;1;7870;4148;24
IndiGo;24;6;2019;07:30;21:00;24;6;13h 30m;1;6093;4149;24
Multiple carriers;3;6;2019;06:00;12:35;3;6;6h 35m;1;13259;4150;24
IndiGo;1;6;2019;11:25;01:30;2;6;14h 5m;1;6206;4151;24
Jet Airways;15;6;2019;11:30;19:00;15;6;7h 30m;1;14714;4152;24
IndiGo;9;6;2019;04:55;21:00;9;6;16h 5m;1;6093;4153;24
IndiGo;9;3;2019;15:00;01:35;10;3;10h 35m;1;13611;4154;24
Multiple carriers;15;5;2019;11:30;21:00;15;5;9h 30m;1;13727;4155;24
IndiGo;27;3;2019;09:10;15:30;27;3;6h 20m;1;10141;4156;24
Jet Airways;18;5;2019;11:30;12:35;19;5;25h 5m;1;12373;4157;24
Jet Airways;6;6;2019;14:00;19:00;6;6;5h;1;14714;4158;24
Multiple carriers;27;5;2019;09:00;21:00;27;5;12h;1;7618;4159;24
Multiple carriers;18;5;2019;06:00;21:00;18;5;15h;1;7670;4160;24
Jet Airways;27;5;2019;11:30;04:25;28;5;16h 55m;1;12898;4161;24
Multiple carriers;21;3;2019;14:00;21:00;21;3;7h;1;13062;4162;24
Multiple carriers;12;6;2019;09:15;19:00;12;6;9h 45m;1;11622;4163;24
Multiple carriers;15;6;2019;10:20;19:00;15;6;8h 40m;1;11789;4164;24
Multiple carriers;27;6;2019;11:40;01:30;28;6;13h 50m;1;5797;4165;24
Multiple carriers;1;6;2019;12:50;19:15;1;6;6h 25m;1;9526;4166;24
Multiple carriers;9;4;2019;08:30;19:00;9;4;10h 30m;1;10877;4167;24
Jet Airways;15;6;2019;14:00;04:25;16;6;14h 25m;1;10262;4168;24
Jet Airways;1;6;2019;19:15;04:25;2;6;9h 10m;1;10262;4169;24
Jet Airways;1;6;2019;15:00;04:25;2;6;13h 25m;1;14714;4170;24
Multiple carriers;6;5;2019;07:30;19:00;6;5;11h 30m;1;10529;4171;24
Multiple carriers;27;5;2019;09:00;21:00;27;5;12h;1;7886;4172;24
Multiple carriers;24;6;2019;13:00;01:30;25;6;12h 30m;1;7198;4173;24
IndiGo;27;6;2019;17:10;01:30;28;6;8h 20m;1;5684;4174;24
Jet Airways;21;3;2019;18:15;04:25;22;3;10h 10m;1;12557;4175;24
Jet Airways;9;5;2019;14:00;12:35;10;5;22h 35m;1;12373;4176;24
Jet Airways;27;5;2019;15:00;19:00;28;5;28h;1;12898;4177;24
Multiple carriers;27;6;2019;09:15;19:00;27;6;9h 45m;1;11622;4178;24
Jet Airways;15;6;2019;22:50;12:35;16;6;13h 45m;1;10262;4179;24
Multiple carriers;9;5;2019;11:30;19:15;9;5;7h 45m;1;14323;4180;24
Multiple carriers;3;3;2019;10:00;21:00;3;3;11h;1;16863;4181;24
Multiple carriers;1;6;2019;11:25;19:15;1;6;7h 50m;1;8937;4182;24
IndiGo;9;6;2019;10:35;01:30;10;6;14h 55m;1;6104;4183;24
Jet Airways;15;6;2019;07:05;04:25;16;6;21h 20m;1;10262;4184;24
IndiGo;27;5;2019;11:25;21:00;27;5;9h 35m;1;6314;4185;24
Multiple carriers;1;5;2019;08:30;19:00;1;5;10h 30m;1;9627;4186;24
Jet Airways;3;3;2019;16:00;18:50;4;3;26h 50m;1;17234;4187;24
Multiple carriers;27;5;2019;08:30;19:00;27;5;10h 30m;1;9627;4188;24
Multiple carriers;9;5;2019;08:30;19:15;9;5;10h 45m;1;8099;4189;24
Multiple carriers;27;5;2019;07:30;21:00;27;5;13h 30m;1;8475;4190;24
Jet Airways;27;5;2019;07:05;19:00;27;5;11h 55m;1;12898;4191;24
Multiple carriers;27;5;2019;08:30;19:15;27;5;10h 45m;1;9149;4192;24
GoAir;21;5;2019;10:35;19:35;21;5;9h;1;6195;4193;24
IndiGo;9;5;2019;11:25;21:00;9;5;9h 35m;1;6979;4194;24
Air India;9;6;2019;20:00;07:40;10;6;11h 40m;1;8372;4195;24
Multiple carriers;15;6;2019;08:45;21:00;15;6;12h 15m;1;7005;4196;24
Jet Airways;9;6;2019;19:45;19:00;10;6;23h 15m;1;10577;4197;24
Jet Airways;3;6;2019;18:15;19:00;4;6;24h 45m;1;14714;4198;24
Multiple carriers;27;6;2019;10:20;19:00;27;6;8h 40m;1;11264;4199;24
Jet Airways;24;6;2019;16:00;19:00;25;6;27h;1;10262;4200;24
IndiGo;15;6;2019;16:00;21:00;15;6;5h;1;6069;4201;24
Jet Airways;9;5;2019;21:50;19:00;10;5;21h 10m;1;12373;4202;24
Air India;9;6;2019;21:00;19:15;10;6;22h 15m;1;8372;4203;24
Jet Airways;9;6;2019;07:05;19:00;9;6;11h 55m;1;14714;4204;24
Multiple carriers;3;3;2019;13:00;01:35;4;3;12h 35m;1;17493;4205;24
Jet Airways;21;5;2019;08:00;04:25;22;5;20h 25m;1;12898;4206;24
Jet Airways;24;6;2019;16:00;12:35;25;6;20h 35m;1;10262;4207;24
Multiple carriers;12;6;2019;08:00;19:15;12;6;11h 15m;1;15058;4208;24
Air India;6;3;2019;09:00;07:40;7;3;22h 40m;1;14882;4209;24
Multiple carriers;3;6;2019;15:00;01:30;4;6;10h 30m;1;13377;4210;24
Multiple carriers;21;5;2019;13:00;19:15;21;5;6h 15m;1;14848;4211;24
IndiGo;3;6;2019;15:00;01:30;4;6;10h 30m;1;6104;4212;24
Jet Airways;24;6;2019;22:50;12:35;25;6;13h 45m;1;10262;4213;24
IndiGo;6;4;2019;20:25;01:30;7;4;5h 5m;1;5073;4214;24
Multiple carriers;15;6;2019;10:20;19:15;15;6;8h 55m;1;9526;4215;24
Multiple carriers;27;3;2019;09:00;21:00;27;3;12h;1;6883;4216;24
Multiple carriers;27;5;2019;19:00;01:30;28;5;6h 30m;1;7198;4217;24
Jet Airways;21;3;2019;22:00;18:50;22;3;20h 50m;1;6017;4218;24
Multiple carriers;18;5;2019;04:55;19:15;18;5;14h 20m;1;7564;4219;24
Jet Airways;27;5;2019;08:00;19:00;27;5;11h;1;12239;4220;24
Jet Airways;9;5;2019;15:00;19:00;10;5;28h;1;12373;4221;24
Multiple carriers;27;5;2019;03:50;12:35;27;5;8h 45m;1;10197;4222;24
IndiGo;3;6;2019;10:35;01:30;4;6;14h 55m;1;5883;4223;24
Jet Airways;27;6;2019;21:50;12:35;28;6;14h 45m;1;10262;4224;24
Multiple carriers;15;6;2019;08:30;19:15;15;6;10h 45m;1;8937;4225;24
Air India;9;4;2019;07:00;19:15;9;4;12h 15m;1;6674;4226;24
Jet Airways;3;3;2019;17:30;04:25;4;3;10h 55m;1;17024;4227;24
Jet Airways;21;5;2019;07:05;19:00;21;5;11h 55m;1;16289;4228;24
IndiGo;18;5;2019;10:35;01:30;19;5;14h 55m;1;7503;4229;24
Multiple carriers;27;3;2019;08:25;19:15;27;3;10h 50m;1;8601;4230;24
Multiple carriers;6;3;2019;17:00;01:35;7;3;8h 35m;1;24318;4231;24
Multiple carriers;15;5;2019;10:00;19:15;15;5;9h 15m;1;14323;4232;24
Multiple carriers;15;6;2019;19:00;01:30;16;6;6h 30m;1;7408;4233;24
Multiple carriers;15;6;2019;11:30;19:15;15;6;7h 45m;1;16108;4234;24
Jet Airways;15;6;2019;18:15;12:35;16;6;18h 20m;1;10262;4235;24
Jet Airways;9;6;2019;09:00;19:00;9;6;10h;1;14714;4236;24
Jet Airways;3;6;2019;22:50;19:00;4;6;20h 10m;1;10262;4237;24
Jet Airways;21;3;2019;08:00;18:50;21;3;10h 50m;1;12767;4238;24
IndiGo;12;6;2019;08:50;21:00;12;6;12h 10m;1;6093;4239;24
Multiple carriers;6;6;2019;13:00;21:00;6;6;8h;1;7408;4240;24
IndiGo;18;5;2019;04:55;21:00;18;5;16h 5m;1;6758;4241;24
Jet Airways;6;6;2019;11:30;04:25;7;6;16h 55m;1;10262;4242;24
Multiple carriers;6;3;2019;08:55;18:50;6;3;9h 55m;1;15411;4243;24
IndiGo;18;5;2019;18:35;01:30;19;5;6h 55m;1;7503;4244;24
Air India;21;3;2019;09:00;19:15;21;3;10h 15m;1;6902;4245;24
Multiple carriers;21;3;2019;15:00;01:35;22;3;10h 35m;1;13542;4246;24
Jet Airways;27;6;2019;14:00;19:00;27;6;5h;1;10262;4247;24
Multiple carriers;21;3;2019;08:25;18:50;21;3;10h 25m;1;13069;4248;24
Multiple carriers;1;6;2019;07:05;21:00;1;6;13h 55m;1;10406;4249;24
IndiGo;6;6;2019;15:00;01:30;7;6;10h 30m;1;5883;4250;24
IndiGo;27;3;2019;10:45;21:00;27;3;10h 15m;1;6838;4251;24
Jet Airways;9;6;2019;19:45;04:25;10;6;8h 40m;1;10577;4252;24
Multiple carriers;27;6;2019;11:40;19:15;27;6;7h 35m;1;7268;4253;24
Jet Airways;3;6;2019;02:15;04:25;4;6;26h 10m;1;11627;4254;24
IndiGo;27;3;2019;17:30;01:35;28;3;8h 5m;1;6628;4255;24
Air India;9;3;2019;21:40;07:40;10;3;10h;1;13832;4256;24
Jet Airways;3;6;2019;22:50;04:25;4;6;5h 35m;1;14714;4257;24
Jet Airways;12;6;2019;19:45;19:00;13;6;23h 15m;1;10262;4258;24
Multiple carriers;21;5;2019;16:00;01:30;22;5;9h 30m;1;14067;4259;24
Jet Airways;9;3;2019;18:15;04:25;10;3;10h 10m;1;14053;4260;24
Jet Airways;27;6;2019;14:00;12:35;28;6;22h 35m;1;10262;4261;24
Jet Airways;27;3;2019;21:50;04:25;28;3;6h 35m;1;12242;4262;24
Jet Airways;27;6;2019;15:00;12:35;28;6;21h 35m;1;10262;4263;24
Air India;9;4;2019;08:00;19:15;9;4;11h 15m;1;6377;4264;24
Multiple carriers;3;6;2019;16:00;01:30;4;6;9h 30m;1;13377;4265;24
Jet Airways;12;6;2019;20:55;04:25;13;6;7h 30m;1;14714;4266;24
Multiple carriers;9;5;2019;17:00;01:30;10;5;8h 30m;1;9424;4267;24
Jet Airways;15;6;2019;19:45;19:00;16;6;23h 15m;1;10262;4268;24
Multiple carriers;9;6;2019;10:20;19:00;9;6;8h 40m;1;11789;4269;24
Multiple carriers;21;3;2019;19:00;01:35;22;3;6h 35m;1;6838;4270;24
GoAir;27;5;2019;07:00;12:55;27;5;5h 55m;1;5752;4271;24
Jet Airways;9;6;2019;19:15;19:00;10;6;23h 45m;1;10577;4272;24
Multiple carriers;27;3;2019;13:00;01:35;28;3;12h 35m;1;12327;4273;24
Jet Airways;6;3;2019;22:20;04:25;7;3;6h 5m;1;15764;4274;24
Multiple carriers;21;3;2019;04:45;19:15;21;3;14h 30m;1;6630;4275;24
Jet Airways;3;6;2019;16:00;19:00;4;6;27h;1;10262;4276;24
Jet Airways;6;6;2019;02:15;19:00;6;6;16h 45m;1;14714;4277;24
Multiple carriers;3;6;2019;06:00;19:00;3;6;13h;1;13259;4278;24
Multiple carriers;3;6;2019;11:40;19:15;3;6;7h 35m;1;9001;4279;24
IndiGo;27;5;2019;18:35;01:30;28;5;6h 55m;1;6628;4280;24
Jet Airways;1;6;2019;11:30;04:25;2;6;16h 55m;1;10262;4281;24
Jet Airways;27;5;2019;09:00;19:00;27;5;10h;1;16079;4282;24
Multiple carriers;9;3;2019;06:40;19:15;9;3;12h 35m;1;13082;4283;24
Multiple carriers;27;5;2019;07:05;21:00;27;5;13h 55m;1;10406;4284;24
Multiple carriers;27;6;2019;18:15;01:30;28;6;7h 15m;1;13377;4285;24
Jet Airways;27;3;2019;11:30;18:50;27;3;7h 20m;1;6017;4286;24
Jet Airways;24;6;2019;17:30;12:35;25;6;19h 5m;1;10262;4287;24
Jet Airways;3;3;2019;07:05;18:50;3;3;11h 45m;1;17024;4288;24
Jet Airways;21;3;2019;15:00;04:25;22;3;13h 25m;1;12767;4289;24
Jet Airways;21;3;2019;15:00;04:25;22;3;13h 25m;1;6017;4290;24
Air India;15;5;2019;09:00;19:15;15;5;10h 15m;1;8372;4291;24
Multiple carriers;15;6;2019;10:35;19:00;15;6;8h 25m;1;10877;4292;24
Multiple carriers;6;6;2019;10:00;21:00;6;6;11h;1;7933;4293;24
Multiple carriers;15;6;2019;04:55;12:35;15;6;7h 40m;1;10678;4294;24
Multiple carriers;21;3;2019;07:00;21:00;21;3;14h;1;7618;4295;24
Multiple carriers;27;6;2019;10:00;01:30;28;6;15h 30m;1;13377;4296;24
IndiGo;12;6;2019;17:10;01:30;13;6;8h 20m;1;5883;4297;24
Jet Airways;27;6;2019;20:55;19:00;28;6;22h 5m;1;10262;4298;24
Jet Airways;3;4;2019;02:15;12:35;3;4;10h 20m;1;5177;4299;24
Multiple carriers;24;6;2019;08:00;21:00;24;6;13h;1;13797;4300;24
IndiGo;18;5;2019;17:10;01:30;19;5;8h 20m;1;7081;4301;24
Multiple carriers;15;6;2019;08:30;19:00;15;6;10h 30m;1;11200;4302;24
Multiple carriers;6;3;2019;07:05;13:20;6;3;6h 15m;1;17267;4303;24
Multiple carriers;12;6;2019;11:25;19:00;12;6;7h 35m;1;10877;4304;24
Jet Airways;18;5;2019;15:00;04:25;19;5;13h 25m;1;12373;4305;24
Jet Airways;21;3;2019;22:00;18:50;22;3;20h 50m;1;12242;4306;24
IndiGo;21;5;2019;07:30;21:00;21;5;13h 30m;1;7006;4307;24
Air India;27;5;2019;21:00;19:15;28;5;22h 15m;1;8372;4308;24
Multiple carriers;15;6;2019;10:35;19:15;15;6;8h 40m;1;8614;4309;24
Air India;9;5;2019;07:00;19:15;9;5;12h 15m;1;8669;4310;24
Multiple carriers;3;3;2019;02:15;11:30;3;3;9h 15m;1;17057;4311;24
Multiple carriers;6;6;2019;15:15;01:30;7;6;10h 15m;1;6795;4312;24
Multiple carriers;15;6;2019;08:45;19:00;15;6;10h 15m;1;11789;4313;24
Jet Airways;24;6;2019;18:15;19:00;25;6;24h 45m;1;10262;4314;24
Multiple carriers;27;3;2019;07:00;13:20;27;3;6h 20m;1;6148;4315;24
IndiGo;3;6;2019;16:00;01:30;4;6;9h 30m;1;6628;4316;24
Jet Airways;1;6;2019;10:00;12:35;2;6;26h 35m;1;10262;4317;24
Jet Airways;9;5;2019;18:15;19:00;10;5;24h 45m;1;12373;4318;24
Multiple carriers;6;3;2019;10:20;21:00;6;3;10h 40m;1;15147;4319;24
IndiGo;21;3;2019;09:10;01:35;22;3;16h 25m;1;8765;4320;24
Multiple carriers;6;3;2019;10:20;01:35;7;3;15h 15m;1;15147;4321;24
Multiple carriers;27;5;2019;18:15;01:30;28;5;7h 15m;1;7308;4322;24
Jet Airways;1;6;2019;22:50;12:35;2;6;13h 45m;1;14714;4323;24
Jet Airways;9;3;2019;18:15;18:50;10;3;24h 35m;1;14053;4324;24
Multiple carriers;18;5;2019;19:00;01:30;19;5;6h 30m;1;7670;4325;24
Multiple carriers;6;6;2019;10:35;19:00;6;6;8h 25m;1;10877;4326;24
Multiple carriers;3;3;2019;07:05;15:30;3;3;8h 25m;1;17057;4327;24
Multiple carriers;27;6;2019;04:55;12:35;27;6;7h 40m;1;10678;4328;24
Air India;9;5;2019;13:00;19:15;9;5;6h 15m;1;8372;4329;24
Jet Airways;12;6;2019;18:15;19:00;13;6;24h 45m;1;10262;4330;24
Air India;15;6;2019;08:00;19:15;15;6;11h 15m;1;9929;4331;24
Multiple carriers;1;5;2019;10:20;19:00;1;5;8h 40m;1;9794;4332;24
Air India;1;6;2019;09:45;23:00;1;6;13h 15m;1;8907;4333;25
IndiGo;21;3;2019;05:05;10:05;21;3;5h;1;6893;4334;25
IndiGo;24;6;2019;15:10;20:00;24;6;4h 50m;1;6147;4335;25
IndiGo;1;6;2019;05:10;10:05;1;6;4h 55m;1;6842;4336;25
Air India;9;3;2019;20:30;08:15;10;3;11h 45m;1;8991;4337;25
IndiGo;15;5;2019;05:10;10:05;15;5;4h 55m;1;6496;4338;25
Air Asia;21;3;2019;20:10;07:10;22;3;11h;1;6151;4339;25
Air Asia;9;5;2019;07:55;13:25;9;5;5h 30m;1;6751;4340;25
SpiceJet;24;4;2019;17:55;22:50;24;4;4h 55m;1;4957;4341;25
Air Asia;3;3;2019;16:45;22:15;3;3;5h 30m;1;13774;4342;25
Air India;21;3;2019;17:45;23:00;21;3;5h 15m;1;5704;4343;25
Air Asia;27;5;2019;16:45;06:35;28;5;13h 50m;1;6752;4344;25
Air India;15;6;2019;17:40;23:00;15;6;5h 20m;1;7384;4345;25
SpiceJet;6;4;2019;17:55;22:50;6;4;4h 55m;1;4957;4346;25
IndiGo;15;5;2019;17:05;22:15;15;5;5h 10m;1;6027;4347;25
Air India;27;5;2019;09:45;23:00;27;5;13h 15m;1;8907;4348;25
Air Asia;9;6;2019;07:55;13:25;9;6;5h 30m;1;8759;4349;25
Air Asia;27;5;2019;07:55;13:25;27;5;5h 30m;1;6451;4350;25
Air India;18;5;2019;17:40;23:00;18;5;5h 20m;1;8277;4351;25
Air India;27;3;2019;20:30;23:00;28;3;26h 30m;1;5022;4352;25
Air Asia;18;5;2019;16:45;07:10;19;5;14h 25m;1;7353;4353;25
Air India;1;6;2019;17:40;23:00;1;6;5h 20m;1;7384;4354;25
Air India;21;4;2019;20:30;23:00;22;4;26h 30m;1;7174;4355;25
SpiceJet;27;4;2019;17:55;22:50;27;4;4h 55m;1;4957;4356;25
Air Asia;6;3;2019;16:45;07:10;7;3;14h 25m;1;8627;4357;25
Air Asia;27;4;2019;20:45;07:10;28;4;10h 25m;1;6451;4358;25
Air India;21;5;2019;17:40;23:00;21;5;5h 20m;1;8067;4359;25
Air India;9;6;2019;17:40;23:00;9;6;5h 20m;1;7384;4360;25
Air Asia;1;6;2019;07:55;13:25;1;6;5h 30m;1;9330;4361;25
Air India;18;5;2019;17:40;08:15;19;5;14h 35m;1;8361;4362;25
IndiGo;6;6;2019;02:00;07:45;6;6;5h 45m;1;6386;4363;25
Air India;15;6;2019;06:10;23:00;15;6;16h 50m;1;8907;4364;25
Air Asia;3;6;2019;20:45;06:35;4;6;9h 50m;1;11410;4365;25
Air India;15;5;2019;20:30;08:15;16;5;11h 45m;1;10671;4366;25
IndiGo;9;5;2019;15:10;20:00;9;5;4h 50m;1;6147;4367;25
Air Asia;18;5;2019;07:55;22:25;18;5;14h 30m;1;7452;4368;25
IndiGo;24;4;2019;15:10;20:00;24;4;4h 50m;1;6027;4369;25
SpiceJet;3;4;2019;17:55;22:50;3;4;4h 55m;1;4611;4370;25
Air India;6;4;2019;17:40;23:00;6;4;5h 20m;1;5232;4371;25
Air India;27;5;2019;17:40;09:35;28;5;15h 55m;1;7258;4372;25
Air Asia;9;6;2019;16:45;22:25;9;6;5h 40m;1;13470;4373;25
Air India;21;4;2019;20:30;08:15;22;4;11h 45m;1;7258;4374;25
Air Asia;27;4;2019;16:45;07:10;28;4;14h 25m;1;6451;4375;25
Air Asia;6;6;2019;20:45;07:10;7;6;10h 25m;1;11410;4376;25
Air India;6;6;2019;17:40;08:15;7;6;14h 35m;1;7258;4377;25
Air Asia;1;6;2019;20:45;07:10;2;6;10h 25m;1;11410;4378;25
IndiGo;9;6;2019;05:10;10:05;9;6;4h 55m;1;6496;4379;25
Air Asia;1;6;2019;16:45;22:25;1;6;5h 40m;1;11410;4380;25
SpiceJet;6;6;2019;17:55;22:50;6;6;4h 55m;1;5409;4381;25
Air Asia;27;6;2019;07:55;22:25;27;6;14h 30m;1;6152;4382;25
Air India;6;6;2019;13:30;23:00;6;6;9h 30m;1;8907;4383;25
SpiceJet;1;6;2019;17:55;22:50;1;6;4h 55m;1;5975;4384;25
Air India;6;3;2019;20:30;08:15;7;3;11h 45m;1;10566;4385;25
IndiGo;21;4;2019;05:10;10:05;21;4;4h 55m;1;7074;4386;25
Air India;6;3;2019;06:10;08:15;7;3;26h 5m;1;11038;4387;25
Air India;21;3;2019;13:30;23:00;21;3;9h 30m;1;5704;4388;25
Air Asia;15;5;2019;16:45;07:10;16;5;14h 25m;1;6752;4389;25
Air Asia;24;4;2019;07:55;22:25;24;4;14h 30m;1;6152;4390;25
Air India;3;3;2019;06:10;08:15;4;3;26h 5m;1;13348;4391;25
SpiceJet;21;5;2019;17:55;22:50;21;5;4h 55m;1;5975;4392;25
Air Asia;1;6;2019;07:55;22:25;1;6;14h 30m;1;8759;4393;25
Air Asia;15;6;2019;07:55;13:25;15;6;5h 30m;1;6253;4394;25
Air Asia;21;5;2019;16:45;07:10;22;5;14h 25m;1;8327;4395;25
Air India;27;3;2019;17:40;08:15;28;3;14h 35m;1;5998;4396;25
Air Asia;27;6;2019;16:45;07:10;28;6;14h 25m;1;6451;4397;25
Air India;21;3;2019;06:10;23:00;21;3;16h 50m;1;5704;4398;25
Air India;12;6;2019;09:45;08:15;13;6;22h 30m;1;8991;4399;25
Air India;27;3;2019;13:30;08:15;28;3;18h 45m;1;6681;4400;25
IndiGo;9;6;2019;17:05;22:15;9;6;5h 10m;1;6493;4401;25
Air Asia;1;6;2019;16:45;07:10;2;6;14h 25m;1;11410;4402;25
Air Asia;27;3;2019;20:10;07:10;28;3;11h;1;6151;4403;25
Air Asia;15;5;2019;20:45;07:10;16;5;10h 25m;1;6853;4404;25
SpiceJet;3;3;2019;16:35;22:50;3;3;6h 15m;1;11726;4405;25
Air Asia;6;6;2019;16:45;07:10;7;6;14h 25m;1;11410;4406;25
Air India;15;6;2019;09:45;23:00;15;6;13h 15m;1;8907;4407;25
Air Asia;21;5;2019;07:55;22:30;21;5;14h 35m;1;6152;4408;25
IndiGo;24;6;2019;05:10;10:05;24;6;4h 55m;1;6496;4409;25
Air India;9;6;2019;09:45;23:00;9;6;13h 15m;1;8907;4410;25
IndiGo;21;3;2019;02:00;07:45;21;3;5h 45m;1;6426;4411;25
Air Asia;9;4;2019;20:45;07:10;10;4;10h 25m;1;6451;4412;25
Air India;27;3;2019;20:30;08:15;28;3;11h 45m;1;5998;4413;25
IndiGo;24;6;2019;17:05;22:15;24;6;5h 10m;1;6147;4414;25
Air Asia;27;5;2019;16:45;22:25;27;5;5h 40m;1;6752;4415;25
SpiceJet;27;6;2019;17:55;22:50;27;6;4h 55m;1;4957;4416;25
IndiGo;3;6;2019;05:10;10:05;3;6;4h 55m;1;6842;4417;25
IndiGo;15;6;2019;02:00;07:45;15;6;5h 45m;1;6386;4418;25
Air India;18;5;2019;20:30;23:00;19;5;26h 30m;1;8907;4419;25
Air India;9;5;2019;09:45;23:00;9;5;13h 15m;1;7174;4420;25
IndiGo;1;6;2019;17:05;22:25;1;6;5h 20m;1;7060;4421;25
Air Asia;6;6;2019;07:55;22:25;6;6;14h 30m;1;8759;4422;25
IndiGo;9;5;2019;17:05;22:25;9;5;5h 20m;1;6027;4423;25
Air India;12;6;2019;20:30;23:00;13;6;26h 30m;1;8907;4424;25
IndiGo;3;6;2019;17:05;22:25;3;6;5h 20m;1;6493;4425;25
IndiGo;12;6;2019;05:10;10:05;12;6;4h 55m;1;6496;4426;25
IndiGo;3;3;2019;05:05;10:05;3;3;5h;1;9581;4427;25
Air Asia;27;4;2019;07:55;22:25;27;4;14h 30m;1;6451;4428;25
Air India;9;6;2019;17:40;08:15;10;6;14h 35m;1;7468;4429;25
Air Asia;15;6;2019;16:45;22:25;15;6;5h 40m;1;6853;4430;25
IndiGo;15;6;2019;15:10;20:00;15;6;4h 50m;1;6147;4431;25
Air Asia;18;5;2019;20:45;07:10;19;5;10h 25m;1;7452;4432;25
SpiceJet;6;3;2019;16:35;22:50;6;3;6h 15m;1;7185;4433;25
IndiGo;27;3;2019;02:00;07:45;27;3;5h 45m;1;5733;4434;25
IndiGo;9;6;2019;02:00;07:45;9;6;5h 45m;1;6386;4435;25
Air India;6;3;2019;17:40;08:15;7;3;14h 35m;1;11038;4436;25
Air Asia;15;5;2019;16:45;22:25;15;5;5h 40m;1;6752;4437;25
Air Asia;15;6;2019;20:45;07:10;16;6;10h 25m;1;6253;4438;25
Air India;18;5;2019;09:45;23:00;18;5;13h 15m;1;8907;4439;25
Air Asia;24;6;2019;20:45;06:35;25;6;9h 50m;1;6152;4440;25
Air India;12;6;2019;17:40;08:15;13;6;14h 35m;1;8991;4441;25
SpiceJet;15;5;2019;17:55;22:50;15;5;4h 55m;1;5409;4442;25
IndiGo;15;6;2019;05:10;10:05;15;6;4h 55m;1;7010;4443;25
Air India;3;6;2019;17:40;09:35;4;6;15h 55m;1;7258;4444;25
Air Asia;3;6;2019;16:45;06:35;4;6;13h 50m;1;11410;4445;25
Air Asia;6;6;2019;07:55;13:25;6;6;5h 30m;1;8759;4446;25
SpiceJet;15;4;2019;17:55;22:50;15;4;4h 55m;1;5221;4447;25
Air Asia;27;3;2019;16:45;22:15;27;3;5h 30m;1;6151;4448;25
Air Asia;15;6;2019;07:55;22:25;15;6;14h 30m;1;6253;4449;25
IndiGo;3;6;2019;02:00;07:45;3;6;5h 45m;1;6386;4450;25
Air India;21;4;2019;06:10;23:00;21;4;16h 50m;1;7174;4451;25
SpiceJet;9;6;2019;17:55;22:50;9;6;4h 55m;1;5409;4452;25
Air Asia;27;5;2019;07:55;15:45;27;5;7h 50m;1;6451;4453;25
Air India;6;3;2019;20:30;23:00;7;3;26h 30m;1;8854;4454;25
IndiGo;6;6;2019;17:05;22:25;6;6;5h 20m;1;6493;4455;25
IndiGo;15;4;2019;17:05;22:15;15;4;5h 10m;1;5912;4456;25
IndiGo;27;6;2019;15:10;20:00;27;6;4h 50m;1;6147;4457;25
Air India;27;6;2019;17:40;23:00;27;6;5h 20m;1;7174;4458;25
IndiGo;9;6;2019;15:10;20:00;9;6;4h 50m;1;7060;4459;25
SpiceJet;9;3;2019;16:35;22:50;9;3;6h 15m;1;7084;4460;25
Air Asia;21;5;2019;16:45;22:30;21;5;5h 45m;1;8028;4461;25
Air India;9;3;2019;17:45;23:00;9;3;5h 15m;1;9064;4462;25
Air Asia;27;3;2019;07:55;15:45;27;3;7h 50m;1;6151;4463;25
Air Asia;3;3;2019;16:45;07:10;4;3;14h 25m;1;13474;4464;25
Air Asia;24;6;2019;16:45;22:25;24;6;5h 40m;1;6752;4465;25
IndiGo;3;3;2019;02:00;07:45;3;3;5h 45m;1;9257;4466;25
IndiGo;6;3;2019;02:00;07:45;6;3;5h 45m;1;8025;4467;25
Air Asia;12;6;2019;07:55;15:45;12;6;7h 50m;1;6152;4468;25
IndiGo;9;5;2019;05:10;10:05;9;5;4h 55m;1;6496;4469;25
Air Asia;9;6;2019;07:55;15:45;9;6;7h 50m;1;8759;4470;25
SpiceJet;18;5;2019;17:55;22:50;18;5;4h 55m;1;5975;4471;25
Air India;21;3;2019;20:30;23:00;22;3;26h 30m;1;5704;4472;25
Air India;27;5;2019;13:30;23:00;27;5;9h 30m;1;8907;4473;25
Air Asia;9;5;2019;20:45;07:10;10;5;10h 25m;1;6751;4474;25
Air Asia;9;3;2019;20:10;07:10;10;3;11h;1;8327;4475;25
IndiGo;27;5;2019;02:00;07:45;27;5;5h 45m;1;6147;4476;25
IndiGo;15;5;2019;15:10;20:00;15;5;4h 50m;1;6027;4477;25
Air India;27;3;2019;06:10;08:15;28;3;26h 5m;1;6681;4478;25
Air India;3;4;2019;20:30;23:00;4;4;26h 30m;1;5022;4479;25
Air Asia;9;6;2019;20:45;07:10;10;6;10h 25m;1;10794;4480;25
Air Asia;3;6;2019;07:55;22:25;3;6;14h 30m;1;8759;4481;25
Air Asia;9;3;2019;16:45;22:15;9;3;5h 30m;1;8327;4482;25
Air India;21;5;2019;09:30;23:00;21;5;13h 30m;1;8907;4483;25
IndiGo;21;4;2019;02:00;07:45;21;4;5h 45m;1;6258;4484;25
IndiGo;21;5;2019;15:10;20:50;21;5;5h 40m;1;6027;4485;25
Air India;24;6;2019;17:40;23:00;24;6;5h 20m;1;7174;4486;25
Air Asia;27;6;2019;20:45;07:10;28;6;10h 25m;1;6451;4487;25
Air India;12;6;2019;20:30;08:15;13;6;11h 45m;1;8991;4488;25
Air Asia;27;3;2019;07:55;13:10;27;3;5h 15m;1;6151;4489;25
Air India;9;5;2019;06:10;23:00;9;5;16h 50m;1;7174;4490;25
IndiGo;3;6;2019;15:10;20:00;3;6;4h 50m;1;6493;4491;25
Air India;9;3;2019;06:10;23:00;9;3;16h 50m;1;9064;4492;25
Air India;3;3;2019;06:10;23:00;3;3;16h 50m;1;13002;4493;25
Air India;24;6;2019;13:30;23:00;24;6;9h 30m;1;8907;4494;25
Air India;27;3;2019;09:45;08:15;28;3;22h 30m;1;7416;4495;25
Air Asia;3;6;2019;16:45;22:25;3;6;5h 40m;1;11410;4496;25
IndiGo;27;5;2019;15:10;20:00;27;5;4h 50m;1;5912;4497;25
Air India;15;6;2019;13:30;23:00;15;6;9h 30m;1;8907;4498;25
Air India;21;5;2019;17:40;08:15;22;5;14h 35m;1;8151;4499;25
Air India;6;4;2019;06:10;23:00;6;4;16h 50m;1;5022;4500;25
Air Asia;6;3;2019;20:10;07:10;7;3;11h;1;8627;4501;25
Air Asia;18;5;2019;07:55;13:25;18;5;5h 30m;1;8759;4502;25
Air Asia;24;6;2019;07:55;13:25;24;6;5h 30m;1;6152;4503;25
IndiGo;9;3;2019;05:05;10:05;9;3;5h;1;8147;4504;25
Air India;3;6;2019;09:45;23:00;3;6;13h 15m;1;8907;4505;25
Air Asia;9;5;2019;16:45;22:25;9;5;5h 40m;1;6752;4506;25
Air Asia;12;6;2019;20:45;07:10;13;6;10h 25m;1;6152;4507;25
Air Asia;27;5;2019;07:55;22:25;27;5;14h 30m;1;6152;4508;25
IndiGo;18;5;2019;15:10;20:00;18;5;4h 50m;1;6496;4509;25
IndiGo;18;5;2019;05:10;10:05;18;5;4h 55m;1;7580;4510;25
Air India;12;6;2019;13:30;08:15;13;6;18h 45m;1;8991;4511;25
Air India;15;5;2019;13:30;08:15;16;5;18h 45m;1;10671;4512;25
IndiGo;6;3;2019;05:05;10:05;6;3;5h;1;7894;4513;25
IndiGo;21;5;2019;17:05;22:15;21;5;5h 10m;1;6147;4514;25
Air Asia;21;4;2019;07:55;13:25;21;4;5h 30m;1;7452;4515;25
Air India;6;3;2019;13:30;08:15;7;3;18h 45m;1;11563;4516;25
SpiceJet;9;5;2019;17:55;22:50;9;5;4h 55m;1;5975;4517;25
SpiceJet;24;6;2019;17:55;22:50;24;6;4h 55m;1;4957;4518;25
SpiceJet;21;3;2019;16:35;22:50;21;3;6h 15m;1;4957;4519;25
IndiGo;24;4;2019;02:00;07:45;24;4;5h 45m;1;5241;4520;25
IndiGo;12;6;2019;17:05;22:25;12;6;5h 20m;1;6147;4521;25
IndiGo;9;3;2019;02:00;07:45;9;3;5h 45m;1;7060;4522;25
Air Asia;3;6;2019;07:55;15:45;3;6;7h 50m;1;8759;4523;25
Air Asia;27;4;2019;16:45;22:25;27;4;5h 40m;1;6451;4524;25
IndiGo;24;4;2019;17:05;22:15;24;4;5h 10m;1;5912;4525;25
Air India;27;6;2019;13:30;23:00;27;6;9h 30m;1;8907;4526;25
Air India;27;6;2019;09:45;23:00;27;6;13h 15m;1;8907;4527;25
IndiGo;27;3;2019;05:05;10:05;27;3;5h;1;6827;4528;25
IndiGo;1;6;2019;02:00;07:45;1;6;5h 45m;1;6386;4529;25
Air Asia;15;6;2019;16:45;07:10;16;6;14h 25m;1;6853;4530;25
Air India;1;3;2019;09:45;08:15;2;3;22h 30m;1;22798;4531;25
Air India;27;5;2019;17:40;23:00;27;5;5h 20m;1;7174;4532;25
Air India;15;5;2019;20:30;23:00;16;5;26h 30m;1;8907;4533;25
Air India;3;3;2019;09:45;23:00;3;3;13h 15m;1;27282;4534;25
Air Asia;24;4;2019;16:45;22:25;24;4;5h 40m;1;6152;4535;25
Air India;1;6;2019;13:30;23:00;1;6;9h 30m;1;8907;4536;25
Air India;6;6;2019;09:45;23:00;6;6;13h 15m;1;8907;4537;25
Air India;9;4;2019;20:30;08:15;10;4;11h 45m;1;5683;4538;25
SpiceJet;12;6;2019;17:55;22:50;12;6;4h 55m;1;4957;4539;25
Air Asia;6;6;2019;16:45;22:25;6;6;5h 40m;1;11410;4540;25
IndiGo;27;4;2019;02:00;07:45;27;4;5h 45m;1;7173;4541;25
Air India;9;5;2019;17:40;23:00;9;5;5h 20m;1;7174;4542;25
SpiceJet;27;5;2019;17:55;22:50;27;5;4h 55m;1;5673;4543;25
Air Asia;24;6;2019;07:55;22:25;24;6;14h 30m;1;6152;4544;25
Air Asia;24;6;2019;16:45;06:35;25;6;13h 50m;1;6752;4545;25
Air Asia;27;6;2019;07:55;13:25;27;6;5h 30m;1;6152;4546;25
IndiGo;24;6;2019;02:00;07:45;24;6;5h 45m;1;6016;4547;25
Air Asia;15;5;2019;07:55;13:25;15;5;5h 30m;1;6451;4548;25
IndiGo;27;6;2019;05:10;10:05;27;6;4h 55m;1;6496;4549;25
Air India;21;3;2019;09:45;23:00;21;3;13h 15m;1;5704;4550;25
Air Asia;21;3;2019;16:45;22:15;21;3;5h 30m;1;6151;4551;25
Air Asia;21;4;2019;07:55;22:25;21;4;14h 30m;1;7452;4552;25
IndiGo;27;5;2019;17:05;22:15;27;5;5h 10m;1;6373;4553;25
Air Asia;21;3;2019;16:45;07:10;22;3;14h 25m;1;6151;4554;25
Air Asia;27;3;2019;16:45;07:10;28;3;14h 25m;1;6151;4555;25
SpiceJet;3;6;2019;17:55;22:50;3;6;4h 55m;1;5409;4556;25
IndiGo;12;6;2019;02:00;07:45;12;6;5h 45m;1;6386;4557;25
Air Asia;9;3;2019;16:45;07:10;10;3;14h 25m;1;8327;4558;25
Air India;9;3;2019;20:30;23:00;10;3;26h 30m;1;8119;4559;25
Air Asia;9;5;2019;16:45;07:10;10;5;14h 25m;1;7353;4560;25
SpiceJet;1;4;2019;17:55;22:50;1;4;4h 55m;1;4957;4561;25
IndiGo;15;6;2019;17:05;22:25;15;6;5h 20m;1;6147;4562;25
Air Asia;12;6;2019;07:55;22:25;12;6;14h 30m;1;6152;4563;25
IndiGo;15;5;2019;02:00;07:45;15;5;5h 45m;1;6037;4564;25
Air India;21;5;2019;05:55;19:15;21;5;13h 20m;2;10861;4565;26
Air India;6;3;2019;05:55;19:15;6;3;13h 20m;2;13748;4566;26
Air India;21;5;2019;05:55;07:40;22;5;25h 45m;2;11911;4567;26
Jet Airways;12;6;2019;05:30;12:35;12;6;7h 5m;2;14441;4568;26
Air India;9;3;2019;05:55;07:40;10;3;25h 45m;2;14483;4569;26
Air India;9;3;2019;05:55;19:15;10;3;37h 20m;2;14483;4570;26
Jet Airways;21;5;2019;05:30;12:35;21;5;7h 5m;2;15544;4571;26
Air India;15;6;2019;05:55;19:15;15;6;13h 20m;2;12646;4572;26
Air India;3;3;2019;05:55;07:40;4;3;25h 45m;2;15113;4573;26
Air India;21;5;2019;20:00;19:15;22;5;23h 15m;2;10861;4574;26
Air India;15;6;2019;20:00;19:15;16;6;23h 15m;2;11071;4575;26
Air India;9;5;2019;05:55;19:15;9;5;13h 20m;2;10861;4576;26
Air India;6;6;2019;05:55;19:15;6;6;13h 20m;2;10861;4577;26
Air India;9;4;2019;05:55;07:40;10;4;25h 45m;2;10021;4578;26
Jet Airways;21;5;2019;05:30;12:35;21;5;7h 5m;2;16274;4579;26
Jet Airways;21;3;2019;05:40;04:25;22;3;22h 45m;2;9181;4580;26
Air India;27;6;2019;05:55;19:15;27;6;13h 20m;2;11386;4581;26
Jet Airways;1;6;2019;05:30;12:35;1;6;7h 5m;2;13344;4582;26
Jet Airways;18;5;2019;05:30;12:35;18;5;7h 5m;2;16274;4583;26
Jet Airways;3;6;2019;05:30;12:35;3;6;7h 5m;2;13344;4584;26
Air India;6;6;2019;20:00;19:15;7;6;23h 15m;2;11596;4585;26
Air India;6;3;2019;05:55;07:40;7;3;25h 45m;2;15428;4586;26
Jet Airways;6;6;2019;05:30;12:35;6;6;7h 5m;2;14441;4587;26
Jet Airways;24;6;2019;05:30;12:35;24;6;7h 5m;2;13344;4588;26
Jet Airways;18;5;2019;05:30;12:35;18;5;7h 5m;2;15544;4589;26
Jet Airways;9;5;2019;05:30;12:35;9;5;7h 5m;2;16274;4590;26
Air India;9;3;2019;20:00;19:15;10;3;23h 15m;2;16111;4591;26
Jet Airways;3;3;2019;05:40;04:25;4;3;22h 45m;2;19266;4592;26
Jet Airways;27;6;2019;05:30;12:35;27;6;7h 5m;2;14441;4593;26
Jet Airways;9;6;2019;05:30;12:35;9;6;7h 5m;2;13344;4594;26
Jet Airways;12;6;2019;05:30;12:35;12;6;7h 5m;2;13344;4595;26
Jet Airways;21;3;2019;05:40;04:25;22;3;22h 45m;2;11543;4596;26
Jet Airways;9;3;2019;05:40;04:25;10;3;22h 45m;2;14861;4597;26
Jet Airways;3;6;2019;05:30;12:35;3;6;7h 5m;2;14441;4598;26
Air India;3;3;2019;05:55;07:40;4;3;25h 45m;2;15113;4599;26
Jet Airways;6;6;2019;05:30;12:35;6;6;7h 5m;2;13344;4600;26
Jet Airways;24;6;2019;05:30;12:35;24;6;7h 5m;2;14441;4601;26
Jet Airways;27;5;2019;05:30;12:35;27;5;7h 5m;2;16274;4602;26
Jet Airways;9;3;2019;05:40;04:25;10;3;22h 45m;2;13764;4603;26
Jet Airways;27;3;2019;05:40;04:25;28;3;22h 45m;2;12074;4604;26
Jet Airways;27;5;2019;05:30;12:35;27;5;7h 5m;2;15544;4605;26
Jet Airways;3;3;2019;05:40;18:50;4;3;37h 10m;2;21314;4606;26
Air India;21;5;2019;05:55;07:40;22;5;25h 45m;2;11911;4607;26
Air India;3;3;2019;20:00;19:15;4;3;23h 15m;2;17266;4608;26
Air India;3;3;2019;05:55;19:15;4;3;37h 20m;2;13748;4609;26
Jet Airways;27;6;2019;05:30;12:35;27;6;7h 5m;2;13344;4610;26
Jet Airways;9;6;2019;05:30;12:35;9;6;7h 5m;2;14441;4611;26
Jet Airways;9;5;2019;05:30;12:35;9;5;7h 5m;2;15544;4612;26
Jet Airways;6;3;2019;05:40;04:25;7;3;22h 45m;2;17271;4613;26
Air India;9;3;2019;05:55;19:15;9;3;13h 20m;2;18736;4614;26
Jet Airways;21;3;2019;18:25;18:50;22;3;24h 25m;2;9270;4615;27
Jet Airways;12;6;2019;18:25;12:35;13;6;18h 10m;2;14237;4616;27
Jet Airways;6;6;2019;18:25;04:25;7;6;10h;2;14237;4617;27
Jet Airways;1;6;2019;18:25;12:35;2;6;18h 10m;2;14237;4618;27
Jet Airways;21;3;2019;10:45;04:25;22;3;17h 40m;2;8367;4619;27
Jet Airways;15;6;2019;18:25;12:35;16;6;18h 10m;2;14237;4620;27
Jet Airways;9;6;2019;18:25;12:35;10;6;18h 10m;2;14237;4621;27
Jet Airways;6;6;2019;18:25;04:25;7;6;10h;2;12142;4622;27
Jet Airways;21;3;2019;18:25;04:25;22;3;10h;2;7791;4623;27
Jet Airways;21;3;2019;18:25;04:25;23;3;34h;2;12347;4624;27
Jet Airways;9;6;2019;18:25;04:25;10;6;10h;2;14237;4625;27
Jet Airways;21;3;2019;18:25;04:25;23;3;34h;2;12347;4626;27
Jet Airways;21;3;2019;10:45;18:50;22;3;32h 5m;2;11093;4627;27
Jet Airways;21;3;2019;10:45;18:50;21;3;8h 5m;2;8367;4628;27
Jet Airways;15;6;2019;18:25;04:25;16;6;10h;2;14237;4629;27
Jet Airways;21;3;2019;10:45;04:25;22;3;17h 40m;2;11093;4630;27
Jet Airways;9;3;2019;10:45;04:25;10;3;17h 40m;2;17282;4631;27
Jet Airways;21;3;2019;10:45;18:50;22;3;32h 5m;2;11869;4632;27
Jet Airways;21;3;2019;10:45;18:50;22;3;32h 5m;2;7791;4633;27
Jet Airways;21;3;2019;10:45;18:50;21;3;8h 5m;2;11360;4634;27
Jet Airways;21;3;2019;18:25;18:50;22;3;24h 25m;2;12347;4635;27
Jet Airways;21;3;2019;18:25;18:50;22;3;24h 25m;2;11869;4636;27
Jet Airways;21;3;2019;10:45;04:25;22;3;17h 40m;2;7791;4637;27
Jet Airways;1;6;2019;18:25;04:25;2;6;10h;2;14237;4638;27
Jet Airways;21;3;2019;10:45;18:50;22;3;32h 5m;2;9270;4639;27
Jet Airways;3;6;2019;18:25;12:35;4;6;18h 10m;2;14237;4640;27
Jet Airways;9;3;2019;10:45;04:25;10;3;17h 40m;2;15654;4641;27
Jet Airways;9;3;2019;10:45;18:50;10;3;32h 5m;2;19329;4642;27
IndiGo;3;3;2019;02:35;08:30;3;3;5h 55m;1;13790;4643;28
IndiGo;21;3;2019;02:35;08:30;21;3;5h 55m;1;8470;4644;28
IndiGo;6;3;2019;02:35;08:30;6;3;5h 55m;1;13790;4645;28
IndiGo;27;3;2019;02:35;08:30;27;3;5h 55m;1;7731;4646;28
IndiGo;9;3;2019;02:35;08:30;9;3;5h 55m;1;11532;4647;28
Jet Airways;12;6;2019;20:00;12:35;13;6;16h 35m;2;14300;4648;29
Jet Airways;3;6;2019;20:00;04:25;4;6;8h 25m;2;15318;4649;29
Jet Airways;27;6;2019;20:00;12:35;28;6;16h 35m;2;14300;4650;29
Jet Airways;27;5;2019;20:00;04:25;28;5;8h 25m;2;16263;4651;29
Jet Airways;9;5;2019;20:00;04:25;10;5;8h 25m;2;16263;4652;29
Jet Airways;12;6;2019;08:10;12:35;13;6;28h 25m;2;14300;4653;29
Jet Airways;18;5;2019;20:00;04:25;19;5;8h 25m;2;15318;4654;29
Jet Airways;27;6;2019;18:20;19:00;28;6;24h 40m;2;14300;4655;29
Jet Airways;27;6;2019;18:20;12:35;28;6;18h 15m;2;14300;4656;29
Jet Airways;15;6;2019;12:15;12:35;16;6;24h 20m;2;14300;4657;29
Jet Airways;12;6;2019;18:20;12:35;13;6;18h 15m;2;14300;4658;29
Jet Airways;24;6;2019;20:00;04:25;25;6;8h 25m;2;12410;4659;29
Jet Airways;12;6;2019;12:15;04:25;13;6;16h 10m;2;14300;4660;29
Jet Airways;6;6;2019;20:00;04:25;7;6;8h 25m;2;15318;4661;29
Jet Airways;9;3;2019;20:10;04:25;10;3;8h 15m;2;20904;4662;29
Jet Airways;12;6;2019;12:15;12:35;13;6;24h 20m;2;14300;4663;29
Jet Airways;12;6;2019;18:20;19:00;13;6;24h 40m;2;14300;4664;29
Jet Airways;12;6;2019;08:10;04:25;13;6;20h 15m;2;14300;4665;29
Jet Airways;9;5;2019;20:00;04:25;10;5;8h 25m;2;15318;4666;29
Jet Airways;27;6;2019;20:00;04:25;28;6;8h 25m;2;16263;4667;29
Jet Airways;27;6;2019;08:10;12:35;28;6;28h 25m;2;14300;4668;29
Jet Airways;27;6;2019;20:00;19:00;28;6;23h;2;14300;4669;29
Jet Airways;1;6;2019;20:00;04:25;2;6;8h 25m;2;15318;4670;29
Jet Airways;27;6;2019;12:15;19:00;28;6;30h 45m;2;14300;4671;29
Jet Airways;24;6;2019;20:00;04:25;25;6;8h 25m;2;14300;4672;29
Jet Airways Business;3;3;2019;20:05;04:25;4;3;8h 20m;2;46490;4673;29
Jet Airways;15;6;2019;12:15;04:25;16;6;16h 10m;2;14300;4674;29
Jet Airways;1;6;2019;20:00;04:25;2;6;8h 25m;2;16263;4675;29
Jet Airways;21;5;2019;20:00;04:25;22;5;8h 25m;2;16263;4676;29
Jet Airways;27;6;2019;12:15;12:35;28;6;24h 20m;2;14300;4677;29
Jet Airways;15;6;2019;18:20;12:35;16;6;18h 15m;2;14300;4678;29
Jet Airways;24;6;2019;18:20;04:25;25;6;10h 5m;2;13775;4679;29
Jet Airways;15;6;2019;20:00;12:35;16;6;16h 35m;2;14300;4680;29
Jet Airways;9;3;2019;08:20;04:25;10;3;20h 5m;2;18909;4681;29
Jet Airways;18;5;2019;20:00;04:25;19;5;8h 25m;2;16263;4682;29
Jet Airways Business;6;3;2019;20:05;04:25;7;3;8h 20m;2;52285;4683;29
Jet Airways;12;6;2019;20:00;04:25;13;6;8h 25m;2;12410;4684;29
Jet Airways;27;5;2019;20:00;04:25;28;5;8h 25m;2;15318;4685;29
Jet Airways;21;5;2019;20:00;04:25;22;5;8h 25m;2;15318;4686;29
Jet Airways;12;6;2019;20:00;19:00;13;6;23h;2;14300;4687;29
GoAir;12;6;2019;07:25;13:35;12;6;6h 10m;1;5842;4688;30
GoAir;3;4;2019;07:25;13:35;3;4;6h 10m;1;4106;4689;30
IndiGo;9;3;2019;07:45;13:40;9;3;5h 55m;1;6755;4690;30
GoAir;15;6;2019;07:25;13:35;15;6;6h 10m;1;5842;4691;30
GoAir;27;5;2019;07:25;13:35;27;5;6h 10m;1;6841;4692;30
GoAir;18;5;2019;07:25;13:35;18;5;6h 10m;1;6296;4693;30
GoAir;1;6;2019;07:25;13:35;1;6;6h 10m;1;6393;4694;30
GoAir;24;4;2019;07:25;13:35;24;4;6h 10m;1;4692;4695;30
GoAir;15;4;2019;07:25;13:35;15;4;6h 10m;1;5052;4696;30
GoAir;6;4;2019;07:25;13:35;6;4;6h 10m;1;4201;4697;30
IndiGo;27;3;2019;07:45;13:40;27;3;5h 55m;1;4832;4698;30
GoAir;3;6;2019;07:25;13:35;3;6;6h 10m;1;6976;4699;30
GoAir;27;4;2019;07:25;13:35;27;4;6h 10m;1;5140;4700;30
GoAir;9;5;2019;07:25;13:35;9;5;6h 10m;1;5842;4701;30
GoAir;27;3;2019;06:00;13:20;27;3;7h 20m;1;4563;4702;30
GoAir;1;5;2019;07:25;13:35;1;5;6h 10m;1;5842;4703;30
IndiGo;21;3;2019;07:45;13:40;21;3;5h 55m;1;6101;4704;30
GoAir;6;5;2019;07:25;13:35;6;5;6h 10m;1;6296;4705;30
GoAir;6;3;2019;06:00;13:20;6;3;7h 20m;1;6393;4706;30
GoAir;9;4;2019;07:25;13:20;9;4;5h 55m;1;4106;4707;30
GoAir;21;5;2019;07:25;13:20;21;5;5h 55m;1;5842;4708;30
GoAir;27;6;2019;07:25;13:35;27;6;6h 10m;1;4525;4709;30
GoAir;24;6;2019;07:25;13:35;24;6;6h 10m;1;4692;4710;30
GoAir;1;4;2019;07:25;13:35;1;4;6h 10m;1;4563;4711;30
GoAir;9;3;2019;06:00;13:20;9;3;7h 20m;1;8422;4712;30
Air India;3;3;2019;16:40;19:15;4;3;26h 35m;2;14011;4713;31
Jet Airways;27;6;2019;23:05;19:00;28;6;19h 55m;2;11150;4714;31
Jet Airways;24;6;2019;23:05;12:35;25;6;13h 30m;2;12819;4715;31
Jet Airways;24;5;2019;23:05;19:00;25;5;19h 55m;2;15129;4716;31
Jet Airways;18;5;2019;19:10;19:00;19;5;23h 50m;2;15129;4717;31
Jet Airways;18;5;2019;23:05;04:25;20;5;29h 20m;2;15129;4718;31
Air India;1;6;2019;19:45;19:15;2;6;23h 30m;2;10651;4719;31
Jet Airways;9;4;2019;13:25;12:35;10;4;23h 10m;2;9483;4720;31
Jet Airways;27;6;2019;19:10;12:35;28;6;17h 25m;2;15339;4721;31
Air India;9;3;2019;05:00;19:15;10;3;38h 15m;2;10598;4722;31
Jet Airways;9;5;2019;23:05;04:25;11;5;29h 20m;2;16704;4723;31
Air India;3;3;2019;16:40;19:15;4;3;26h 35m;2;14221;4724;31
Air India;21;3;2019;19:45;19:15;22;3;23h 30m;2;8236;4725;31
Jet Airways;1;5;2019;23:05;04:25;3;5;29h 20m;2;16704;4726;31
Jet Airways;27;3;2019;19:10;19:45;28;3;24h 35m;2;10976;4727;31
Jet Airways;21;5;2019;19:10;19:00;22;5;23h 50m;2;15129;4728;31
Jet Airways;18;5;2019;13:25;19:00;19;5;29h 35m;2;16704;4729;31
Jet Airways;9;5;2019;23:05;04:25;11;5;29h 20m;2;15129;4730;31
Jet Airways;27;6;2019;13:25;19:00;28;6;29h 35m;2;11150;4731;31
Air India;15;6;2019;05:00;07:40;16;6;26h 40m;2;10231;4732;31
Jet Airways;27;6;2019;13:25;12:35;28;6;23h 10m;2;12819;4733;31
Jet Airways;9;5;2019;23:05;19:00;10;5;19h 55m;2;15129;4734;31
Jet Airways;21;5;2019;13:25;19:00;22;5;29h 35m;2;15129;4735;31
Jet Airways;9;5;2019;19:10;19:00;10;5;23h 50m;2;15129;4736;31
Jet Airways;6;3;2019;19:10;04:25;8;3;33h 15m;2;16022;4737;31
Jet Airways;9;5;2019;23:05;12:35;10;5;13h 30m;2;15129;4738;31
Jet Airways;18;5;2019;23:05;04:25;20;5;29h 20m;2;16704;4739;31
Jet Airways;18;5;2019;13:25;04:25;19;5;15h;2;16704;4740;31
Air India;12;6;2019;05:00;19:15;13;6;38h 15m;2;9443;4741;31
Jet Airways;6;3;2019;19:10;19:45;7;3;24h 35m;2;19329;4742;31
Jet Airways;9;5;2019;23:05;12:35;10;5;13h 30m;2;15129;4743;31
Jet Airways;27;6;2019;13:25;19:00;28;6;29h 35m;2;12819;4744;31
Air India;15;6;2019;19:45;19:15;16;6;23h 30m;2;9653;4745;31
Air India;6;3;2019;05:00;19:15;7;3;38h 15m;2;10283;4746;31
Jet Airways;6;3;2019;19:10;19:45;7;3;24h 35m;2;21954;4747;31
Jet Airways;24;5;2019;23:05;04:25;26;5;29h 20m;2;16704;4748;31
Jet Airways;27;5;2019;13:25;12:35;28;5;23h 10m;2;15129;4749;31
Jet Airways;9;5;2019;23:05;04:25;11;5;29h 20m;2;15129;4750;31
Air India;1;6;2019;19:45;19:15;2;6;23h 30m;2;10651;4751;31
Air India;12;6;2019;16:40;19:15;13;6;26h 35m;2;9443;4752;31
Jet Airways;21;5;2019;23:05;19:00;22;5;19h 55m;2;15129;4753;31
Jet Airways;24;6;2019;19:10;19:00;25;6;23h 50m;2;12819;4754;31
Jet Airways;24;6;2019;23:05;04:25;26;6;29h 20m;2;12819;4755;31
Jet Airways;21;3;2019;19:10;18:50;22;3;23h 40m;2;9483;4756;31
Jet Airways;9;5;2019;23:05;04:25;11;5;29h 20m;2;16704;4757;31
Air India;15;5;2019;19:45;19:15;16;5;23h 30m;2;11491;4758;31
Air India;15;6;2019;19:45;19:15;16;6;23h 30m;2;9653;4759;31
Jet Airways;21;5;2019;23:05;12:35;22;5;13h 30m;2;15129;4760;31
Jet Airways;27;5;2019;23:05;04:25;29;5;29h 20m;2;16704;4761;31
Jet Airways;21;5;2019;19:10;19:00;22;5;23h 50m;2;15129;4762;31
Jet Airways;21;3;2019;19:10;18:50;22;3;23h 40m;2;10929;4763;31
Jet Airways;27;5;2019;13:25;04:25;28;5;15h;2;16704;4764;31
Jet Airways;18;5;2019;23:05;04:25;20;5;29h 20m;2;16704;4765;31
Air India;21;5;2019;19:45;19:15;22;5;23h 30m;2;9443;4766;31
Air India;9;3;2019;19:45;19:15;10;3;23h 30m;2;11701;4767;31
Jet Airways;27;6;2019;23:05;12:35;28;6;13h 30m;2;11150;4768;31
Jet Airways;27;5;2019;19:10;12:35;28;5;17h 25m;2;15129;4769;31
Jet Airways;24;6;2019;23:05;12:35;25;6;13h 30m;2;12819;4770;31
Jet Airways;18;5;2019;13:25;12:35;19;5;23h 10m;2;15129;4771;31
Air India;24;6;2019;16:40;19:15;25;6;26h 35m;2;9443;4772;31
Jet Airways;18;5;2019;23:05;12:35;19;5;13h 30m;2;15129;4773;31
Jet Airways;27;3;2019;19:10;19:45;28;3;24h 35m;2;6643;4774;31
Jet Airways;27;6;2019;23:05;04:25;29;6;29h 20m;2;12819;4775;31
Jet Airways;1;5;2019;23:05;19:00;2;5;19h 55m;2;15129;4776;31
Air India;3;6;2019;16:40;19:15;4;6;26h 35m;2;9968;4777;31
Air India;9;3;2019;16:40;19:15;10;3;26h 35m;2;11911;4778;31
Jet Airways;27;6;2019;23:05;19:00;28;6;19h 55m;2;12819;4779;31
Jet Airways;18;5;2019;13:25;12:35;19;5;23h 10m;2;15129;4780;31
Jet Airways;21;5;2019;23:05;19:00;22;5;19h 55m;2;15129;4781;31
Jet Airways;27;6;2019;23:05;04:25;29;6;29h 20m;2;11150;4782;31
Jet Airways;27;5;2019;19:10;19:00;28;5;23h 50m;2;15129;4783;31
Jet Airways;21;3;2019;19:10;04:25;23;3;33h 15m;2;8834;4784;31
Air India;6;6;2019;05:00;19:15;7;6;38h 15m;2;9653;4785;31
Jet Airways;18;5;2019;13:25;04:25;19;5;15h;2;16704;4786;31
Air India;15;5;2019;05:00;19:15;16;5;38h 15m;2;10493;4787;31
Jet Airways;27;6;2019;23:05;04:25;29;6;29h 20m;2;15339;4788;31
Jet Airways;24;6;2019;23:05;04:25;26;6;29h 20m;2;12819;4789;31
Jet Airways;6;3;2019;19:10;04:25;8;3;33h 15m;2;20694;4790;31
Air India;27;6;2019;19:45;19:15;28;6;23h 30m;2;9653;4791;31
Jet Airways;21;3;2019;19:10;18:50;22;3;23h 40m;2;8834;4792;31
Jet Airways;9;4;2019;23:05;12:35;10;4;13h 30m;2;9483;4793;31
Jet Airways;6;3;2019;19:10;04:25;8;3;33h 15m;2;16809;4794;31
Jet Airways;9;5;2019;13:25;12:35;10;5;23h 10m;2;16704;4795;31
Jet Airways;27;6;2019;13:25;12:35;28;6;23h 10m;2;15339;4796;31
Jet Airways;21;3;2019;19:10;18:50;22;3;23h 40m;2;6643;4797;31
Jet Airways;24;5;2019;23:05;04:25;26;5;29h 20m;2;15129;4798;31
Jet Airways;24;6;2019;23:05;19:00;25;6;19h 55m;2;12819;4799;31
Jet Airways;27;6;2019;23:05;19:00;28;6;19h 55m;2;11150;4800;31
Jet Airways;27;3;2019;19:10;19:45;28;3;24h 35m;2;9483;4801;31
Air India;6;6;2019;16:40;19:15;7;6;26h 35m;2;9653;4802;31
Jet Airways;27;6;2019;19:10;19:00;28;6;23h 50m;2;12819;4803;31
Jet Airways;9;5;2019;23:05;19:00;10;5;19h 55m;2;15129;4804;31
Jet Airways;24;6;2019;23:05;19:00;25;6;19h 55m;2;12819;4805;31
Air India;9;5;2019;19:45;19:15;10;5;23h 30m;2;10178;4806;31
Air India;21;3;2019;16:40;19:15;22;3;26h 35m;2;8236;4807;31
Jet Airways;27;3;2019;19:10;04:25;29;3;33h 15m;2;6643;4808;31
Air India;21;3;2019;19:45;19:15;22;3;23h 30m;2;8236;4809;31
Jet Airways;21;5;2019;23:05;12:35;22;5;13h 30m;2;15129;4810;31
Jet Airways;24;6;2019;23:05;19:00;25;6;19h 55m;2;12819;4811;31
Air India;9;6;2019;19:45;19:15;10;6;23h 30m;2;9968;4812;31
Air India;24;6;2019;16:40;19:15;25;6;26h 35m;2;9443;4813;31
Air India;3;6;2019;19:45;19:15;4;6;23h 30m;2;10441;4814;31
Jet Airways;27;5;2019;13:25;19:00;28;5;29h 35m;2;15129;4815;31
Jet Airways;9;5;2019;13:25;12:35;10;5;23h 10m;2;15129;4816;31
Air India;27;3;2019;16:40;19:15;28;3;26h 35m;2;8656;4817;31
Air India;24;6;2019;19:45;19:15;25;6;23h 30m;2;9443;4818;31
Jet Airways;21;3;2019;19:10;18:50;22;3;23h 40m;2;9483;4819;31
Jet Airways;9;5;2019;13:25;04:25;10;5;15h;2;16704;4820;31
Air India;9;5;2019;05:00;19:15;10;5;38h 15m;2;10441;4821;31
Jet Airways;6;3;2019;19:10;19:45;7;3;24h 35m;2;19329;4822;31
Air India;27;5;2019;16:40;19:15;28;5;26h 35m;2;9968;4823;31
Jet Airways;9;5;2019;13:25;19:00;10;5;29h 35m;2;15129;4824;31
Air India;27;3;2019;19:45;19:15;28;3;23h 30m;2;8656;4825;31
Jet Airways;21;3;2019;19:10;04:25;23;3;33h 15m;2;8834;4826;31
Jet Airways;27;6;2019;19:10;12:35;28;6;17h 25m;2;12819;4827;31
Jet Airways;27;5;2019;23:05;12:35;28;5;13h 30m;2;15129;4828;31
Jet Airways;18;5;2019;19:10;12:35;19;5;17h 25m;2;15129;4829;31
Jet Airways;9;5;2019;19:10;19:00;10;5;23h 50m;2;15129;4830;31
Jet Airways;18;5;2019;13:25;12:35;19;5;23h 10m;2;16704;4831;31
Jet Airways;27;3;2019;19:10;04:25;28;3;9h 15m;2;10976;4832;31
Air India;6;6;2019;16:40;19:15;7;6;26h 35m;2;9653;4833;31
Jet Airways;27;5;2019;23:05;19:00;28;5;19h 55m;2;15129;4834;31
Jet Airways;27;6;2019;13:25;19:00;28;6;29h 35m;2;12819;4835;31
Jet Airways;18;5;2019;19:10;19:00;19;5;23h 50m;2;16704;4836;31
Jet Airways;27;3;2019;19:10;04:25;28;3;9h 15m;2;8456;4837;31
Jet Airways;27;5;2019;23:05;19:00;28;5;19h 55m;2;15129;4838;31
Air India;3;3;2019;19:45;19:15;4;3;23h 30m;2;12856;4839;31
Air India;18;5;2019;19:45;19:15;19;5;23h 30m;2;10651;4840;31
Jet Airways;18;5;2019;23:05;04:25;20;5;29h 20m;2;15129;4841;31
Air India;3;3;2019;05:00;19:15;4;3;38h 15m;2;10283;4842;31
Air India;9;6;2019;05:00;07:40;10;6;26h 40m;2;10756;4843;31
Jet Airways;27;6;2019;23:05;19:00;28;6;19h 55m;2;12819;4844;31
Jet Airways;24;6;2019;23:05;04:25;26;6;29h 20m;2;12819;4845;31
Jet Airways;21;5;2019;13:25;12:35;22;5;23h 10m;2;15129;4846;31
Jet Airways;27;6;2019;13:25;12:35;28;6;23h 10m;2;11150;4847;31
Air India;12;6;2019;05:00;07:40;13;6;26h 40m;2;10231;4848;31
Air India;9;6;2019;19:45;19:15;10;6;23h 30m;2;10178;4849;31
Air India;9;5;2019;05:00;07:40;10;5;26h 40m;2;11281;4850;31
Jet Airways;21;3;2019;19:10;04:25;23;3;33h 15m;2;8834;4851;31
Jet Airways;27;5;2019;19:10;19:00;28;5;23h 50m;2;15129;4852;31
Air India;9;6;2019;05:00;19:15;10;6;38h 15m;2;9968;4853;31
Jet Airways;21;3;2019;19:10;18:50;22;3;23h 40m;2;6643;4854;31
Air India;27;5;2019;19:45;19:15;28;5;23h 30m;2;10441;4855;31
Air India;24;6;2019;19:45;19:15;25;6;23h 30m;2;9443;4856;31
Jet Airways;21;3;2019;19:10;04:25;23;3;33h 15m;2;10929;4857;31
Jet Airways;27;5;2019;19:10;19:00;28;5;23h 50m;2;15129;4858;31
Air India;6;3;2019;19:45;19:15;7;3;23h 30m;2;12646;4859;31
Air India;18;5;2019;16:40;19:15;19;5;26h 35m;2;9863;4860;31
Jet Airways;27;3;2019;19:10;19:45;28;3;24h 35m;2;8834;4861;31
Air India;18;5;2019;19:45;19:15;19;5;23h 30m;2;10651;4862;31
Jet Airways;21;5;2019;23:05;04:25;23;5;29h 20m;2;15129;4863;31
Jet Airways;9;4;2019;13:25;19:00;10;4;29h 35m;2;9483;4864;31
Jet Airways;21;5;2019;23:05;04:25;23;5;29h 20m;2;15129;4865;31
Air India;27;6;2019;19:45;19:15;28;6;23h 30m;2;9653;4866;31
Air India;27;6;2019;16:40;19:15;28;6;26h 35m;2;9653;4867;31
Jet Airways;9;5;2019;23:05;19:00;10;5;19h 55m;2;15129;4868;31
Jet Airways;18;5;2019;23:05;12:35;19;5;13h 30m;2;15129;4869;31
Air India;3;6;2019;19:45;19:15;4;6;23h 30m;2;10441;4870;31
Jet Airways;27;5;2019;23:05;04:25;29;5;29h 20m;2;15129;4871;31
Jet Airways;24;5;2019;19:10;19:00;25;5;23h 50m;2;15129;4872;31
Jet Airways;27;6;2019;23:05;04:25;29;6;29h 20m;2;15339;4873;31
Jet Airways;21;5;2019;19:10;19:00;22;5;23h 50m;2;15129;4874;31
Jet Airways;27;6;2019;19:10;12:35;28;6;17h 25m;2;11150;4875;31
Jet Airways;9;5;2019;19:10;19:00;10;5;23h 50m;2;15129;4876;31
Jet Airways;27;5;2019;23:05;04:25;29;5;29h 20m;2;16704;4877;31
Jet Airways;24;6;2019;19:10;19:00;25;6;23h 50m;2;12819;4878;31
Jet Airways;27;5;2019;23:05;04:25;29;5;29h 20m;2;15129;4879;31
Jet Airways;6;5;2019;19:10;19:00;7;5;23h 50m;2;15129;4880;31
Jet Airways;27;6;2019;13:25;19:00;28;6;29h 35m;2;15339;4881;31
Jet Airways;24;6;2019;13:25;12:35;25;6;23h 10m;2;12819;4882;31
Air India;18;5;2019;16:40;19:15;19;5;26h 35m;2;9863;4883;31
Jet Airways;18;5;2019;23:05;19:00;19;5;19h 55m;2;15129;4884;31
Jet Airways;21;3;2019;19:10;04:25;23;3;33h 15m;2;10929;4885;31
Jet Airways;27;6;2019;23:05;04:25;29;6;29h 20m;2;11150;4886;31
Jet Airways;9;5;2019;23:05;04:25;11;5;29h 20m;2;15129;4887;31
Air India;21;5;2019;05:00;07:40;22;5;26h 40m;2;11806;4888;31
Air India;27;3;2019;05:00;19:15;28;3;38h 15m;2;8026;4889;31
Jet Airways;21;5;2019;23:05;04:25;23;5;29h 20m;2;15129;4890;31
Air India;21;5;2019;05:00;19:15;22;5;38h 15m;2;9968;4891;31
Jet Airways;27;6;2019;23:05;12:35;28;6;13h 30m;2;11150;4892;31
Jet Airways;27;6;2019;23:05;12:35;28;6;13h 30m;2;12819;4893;31
Jet Airways;18;5;2019;13:25;19:00;19;5;29h 35m;2;15129;4894;31
Air India;6;3;2019;19:45;19:15;7;3;23h 30m;2;12646;4895;31
Air India;6;3;2019;16:40;19:15;7;3;26h 35m;2;12646;4896;31
Jet Airways;1;5;2019;19:10;19:00;2;5;23h 50m;2;15129;4897;31
Jet Airways;27;3;2019;19:10;04:25;29;3;33h 15m;2;10929;4898;31
Jet Airways;27;3;2019;19:10;19:45;28;3;24h 35m;2;10929;4899;31
Air India;9;5;2019;05:00;19:15;10;5;38h 15m;2;9653;4900;31
Jet Airways;24;6;2019;19:10;12:35;25;6;17h 25m;2;12819;4901;31
Jet Airways;27;5;2019;19:10;12:35;28;5;17h 25m;2;15129;4902;31
Jet Airways;27;6;2019;13:25;12:35;28;6;23h 10m;2;11150;4903;31
Jet Airways;15;6;2019;23:05;04:25;17;6;29h 20m;2;15339;4904;31
Air India;6;3;2019;16:40;19:15;7;3;26h 35m;2;12646;4905;31
Air India;27;3;2019;16:40;19:15;28;3;26h 35m;2;8656;4906;31
Jet Airways;27;3;2019;19:10;19:45;28;3;24h 35m;2;8882;4907;31
Jet Airways;6;3;2019;19:10;18:50;8;3;47h 40m;2;20694;4908;31
Air India;3;3;2019;19:45;19:15;4;3;23h 30m;2;12646;4909;31
Air India;1;6;2019;16:40;19:15;2;6;26h 35m;2;9863;4910;31
Air India;27;6;2019;16:40;19:15;28;6;26h 35m;2;9653;4911;31
Jet Airways;27;6;2019;23:05;12:35;28;6;13h 30m;2;12819;4912;31
Air India;15;5;2019;05:00;07:40;16;5;26h 40m;2;11281;4913;31
Air India;18;5;2019;05:00;07:40;19;5;26h 40m;2;11228;4914;31
Jet Airways;9;4;2019;23:05;19:00;10;4;19h 55m;2;9483;4915;31
Jet Airways;27;6;2019;23:05;19:00;28;6;19h 55m;2;11150;4916;31
Jet Airways;27;5;2019;13:25;04:25;28;5;15h;2;16704;4917;31
IndiGo;6;6;2019;10:30;16:05;6;6;5h 35m;1;6301;4918;32
Air India;9;5;2019;14:30;23:15;9;5;8h 45m;2;14214;4919;33
Air India;6;6;2019;14:30;12:30;7;6;22h;2;15894;4920;33
Air India;6;6;2019;14:30;08:55;7;6;18h 25m;2;15894;4921;33
Air India;21;5;2019;14:30;12:30;22;5;22h;2;15107;4922;33
Air India;21;5;2019;14:30;23:15;21;5;8h 45m;2;15107;4923;33
Air India;6;6;2019;14:30;08:55;7;6;18h 25m;2;15107;4924;33
Air India;6;6;2019;14:30;23:15;6;6;8h 45m;2;15894;4925;33
Air India;9;5;2019;14:30;12:30;10;5;22h;2;15107;4926;33
Air India;21;5;2019;14:30;08:55;22;5;18h 25m;2;15107;4927;33
Air India;9;5;2019;14:30;08:55;10;5;18h 25m;2;14214;4928;33
IndiGo;21;5;2019;06:35;12:10;21;5;5h 35m;2;6103;4929;34
IndiGo;18;5;2019;21:00;02:15;19;5;5h 15m;1;6534;4930;35
SpiceJet;24;5;2019;08:35;17:15;24;5;8h 40m;1;6643;4931;35
IndiGo;6;6;2019;21:00;02:15;7;6;5h 15m;1;6711;4932;35
SpiceJet;12;6;2019;08:35;17:15;12;6;8h 40m;1;7189;4933;35
SpiceJet;6;6;2019;08:35;17:15;6;6;8h 40m;1;6643;4934;35
SpiceJet;1;4;2019;08:35;17:15;1;4;8h 40m;1;6013;4935;35
IndiGo;9;5;2019;21:00;02:15;10;5;5h 15m;1;7605;4936;35
SpiceJet;15;5;2019;08:35;17:15;15;5;8h 40m;1;6381;4937;35
IndiGo;15;5;2019;21:00;02:15;16;5;5h 15m;1;7228;4938;35
IndiGo;1;4;2019;21:00;02:15;2;4;5h 15m;1;5930;4939;35
IndiGo;6;5;2019;21:00;02:15;7;5;5h 15m;1;7252;4940;35
IndiGo;9;6;2019;21:00;02:15;10;6;5h 15m;1;6911;4941;35
SpiceJet;9;5;2019;08:35;17:15;9;5;8h 40m;1;6171;4942;35
IndiGo;21;5;2019;21:00;02:15;22;5;5h 15m;1;7228;4943;35
SpiceJet;9;6;2019;08:35;17:15;9;6;8h 40m;1;6853;4944;35
IndiGo;12;5;2019;21:00;02:15;13;5;5h 15m;1;7228;4945;35
SpiceJet;21;5;2019;08:35;17:15;21;5;8h 40m;1;6381;4946;35
IndiGo;24;5;2019;21:00;02:15;25;5;5h 15m;1;6534;4947;35
IndiGo;12;6;2019;21:00;02:15;13;6;5h 15m;1;5930;4948;35
IndiGo;1;5;2019;09:20;14:15;1;5;4h 55m;1;8443;4949;36
IndiGo;1;4;2019;09:20;14:15;1;4;4h 55m;1;10308;4950;36
IndiGo;6;5;2019;09:20;14:15;6;5;4h 55m;1;11319;4951;36
IndiGo;12;6;2019;09:20;14:15;12;6;4h 55m;1;11160;4952;36
IndiGo;9;6;2019;09:20;14:15;9;6;4h 55m;1;11465;4953;36
IndiGo;24;5;2019;09:20;14:15;24;5;4h 55m;1;9376;4954;36
IndiGo;6;6;2019;09:20;14:15;6;6;4h 55m;1;11160;4955;36
IndiGo;9;5;2019;09:20;14:15;9;5;4h 55m;1;11465;4956;36
IndiGo;18;5;2019;09:20;14:15;18;5;4h 55m;1;12198;4957;36
IndiGo;15;5;2019;09:20;14:15;15;5;4h 55m;1;11319;4958;36
IndiGo;12;5;2019;18:05;23:30;12;5;5h 25m;1;6218;4959;37
IndiGo;1;5;2019;18:05;23:30;1;5;5h 25m;1;6218;4960;37
IndiGo;18;5;2019;18:05;23:30;18;5;5h 25m;1;6704;4961;37
IndiGo;9;5;2019;18:05;23:30;9;5;5h 25m;1;6218;4962;37
IndiGo;6;5;2019;18:05;23:30;6;5;5h 25m;1;6218;4963;37
IndiGo;24;5;2019;18:05;23:30;24;5;5h 25m;1;6218;4964;37
IndiGo;1;4;2019;18:05;23:30;1;4;5h 25m;1;6284;4965;37
IndiGo;12;6;2019;18:05;23:30;12;6;5h 25m;1;6218;4966;37
IndiGo;15;5;2019;18:05;23:30;15;5;5h 25m;1;6218;4967;37
SpiceJet;21;5;2019;15:05;20:20;21;5;5h 15m;1;4649;4968;38
Air India;12;5;2019;14:35;14:35;13;5;24h;1;6528;4969;38
SpiceJet;24;3;2019;15:05;20:45;24;3;5h 40m;1;6197;4970;38
IndiGo;18;5;2019;17:35;22:15;18;5;4h 40m;1;5699;4971;38
IndiGo;18;5;2019;08:10;13:00;18;5;4h 50m;1;5279;4972;38
IndiGo;18;5;2019;06:20;10:20;18;5;4h;1;4226;4973;38
SpiceJet;15;4;2019;15:05;20:20;15;4;5h 15m;1;4649;4974;38
IndiGo;9;5;2019;08:10;13:00;9;5;4h 50m;1;5069;4975;38
Air India;24;5;2019;14:35;14:35;25;5;24h;1;6528;4976;38
SpiceJet;6;6;2019;15:05;20:20;6;6;5h 15m;1;4649;4977;38
IndiGo;1;4;2019;08:10;13:00;1;4;4h 50m;1;5069;4978;38
SpiceJet;1;4;2019;15:05;20:20;1;4;5h 15m;1;4649;4979;38
IndiGo;9;6;2019;08:10;13:00;9;6;4h 50m;1;5069;4980;38
Air India;12;6;2019;14:35;14:35;13;6;24h;1;6528;4981;38
IndiGo;3;4;2019;06:15;10:30;3;4;4h 15m;1;4226;4982;38
Air India;9;5;2019;14:35;14:35;10;5;24h;1;6528;4983;38
IndiGo;21;5;2019;16:35;22:15;21;5;5h 40m;1;5268;4984;38
IndiGo;6;4;2019;06:15;10:30;6;4;4h 15m;1;4226;4985;38
SpiceJet;12;6;2019;15:05;20:20;12;6;5h 15m;1;4649;4986;38
IndiGo;6;5;2019;08:10;13:00;6;5;4h 50m;1;5069;4987;38
IndiGo;6;5;2019;17:35;22:15;6;5;4h 40m;1;5699;4988;38
Air India;9;4;2019;14:35;14:35;10;4;24h;1;5006;4989;38
IndiGo;6;6;2019;08:10;13:00;6;6;4h 50m;1;5069;4990;38
IndiGo;24;5;2019;08:10;13:00;24;5;4h 50m;1;5069;4991;38
IndiGo;1;5;2019;08:10;13:00;1;5;4h 50m;1;5069;4992;38
SpiceJet;24;5;2019;15:05;20:20;24;5;5h 15m;1;4649;4993;38
Air India;6;5;2019;14:35;15:20;7;5;24h 45m;1;6528;4994;38
IndiGo;24;4;2019;19:35;00:10;25;4;4h 35m;1;4860;4995;38
IndiGo;12;6;2019;08:10;13:00;12;6;4h 50m;1;5069;4996;38
IndiGo;21;5;2019;17:35;22:15;21;5;4h 40m;1;5386;4997;38
IndiGo;15;4;2019;06:20;10:30;15;4;4h 10m;1;4226;4998;38
Air India;1;4;2019;14:35;15:20;2;4;24h 45m;1;5006;4999;38
IndiGo;21;5;2019;06:20;10:20;21;5;4h;1;4226;5000;38
IndiGo;6;5;2019;06:20;10:20;6;5;4h;1;4226;5001;38
IndiGo;9;6;2019;06:20;10:20;9;6;4h;1;4226;5002;38
SpiceJet;12;5;2019;15:05;20:20;12;5;5h 15m;1;4649;5003;38
SpiceJet;9;4;2019;15:05;20:20;9;4;5h 15m;1;4649;5004;38
Air India;18;5;2019;14:35;14:35;19;5;24h;1;6528;5005;38
IndiGo;15;5;2019;08:10;13:00;15;5;4h 50m;1;5069;5006;38
IndiGo;24;3;2019;08:15;13:00;24;3;4h 45m;1;6303;5007;38
IndiGo;9;6;2019;17:35;22:15;9;6;4h 40m;1;5699;5008;38
IndiGo;1;5;2019;06:20;10:20;1;5;4h;1;4226;5009;38
Air India;9;6;2019;14:35;14:35;10;6;24h;1;6528;5010;38
Air India;1;5;2019;14:35;14:35;2;5;24h;1;7001;5011;38
IndiGo;24;5;2019;06:20;10:20;24;5;4h;1;4226;5012;38
SpiceJet;3;4;2019;15:05;20:20;3;4;5h 15m;1;4649;5013;38
IndiGo;1;4;2019;17:35;22:15;1;4;4h 40m;1;5699;5014;38
IndiGo;9;4;2019;19:35;00:10;10;4;4h 35m;1;4860;5015;38
Air India;15;5;2019;14:35;14:35;16;5;24h;1;6528;5016;38
IndiGo;12;5;2019;17:35;22:15;12;5;4h 40m;1;6669;5017;38
IndiGo;9;5;2019;17:35;22:15;9;5;4h 40m;1;5386;5018;38
IndiGo;24;3;2019;17:35;22:15;24;3;4h 40m;1;6933;5019;38
SpiceJet;18;5;2019;15:05;20:20;18;5;5h 15m;1;4963;5020;38
IndiGo;15;5;2019;17:35;22:15;15;5;4h 40m;1;5386;5021;38
IndiGo;6;6;2019;06:20;10:20;6;6;4h;1;4226;5022;38
IndiGo;12;6;2019;06:20;10:20;12;6;4h;1;4226;5023;38
SpiceJet;1;5;2019;15:05;20:20;1;5;5h 15m;1;4649;5024;38
Air India;21;5;2019;14:35;14:35;22;5;24h;1;6528;5025;38
Air India;24;3;2019;14:35;14:35;25;3;24h;1;6241;5026;38
IndiGo;15;5;2019;06:20;10:20;15;5;4h;1;4226;5027;38
SpiceJet;9;5;2019;15:05;20:20;9;5;5h 15m;1;4963;5028;38
IndiGo;9;5;2019;06:20;10:20;9;5;4h;1;4226;5029;38
IndiGo;9;4;2019;11:30;16:05;9;4;4h 35m;1;4966;5030;38
Air India;6;6;2019;14:35;14:35;7;6;24h;1;6528;5031;38
SpiceJet;24;4;2019;15:05;20:20;24;4;5h 15m;1;4859;5032;38
SpiceJet;9;6;2019;11:35;18:50;9;6;7h 15m;1;8479;5033;39
SpiceJet;6;6;2019;11:35;18:50;6;6;7h 15m;1;8479;5034;39
SpiceJet;12;6;2019;11:35;18:50;12;6;7h 15m;1;8479;5035;39
SpiceJet;6;5;2019;11:35;18:50;6;5;7h 15m;1;8479;5036;39
SpiceJet;18;5;2019;11:35;18:50;18;5;7h 15m;1;8479;5037;39
SpiceJet;12;5;2019;11:35;18:50;12;5;7h 15m;1;8479;5038;39
SpiceJet;24;5;2019;11:35;18:50;24;5;7h 15m;1;8479;5039;39
SpiceJet;9;5;2019;11:35;18:50;9;5;7h 15m;1;8479;5040;39
SpiceJet;24;3;2019;11:35;18:50;24;3;7h 15m;1;9923;5041;39
SpiceJet;1;5;2019;11:35;18:50;1;5;7h 15m;1;8479;5042;39
Air India;21;5;2019;08:20;23:15;21;5;14h 55m;2;13164;5043;40
Air India;18;5;2019;08:20;20:25;18;5;12h 5m;2;12534;5044;40
Air India;9;5;2019;08:20;20:25;9;5;12h 5m;2;11432;5045;40
Air India;21;5;2019;08:20;20:25;21;5;12h 5m;2;12324;5046;40
Air India;9;5;2019;08:20;23:15;9;5;14h 55m;2;11432;5047;40
Air India;6;6;2019;08:20;20:25;6;6;12h 5m;2;11432;5048;40
Air India;9;5;2019;08:20;07:55;10;5;23h 35m;2;10697;5049;41
Air India;18;5;2019;08:20;07:55;19;5;23h 35m;2;10697;5050;41
Air India;21;5;2019;08:20;21:50;21;5;13h 30m;2;10697;5051;41
Air India;6;6;2019;08:20;21:50;6;6;13h 30m;2;10697;5052;41
Air India;21;5;2019;08:20;07:55;22;5;23h 35m;2;11222;5053;41
Air India;6;6;2019;08:20;18:30;6;6;10h 10m;2;10697;5054;41
Air India;18;5;2019;08:20;18:30;18;5;10h 10m;2;10907;5055;41
Air India;9;5;2019;08:20;11:10;10;5;26h 50m;2;11222;5056;41
Air India;18;5;2019;08:20;21:50;18;5;13h 30m;2;10697;5057;41
Air India;6;6;2019;08:20;07:55;7;6;23h 35m;2;10697;5058;41
Air India;18;5;2019;08:20;11:10;19;5;26h 50m;2;11222;5059;41
Air India;21;5;2019;08:20;18:30;21;5;10h 10m;2;10697;5060;41
Air India;21;5;2019;08:20;11:10;22;5;26h 50m;2;11222;5061;41
Air India;24;3;2019;05:40;14:35;25;3;32h 55m;2;11522;5062;42
Air India;21;5;2019;05:50;20:25;21;5;14h 35m;2;12303;5063;43
Air India;1;5;2019;05:50;08:55;2;5;27h 5m;2;10991;5064;43
Air Asia;15;5;2019;15:10;23:30;15;5;8h 20m;2;5192;5065;43
Air India;9;6;2019;05:50;23:15;9;6;17h 25m;2;12723;5066;43
Air India;1;5;2019;05:50;20:25;1;5;14h 35m;2;10991;5067;43
Air Asia;9;6;2019;15:10;23:30;9;6;8h 20m;2;7870;5068;43
Air Asia;6;6;2019;15:10;23:30;6;6;8h 20m;2;6810;5069;43
Air India;12;6;2019;05:50;20:25;12;6;14h 35m;2;12723;5070;43
Air India;24;5;2019;05:50;23:15;24;5;17h 25m;2;12723;5071;43
Air India;15;5;2019;05:50;16:15;16;5;34h 25m;2;12723;5072;43
Air India;1;5;2019;05:50;23:15;1;5;17h 25m;2;10991;5073;43
Air India;1;5;2019;05:50;16:15;2;5;34h 25m;2;10991;5074;43
Air India;18;5;2019;05:50;12:30;19;5;30h 40m;2;12723;5075;43
Air India;6;5;2019;05:50;08:55;7;5;27h 5m;2;10991;5076;43
Air India;6;6;2019;05:50;12:30;7;6;30h 40m;2;12723;5077;43
Air India;15;5;2019;05:50;12:30;16;5;30h 40m;2;12723;5078;43
Air India;9;6;2019;05:50;08:55;10;6;27h 5m;2;12723;5079;43
Air India;6;5;2019;05:50;20:25;6;5;14h 35m;2;10991;5080;43
Air India;6;5;2019;05:50;12:00;7;5;30h 10m;2;11883;5081;43
Air India;18;5;2019;05:50;20:25;18;5;14h 35m;2;12093;5082;43
Air India;6;5;2019;05:50;23:15;6;5;17h 25m;2;11883;5083;43
Air Asia;21;5;2019;15:10;23:30;21;5;8h 20m;2;5192;5084;43
Air Asia;12;6;2019;15:10;23:30;12;6;8h 20m;2;5192;5085;43
Air India;12;5;2019;05:50;08:55;13;5;27h 5m;2;11411;5086;43
Air India;18;5;2019;05:50;08:55;19;5;27h 5m;2;12723;5087;43
Air Asia;24;3;2019;15:25;22:55;24;3;7h 30m;2;11245;5088;43
Air India;12;6;2019;05:50;23:15;12;6;17h 25m;2;12723;5089;43
Air India;12;5;2019;05:50;20:25;12;5;14h 35m;2;12513;5090;43
Air Asia;1;5;2019;15:10;23:30;1;5;8h 20m;2;5192;5091;43
Air India;6;6;2019;05:50;20:25;6;6;14h 35m;2;10991;5092;43
Air India;1;4;2019;05:50;23:15;1;4;17h 25m;2;11516;5093;43
Air India;9;6;2019;05:50;20:25;9;6;14h 35m;2;11201;5094;43
Air India;6;6;2019;05:50;23:15;6;6;17h 25m;2;12723;5095;43
Air Asia;24;5;2019;15:10;23:30;24;5;8h 20m;2;5192;5096;43
Air India;9;6;2019;05:50;12:30;10;6;30h 40m;2;12723;5097;43
Air India;24;5;2019;05:50;08:55;25;5;27h 5m;2;12723;5098;43
Air India;9;5;2019;05:50;20:25;9;5;14h 35m;2;10991;5099;43
Air India;15;5;2019;05:50;08:55;16;5;27h 5m;2;12723;5100;43
Air India;24;5;2019;05:50;20:25;24;5;14h 35m;2;11201;5101;43
Air India;12;6;2019;05:50;08:55;13;6;27h 5m;2;12723;5102;43
Air Asia;9;5;2019;15:10;23:30;9;5;8h 20m;2;5192;5103;43
Air India;24;5;2019;05:50;12:30;25;5;30h 40m;2;12723;5104;43
Air India;21;5;2019;05:50;23:15;21;5;17h 25m;2;13143;5105;43
Air India;6;6;2019;05:50;08:55;7;6;27h 5m;2;12723;5106;43
Air India;1;5;2019;05:50;12:30;2;5;30h 40m;2;12723;5107;43
Air India;12;5;2019;05:50;23:15;12;5;17h 25m;2;11411;5108;43
Air India;1;5;2019;05:50;13:15;1;5;7h 25m;2;7662;5109;44
Air India;24;5;2019;05:50;13:15;24;5;7h 25m;2;7662;5110;44
Air India;1;4;2019;05:50;13:15;1;4;7h 25m;2;5562;5111;44
Air India;12;6;2019;05:50;13:15;12;6;7h 25m;2;7662;5112;44
Air India;24;3;2019;05:50;13:40;24;3;7h 50m;2;8005;5113;44
Air India;6;5;2019;05:50;13:15;6;5;7h 25m;2;7662;5114;44
Air India;24;3;2019;13:55;23:15;25;3;33h 20m;2;15292;5115;45
SpiceJet;12;6;2019;15:55;21:25;12;6;5h 30m;1;8224;5116;46
SpiceJet;6;6;2019;11:15;18:30;6;6;7h 15m;1;10156;5117;46
SpiceJet;1;5;2019;15:55;21:25;1;5;5h 30m;1;8844;5118;46
SpiceJet;24;5;2019;11:15;18:30;24;5;7h 15m;1;9630;5119;46
SpiceJet;12;5;2019;15:55;21:25;12;5;5h 30m;1;8844;5120;46
SpiceJet;6;5;2019;11:15;18:30;6;5;7h 15m;1;9736;5121;46
SpiceJet;1;5;2019;11:15;18:30;1;5;7h 15m;1;8844;5122;46
SpiceJet;1;4;2019;15:55;21:25;1;4;5h 30m;1;7646;5123;46
SpiceJet;24;5;2019;15:55;21:25;24;5;5h 30m;1;7804;5124;46
SpiceJet;9;6;2019;11:15;18:30;9;6;7h 15m;1;9946;5125;46
SpiceJet;24;3;2019;11:15;18:15;24;3;7h;1;12287;5126;46
SpiceJet;12;5;2019;11:15;18:30;12;5;7h 15m;1;11468;5127;46
SpiceJet;18;5;2019;15:55;21:25;18;5;5h 30m;1;8224;5128;46
SpiceJet;6;6;2019;15:55;21:25;6;6;5h 30m;1;8224;5129;46
SpiceJet;24;3;2019;15:55;21:15;24;3;5h 20m;1;10654;5130;46
SpiceJet;18;5;2019;11:15;18:30;18;5;7h 15m;1;10944;5131;46
SpiceJet;15;5;2019;15:55;21:25;15;5;5h 30m;1;7804;5132;46
SpiceJet;9;6;2019;15:55;21:25;9;6;5h 30m;1;9158;5133;46
SpiceJet;15;5;2019;11:15;18:30;15;5;7h 15m;1;8844;5134;46
SpiceJet;9;5;2019;15:55;21:25;9;5;5h 30m;1;8224;5135;46
IndiGo;24;3;2019;14:30;20:10;24;3;5h 40m;1;9413;5136;47
Air India;15;5;2019;19:00;11:05;16;5;16h 5m;1;6117;5137;48
IndiGo;18;5;2019;19:20;23:45;18;5;4h 25m;1;3717;5138;48
Air India;9;5;2019;19:00;11:05;10;5;16h 5m;1;6117;5139;48
IndiGo;9;6;2019;19:20;23:45;9;6;4h 25m;1;4205;5140;48
IndiGo;6;5;2019;15:15;20:05;6;5;4h 50m;1;4775;5141;48
IndiGo;15;4;2019;15:15;20:30;15;4;5h 15m;1;4775;5142;48
IndiGo;24;5;2019;15:15;20:05;24;5;4h 50m;1;5192;5143;48
IndiGo;24;3;2019;04:15;09:50;24;3;5h 35m;1;4150;5144;48
IndiGo;24;5;2019;19:20;23:45;24;5;4h 25m;1;3809;5145;48
Air India;6;5;2019;19:00;04:40;7;5;9h 40m;1;6117;5146;48
IndiGo;12;5;2019;15:15;20:05;12;5;4h 50m;1;5170;5147;48
GoAir;24;3;2019;06:35;14:25;24;3;7h 50m;1;4773;5148;48
IndiGo;24;3;2019;15:10;20:15;24;3;5h 5m;1;6762;5149;48
IndiGo;6;4;2019;19:20;23:45;6;4;4h 25m;1;3480;5150;48
IndiGo;15;5;2019;15:15;20:05;15;5;4h 50m;1;5380;5151;48
IndiGo;6;6;2019;15:15;20:30;6;6;5h 15m;1;5170;5152;48
Air India;18;5;2019;19:00;11:05;19;5;16h 5m;1;6327;5153;48
IndiGo;18;5;2019;15:15;20:05;18;5;4h 50m;1;4775;5154;48
Air India;6;5;2019;19:00;09:50;7;5;14h 50m;1;6117;5155;48
Air India;15;5;2019;19:00;04:40;16;5;9h 40m;1;6117;5156;48
IndiGo;24;3;2019;15:10;19:50;24;3;4h 40m;1;7476;5157;48
IndiGo;1;5;2019;15:15;20:05;1;5;4h 50m;1;4775;5158;48
IndiGo;3;4;2019;19:20;23:45;3;4;4h 25m;1;3480;5159;48
Air India;1;4;2019;19:00;09:50;2;4;14h 50m;1;4227;5160;48
IndiGo;12;5;2019;04:50;09:50;12;5;5h;1;4176;5161;48
IndiGo;1;5;2019;19:20;23:45;1;5;4h 25m;1;3809;5162;48
IndiGo;12;5;2019;19:20;23:45;12;5;4h 25m;1;4205;5163;48
Air India;6;4;2019;19:00;11:05;7;4;16h 5m;1;4437;5164;48
IndiGo;15;4;2019;19:20;23:45;15;4;4h 25m;1;3809;5165;48
IndiGo;24;4;2019;15:15;20:05;24;4;4h 50m;1;4565;5166;48
IndiGo;24;4;2019;19:20;23:45;24;4;4h 25m;1;3480;5167;48
IndiGo;21;5;2019;15:15;20:05;21;5;4h 50m;1;5170;5168;48
Air India;3;4;2019;19:00;11:05;4;4;16h 5m;1;4227;5169;48
IndiGo;12;6;2019;19:20;23:45;12;6;4h 25m;1;3574;5170;48
Air India;21;5;2019;19:00;11:05;22;5;16h 5m;1;6117;5171;48
Air India;12;5;2019;19:00;11:05;13;5;16h 5m;1;6327;5172;48
IndiGo;6;4;2019;15:15;20:30;6;4;5h 15m;1;4268;5173;48
IndiGo;9;6;2019;15:15;20:30;9;6;5h 15m;1;5380;5174;48
Air India;1;5;2019;19:00;11:05;2;5;16h 5m;1;6117;5175;48
Air India;9;6;2019;19:00;11:05;10;6;16h 5m;1;6327;5176;48
IndiGo;9;4;2019;15:15;20:05;9;4;4h 50m;1;4268;5177;48
Air India;1;4;2019;19:00;04:40;2;4;9h 40m;1;4227;5178;48
IndiGo;9;4;2019;19:20;23:45;9;4;4h 25m;1;3574;5179;48
Air India;1;5;2019;19:00;04:40;2;5;9h 40m;1;6117;5180;48
IndiGo;9;5;2019;15:15;20:30;9;5;5h 15m;1;4565;5181;48
Air India;24;5;2019;19:00;04:40;25;5;9h 40m;1;6327;5182;48
IndiGo;15;4;2019;15:15;20:05;15;4;4h 50m;1;4775;5183;48
IndiGo;6;5;2019;19:20;23:45;6;5;4h 25m;1;3809;5184;48
Air India;24;3;2019;19:00;11:05;25;3;16h 5m;1;5567;5185;48
Air India;6;6;2019;19:00;11:05;7;6;16h 5m;1;6117;5186;48
Air India;9;4;2019;19:00;11:05;10;4;16h 5m;1;4647;5187;48
GoAir;9;6;2019;06:40;14:35;9;6;7h 55m;1;3673;5188;48
IndiGo;21;5;2019;19:20;23:45;21;5;4h 25m;1;3574;5189;48
Air India;21;5;2019;09:50;23:15;21;5;13h 25m;3;14960;5190;49
Air India;1;4;2019;16:45;23:15;2;4;30h 30m;3;8607;5191;49
Air India;24;3;2019;05:55;23:15;24;3;17h 20m;3;15145;5192;49
Air India;12;5;2019;09:50;23:15;12;5;13h 25m;3;14015;5193;49
Air India;9;6;2019;09:50;23:15;9;6;13h 25m;3;14960;5194;49
Air India;1;5;2019;09:50;23:15;1;5;13h 25m;2;13227;5195;50
Air India;24;3;2019;16:45;23:15;25;3;30h 30m;2;12835;5196;50
Air India;15;5;2019;16:45;12:30;16;5;19h 45m;2;14960;5197;50
Air India;6;5;2019;16:45;08:55;7;5;16h 10m;2;13227;5198;50
Air India;12;6;2019;09:50;23:15;12;6;13h 25m;2;14960;5199;50
Air India;1;5;2019;16:45;12:30;2;5;19h 45m;2;14960;5200;50
Air India;21;5;2019;09:50;08:55;22;5;23h 5m;2;14960;5201;50
Air India;12;6;2019;16:45;12:30;13;6;19h 45m;2;14960;5202;50
Air India;6;6;2019;09:50;23:15;6;6;13h 25m;2;14960;5203;50
Air India;24;3;2019;09:50;23:15;25;3;37h 25m;2;14410;5204;50
Air India;6;5;2019;16:45;12:00;7;5;19h 15m;2;14120;5205;50
Air India;1;4;2019;16:45;20:25;2;4;27h 40m;2;9920;5206;50
Air India;12;6;2019;16:45;08:55;13;6;16h 10m;2;14960;5207;50
Air India;1;5;2019;09:50;08:55;2;5;23h 5m;2;13227;5208;50
Air India;6;6;2019;16:45;08:55;7;6;16h 10m;2;14960;5209;50
Air India;9;5;2019;16:45;08:55;10;5;16h 10m;2;13227;5210;50
Air India;12;6;2019;09:50;08:55;13;6;23h 5m;2;14960;5211;50
Air India;1;4;2019;09:50;23:15;1;4;13h 25m;2;12125;5212;50
Air India;12;5;2019;16:45;16:15;13;5;23h 30m;2;13437;5213;50
Air India;9;6;2019;09:50;12:30;10;6;26h 40m;2;14960;5214;50
Air India;12;5;2019;16:45;12:30;13;5;19h 45m;2;14330;5215;50
Air India;6;5;2019;09:50;08:55;7;5;23h 5m;2;13227;5216;50
Air India;15;5;2019;09:50;08:55;16;5;23h 5m;2;14960;5217;50
Air India;12;5;2019;16:45;08:55;13;5;16h 10m;2;13437;5218;50
Air India;6;5;2019;09:50;23:15;6;5;13h 25m;2;14120;5219;50
Air India;24;5;2019;09:50;23:15;24;5;13h 25m;2;15170;5220;50
Air India;24;3;2019;16:45;23:15;25;3;30h 30m;2;13885;5221;50
Air India;15;5;2019;09:50;23:15;15;5;13h 25m;2;14960;5222;50
Air India;21;5;2019;16:45;08:55;22;5;16h 10m;2;14960;5223;50
Air India;24;3;2019;05:55;23:15;25;3;41h 20m;2;13990;5224;50
Air India;1;4;2019;16:45;12:00;2;4;19h 15m;2;9920;5225;50
Air India;1;4;2019;16:45;23:15;2;4;30h 30m;2;9237;5226;50
Air India;1;4;2019;16:45;08:55;2;4;16h 10m;2;9920;5227;50
Air India;18;5;2019;09:50;23:15;18;5;13h 25m;2;15957;5228;50
Air India;24;5;2019;09:50;08:55;25;5;23h 5m;2;15170;5229;50
Air India;18;5;2019;16:45;12:30;19;5;19h 45m;2;15170;5230;50
Air India;24;5;2019;09:50;12:30;25;5;26h 40m;2;15170;5231;50
Air India;1;5;2019;09:50;08:55;2;5;23h 5m;2;13227;5232;50
Air India;15;5;2019;16:45;08:55;16;5;16h 10m;2;14960;5233;50
Jet Airways;21;5;2019;10:20;17:35;21;5;7h 15m;1;5608;5234;51
Jet Airways;6;5;2019;10:20;17:35;6;5;7h 15m;1;7064;5235;51
Jet Airways;12;5;2019;10:20;17:35;12;5;7h 15m;1;7064;5236;51
Jet Airways;24;5;2019;10:20;17:35;24;5;7h 15m;1;6287;5237;51
Jet Airways;1;5;2019;10:20;17:35;1;5;7h 15m;1;5608;5238;51
Air India;1;5;2019;16:45;21:05;2;5;28h 20m;1;7452;5239;51
Air India;15;5;2019;16:45;21:05;16;5;28h 20m;1;7452;5240;51
Air India;24;3;2019;09:50;21:05;24;3;11h 15m;1;7795;5241;51
IndiGo;1;4;2019;15:10;20:30;1;4;5h 20m;1;8567;5242;51
Jet Airways;6;6;2019;10:20;17:35;6;6;7h 15m;1;11316;5243;51
Jet Airways;21;5;2019;10:20;17:35;21;5;7h 15m;1;8355;5244;51
Air India;6;6;2019;16:45;21:05;7;6;28h 20m;1;7662;5245;51
Jet Airways;6;6;2019;10:20;17:35;6;6;7h 15m;1;9689;5246;51
Jet Airways;18;5;2019;11:50;17:35;18;5;5h 45m;1;8781;5247;51
Jet Airways;9;5;2019;10:20;17:35;9;5;7h 15m;1;5608;5248;51
Jet Airways;12;5;2019;10:20;17:35;12;5;7h 15m;1;9358;5249;51
Jet Airways;12;6;2019;10:20;17:35;12;6;7h 15m;1;8355;5250;51
Air India;1;4;2019;09:50;21:05;1;4;11h 15m;1;8030;5251;51
Jet Airways;1;5;2019;10:20;17:35;1;5;7h 15m;1;8355;5252;51
Air India;6;6;2019;09:50;21:05;6;6;11h 15m;1;7452;5253;51
Jet Airways;6;5;2019;10:20;17:35;6;5;7h 15m;1;9358;5254;51
Jet Airways;9;6;2019;10:20;17:35;9;6;7h 15m;1;5608;5255;51
Air India;24;5;2019;09:50;21:05;24;5;11h 15m;1;7662;5256;51
Air India;12;5;2019;09:50;21:05;12;5;11h 15m;1;8450;5257;51
Jet Airways;24;5;2019;10:20;17:35;24;5;7h 15m;1;8781;5258;51
Air India;9;6;2019;16:45;21:05;10;6;28h 20m;1;7662;5259;51
Air India;9;6;2019;09:50;21:05;9;6;11h 15m;1;7662;5260;51
IndiGo;24;5;2019;15:10;20:30;24;5;5h 20m;1;6991;5261;51
Jet Airways;9;6;2019;10:20;17:35;9;6;7h 15m;1;8355;5262;51
Air India;6;5;2019;09:50;21:05;6;5;11h 15m;1;7452;5263;51
IndiGo;9;6;2019;15:10;20:30;9;6;5h 20m;1;7095;5264;51
Air India;12;5;2019;16:45;21:05;13;5;28h 20m;1;7662;5265;51
Jet Airways;15;5;2019;10:20;17:35;15;5;7h 15m;1;5608;5266;51
Air India;9;5;2019;09:50;21:05;9;5;11h 15m;1;7452;5267;51
Jet Airways;15;5;2019;10:20;17:35;15;5;7h 15m;1;8355;5268;51
Jet Airways;12;6;2019;10:20;17:35;12;6;7h 15m;1;5608;5269;51
Jet Airways;1;4;2019;10:20;17:35;1;4;7h 15m;1;6077;5270;51
Air India;24;3;2019;16:45;21:05;25;3;28h 20m;1;6535;5271;51
Jet Airways;9;5;2019;10:20;17:35;9;5;7h 15m;1;8355;5272;51
Air India;9;5;2019;16:45;21:05;10;5;28h 20m;1;7662;5273;51
Air India;18;5;2019;16:45;21:05;19;5;28h 20m;1;7872;5274;51
Air India;24;3;2019;07:00;10:00;25;3;27h;2;11491;5275;52
Air India;6;5;2019;10:00;10:00;7;5;24h;2;14298;5276;52
Air India;6;5;2019;07:00;10:00;7;5;27h;2;14508;5277;52
Air India;1;4;2019;07:00;10:00;2;4;27h;2;9836;5278;52
Air India;24;5;2019;10:00;10:30;25;5;24h 30m;3;13007;5279;53
Air India;6;5;2019;10:00;10:30;7;5;24h 30m;3;12797;5280;53
Air India;6;5;2019;07:00;10:30;7;5;27h 30m;3;13007;5281;53
Air India;1;4;2019;10:00;10:30;2;4;24h 30m;3;12954;5282;53
Air India;6;5;2019;10:00;01:20;7;5;15h 20m;2;13873;5283;54
Air India;1;4;2019;10:00;01:20;2;4;15h 20m;2;10408;5284;54
Air India;12;6;2019;10:00;13:45;13;6;27h 45m;2;12224;5285;54
Air India;12;6;2019;17:30;13:45;13;6;20h 15m;2;12224;5286;54
Air India;24;5;2019;07:00;01:20;25;5;18h 20m;2;13873;5287;54
Air India;15;5;2019;10:00;13:45;16;5;27h 45m;2;16057;5288;54
Air India;9;5;2019;10:00;01:20;10;5;15h 20m;2;13033;5289;54
Air India;21;5;2019;10:00;01:20;22;5;15h 20m;2;13033;5290;54
Air India;18;5;2019;07:00;01:20;19;5;18h 20m;2;13243;5291;54
Air India;12;6;2019;20:30;13:45;13;6;17h 15m;2;12224;5292;54
Air India;9;5;2019;07:00;01:20;10;5;18h 20m;2;13033;5293;54
Air India;21;5;2019;10:00;01:20;22;5;15h 20m;2;13033;5294;54
Air India;24;3;2019;07:00;13:45;25;3;30h 45m;2;12829;5295;54
Air India;15;5;2019;20:30;13:45;16;5;17h 15m;2;16057;5296;54
Air India;1;5;2019;10:00;13:45;2;5;27h 45m;2;15164;5297;54
Air India;6;5;2019;07:00;01:20;7;5;18h 20m;2;14083;5298;54
Air India;24;5;2019;07:00;01:20;25;5;18h 20m;2;14083;5299;54
Air India;12;5;2019;07:00;01:20;13;5;18h 20m;2;13243;5300;54
Air India;15;5;2019;10:00;13:45;16;5;27h 45m;2;16057;5301;54
Air India;1;5;2019;10:00;13:45;2;5;27h 45m;2;15164;5302;54
Air India;12;5;2019;07:00;01:20;13;5;18h 20m;2;12140;5303;54
Air India;9;6;2019;07:00;01:20;10;6;18h 20m;2;13033;5304;54
Air India;6;6;2019;10:00;01:20;7;6;15h 20m;2;13033;5305;54
Air India;24;5;2019;10:00;01:20;25;5;15h 20m;2;14083;5306;54
Air India;1;5;2019;17:30;13:45;2;5;20h 15m;2;15164;5307;54
Air India;1;5;2019;10:00;13:45;2;5;27h 45m;2;15164;5308;54
Air India;1;5;2019;20:30;13:45;2;5;17h 15m;2;15164;5309;54
Air India;24;3;2019;07:00;01:20;25;3;18h 20m;2;13428;5310;54
Air India;12;5;2019;10:00;01:20;13;5;15h 20m;2;12140;5311;54
Air India;24;5;2019;10:00;01:20;25;5;15h 20m;2;13873;5312;54
Air India;6;6;2019;10:00;01:20;7;6;15h 20m;2;13033;5313;54
Air India;12;5;2019;10:00;01:20;13;5;15h 20m;2;13243;5314;54
Air India;18;5;2019;10:00;01:20;19;5;15h 20m;2;13243;5315;54
Air India;9;5;2019;10:00;01:20;10;5;15h 20m;2;13033;5316;54
Air India;1;4;2019;10:00;01:20;2;4;15h 20m;2;10408;5317;54
Air India;18;5;2019;07:00;01:20;19;5;18h 20m;2;13873;5318;54
Jet Airways;1;5;2019;09:35;10:55;2;5;25h 20m;1;12121;5319;55
Jet Airways;24;5;2019;20:25;14:25;25;5;18h;1;10703;5320;55
Vistara;12;5;2019;20:20;09:05;13;5;12h 45m;1;9397;5321;55
Jet Airways;1;5;2019;09:35;14:25;2;5;28h 50m;1;9314;5322;55
Jet Airways;9;6;2019;09:35;21:05;9;6;11h 30m;1;14676;5323;55
Vistara;21;5;2019;17:00;18:50;22;5;25h 50m;1;9345;5324;55
Jet Airways;6;6;2019;09:35;09:45;7;6;24h 10m;1;10539;5325;55
Vistara;9;6;2019;07:10;18:50;9;6;11h 40m;1;9555;5326;55
Air Asia;6;5;2019;07:35;23:30;6;5;15h 55m;1;5192;5327;55
Jet Airways;9;5;2019;09:35;10:55;10;5;25h 20m;1;10953;5328;55
Air Asia;24;5;2019;07:35;19:25;24;5;11h 50m;1;5192;5329;55
Vistara;1;5;2019;07:10;22:40;1;5;15h 30m;1;8452;5330;55
Vistara;24;3;2019;20:20;22:10;25;3;25h 50m;1;11105;5331;55
Vistara;6;5;2019;20:20;22:40;7;5;26h 20m;1;8452;5332;55
Vistara;15;5;2019;20:20;20:20;16;5;24h;1;8610;5333;55
Vistara;21;5;2019;20:20;18:50;22;5;22h 30m;1;9345;5334;55
Jet Airways;6;5;2019;09:35;19:10;6;5;9h 35m;1;12384;5335;55
Vistara;24;3;2019;09:55;18:45;24;3;8h 50m;1;16092;5336;55
Air India;21;5;2019;07:00;20:25;21;5;13h 25m;1;11096;5337;55
Vistara;1;4;2019;17:00;18:50;2;4;25h 50m;1;8610;5338;55
Jet Airways;6;5;2019;09:35;21:05;6;5;11h 30m;1;10703;5339;55
Jet Airways;15;5;2019;17:00;23:35;15;5;6h 35m;1;14151;5340;55
Jet Airways;12;6;2019;09:35;19:10;12;6;9h 35m;1;10539;5341;55
Jet Airways;18;5;2019;17:00;19:10;19;5;26h 10m;1;14151;5342;55
Jet Airways;6;6;2019;20:25;14:25;7;6;18h;1;12692;5343;55
Jet Airways;6;5;2019;09:35;22:05;6;5;12h 30m;1;10703;5344;55
Air Asia;6;6;2019;22:40;10:40;7;6;12h;1;6810;5345;55
Vistara;18;5;2019;17:00;10:45;19;5;17h 45m;1;9187;5346;55
Jet Airways;15;5;2019;20:25;09:45;16;5;13h 20m;1;13067;5347;55
Vistara;24;3;2019;20:20;22:55;25;3;26h 35m;1;11682;5348;55
Jet Airways;12;5;2019;17:00;14:25;13;5;21h 25m;1;13067;5349;55
Vistara;24;3;2019;20:20;09:10;25;3;12h 50m;1;12312;5350;55
Vistara;6;6;2019;20:20;23:25;7;6;27h 5m;1;9345;5351;55
Vistara;9;5;2019;07:10;23:25;9;5;16h 15m;1;8085;5352;55
Vistara;24;3;2019;07:10;20:25;24;3;13h 15m;1;13152;5353;55
Vistara;12;6;2019;20:20;09:05;13;6;12h 45m;1;7927;5354;55
Jet Airways;21;5;2019;17:00;09:45;22;5;16h 45m;1;13067;5355;55
Vistara;21;5;2019;20:20;22:40;22;5;26h 20m;1;8452;5356;55
Jet Airways;12;6;2019;09:35;22:05;12;6;12h 30m;1;12692;5357;55
Jet Airways;1;4;2019;09:35;19:10;1;4;9h 35m;1;11467;5358;55
Jet Airways;6;6;2019;09:35;09:45;7;6;24h 10m;1;12692;5359;55
Vistara;24;3;2019;17:00;10:50;25;3;17h 50m;1;12890;5360;55
Jet Airways;12;5;2019;17:00;21:05;13;5;28h 5m;1;12121;5361;55
Vistara;6;6;2019;17:00;10:45;7;6;17h 45m;1;9187;5362;55
Jet Airways;15;5;2019;20:25;18:00;16;5;21h 35m;1;14151;5363;55
Vistara;12;5;2019;17:00;18:50;13;5;25h 50m;1;9135;5364;55
Vistara;24;5;2019;07:10;18:50;24;5;11h 40m;1;9555;5365;55
Jet Airways;6;5;2019;20:25;09:45;7;5;13h 20m;1;8066;5366;55
Vistara;24;5;2019;20:20;10:45;25;5;14h 25m;1;9187;5367;55
Jet Airways;6;5;2019;17:00;09:45;7;5;16h 45m;1;8066;5368;55
Vistara;21;5;2019;07:10;09:05;22;5;25h 55m;1;8452;5369;55
Jet Airways;24;5;2019;09:35;22:05;24;5;12h 30m;1;14151;5370;55
Jet Airways;21;5;2019;20:25;09:45;22;5;13h 20m;1;13067;5371;55
Jet Airways;18;5;2019;09:35;09:45;19;5;24h 10m;1;14151;5372;55
Air India;1;5;2019;10:00;23:15;1;5;13h 15m;1;10203;5373;55
Jet Airways;1;5;2019;09:35;09:45;2;5;24h 10m;1;11467;5374;55
Air India;9;5;2019;07:00;20:25;9;5;13h 25m;1;10203;5375;55
Vistara;6;5;2019;07:10;22:40;6;5;15h 30m;1;8452;5376;55
Jet Airways;18;5;2019;09:35;10:55;19;5;25h 20m;1;14151;5377;55
Air Asia;18;5;2019;07:35;19:25;18;5;11h 50m;1;5192;5378;55
Vistara;6;5;2019;07:10;23:25;6;5;16h 15m;1;8085;5379;55
Vistara;15;5;2019;20:20;10:45;16;5;14h 25m;1;8452;5380;55
Vistara;1;4;2019;17:00;22:55;1;4;5h 55m;1;8977;5381;55
Air India;6;6;2019;17:30;20:25;7;6;26h 55m;1;10413;5382;55
Air Asia;21;5;2019;07:35;23:30;21;5;15h 55m;1;5192;5383;55
Jet Airways;24;5;2019;20:25;18:00;25;5;21h 35m;1;14151;5384;55
Jet Airways;12;5;2019;09:35;22:05;12;5;12h 30m;1;14151;5385;55
Jet Airways;12;6;2019;20:25;10:55;13;6;14h 30m;1;12692;5386;55
Vistara;24;5;2019;07:10;09:05;25;5;25h 55m;1;9502;5387;55
Jet Airways;6;5;2019;09:35;10:55;7;5;25h 20m;1;13067;5388;55
Air Asia;1;4;2019;22:40;10:40;2;4;12h;1;5192;5389;55
Jet Airways;24;5;2019;09:35;18:00;24;5;8h 25m;1;14151;5390;55
Jet Airways;9;5;2019;17:00;23:35;9;5;6h 35m;1;7341;5391;55
Jet Airways;6;6;2019;20:25;09:45;7;6;13h 20m;1;12692;5392;55
Vistara;6;5;2019;07:10;18:50;6;5;11h 40m;1;8610;5393;55
Jet Airways;1;5;2019;17:00;23:35;1;5;6h 35m;1;13067;5394;55
Vistara;18;5;2019;20:20;23:25;19;5;27h 5m;1;9345;5395;55
Jet Airways;6;5;2019;17:00;15:05;7;5;22h 5m;1;13067;5396;55
Jet Airways;6;6;2019;20:25;19:10;7;6;22h 45m;1;14151;5397;55
Jet Airways;18;5;2019;20:25;09:45;19;5;13h 20m;1;14151;5398;55
Jet Airways;12;5;2019;09:35;21:05;12;5;11h 30m;1;14151;5399;55
Jet Airways;21;5;2019;17:00;21:05;22;5;28h 5m;1;14151;5400;55
Jet Airways;15;5;2019;17:00;09:45;16;5;16h 45m;1;13067;5401;55
Jet Airways;1;5;2019;09:35;14:25;2;5;28h 50m;1;11467;5402;55
Jet Airways;9;5;2019;09:35;21:05;9;5;11h 30m;1;12384;5403;55
Jet Airways;24;5;2019;09:35;23:35;24;5;14h;1;14151;5404;55
Vistara;9;6;2019;07:10;09:05;10;6;25h 55m;1;9397;5405;55
Jet Airways;21;5;2019;09:35;14:25;22;5;28h 50m;1;9314;5406;55
Jet Airways;9;6;2019;17:00;19:10;10;6;26h 10m;1;12692;5407;55
Vistara;9;5;2019;07:10;22:40;9;5;15h 30m;1;7927;5408;55
Jet Airways;12;5;2019;20:25;18:00;13;5;21h 35m;1;14151;5409;55
Jet Airways;18;5;2019;09:35;22:05;18;5;12h 30m;1;12384;5410;55
Jet Airways;1;4;2019;09:35;19:10;1;4;9h 35m;1;9314;5411;55
Jet Airways;6;5;2019;17:00;18:00;7;5;25h;1;9314;5412;55
Vistara;6;6;2019;07:10;09:05;7;6;25h 55m;1;8452;5413;55
Jet Airways;9;6;2019;17:00;23:35;9;6;6h 35m;1;13994;5414;55
Jet Airways;15;5;2019;09:35;14:25;16;5;28h 50m;1;9314;5415;55
Jet Airways;9;5;2019;09:35;23:35;9;5;14h;1;12121;5416;55
Jet Airways;9;6;2019;09:35;22:05;9;6;12h 30m;1;13994;5417;55
Jet Airways;6;5;2019;09:35;18:00;6;5;8h 25m;1;12384;5418;55
Jet Airways;6;5;2019;09:35;09:45;7;5;24h 10m;1;10953;5419;55
Air India;12;6;2019;20:30;20:25;13;6;23h 55m;1;10203;5420;55
Jet Airways;12;5;2019;09:35;23:35;12;5;14h;1;14151;5421;55
Jet Airways;24;5;2019;09:35;14:25;25;5;28h 50m;1;12121;5422;55
Jet Airways;6;5;2019;09:35;09:45;7;5;24h 10m;1;8066;5423;55
Air India;24;3;2019;20:30;08:55;25;3;12h 25m;1;12173;5424;55
Jet Airways;9;6;2019;17:00;10:55;10;6;17h 55m;1;14151;5425;55
Jet Airways;12;6;2019;09:35;18:00;12;6;8h 25m;1;12692;5426;55
Jet Airways;9;5;2019;17:00;09:45;10;5;16h 45m;1;12121;5427;55
Vistara;18;5;2019;07:10;22:40;18;5;15h 30m;1;9187;5428;55
Air India;21;5;2019;10:00;20:25;21;5;10h 25m;1;11096;5429;55
Jet Airways;9;6;2019;20:25;09:45;10;6;13h 20m;1;14151;5430;55
Vistara;1;5;2019;07:10;10:45;2;5;27h 35m;1;9187;5431;55
Air India;9;6;2019;10:00;20:25;9;6;10h 25m;1;10413;5432;55
Jet Airways;24;5;2019;17:00;19:10;25;5;26h 10m;1;13067;5433;55
Jet Airways;24;5;2019;20:25;23:35;25;5;27h 10m;1;14151;5434;55
Jet Airways;9;6;2019;20:25;21:05;10;6;24h 40m;1;12692;5435;55
Vistara;12;6;2019;07:10;20:20;12;6;13h 10m;1;8610;5436;55
Air Asia;9;5;2019;22:40;10:40;10;5;12h;1;5192;5437;55
Jet Airways;6;6;2019;20:25;10:55;7;6;14h 30m;1;10539;5438;55
Jet Airways;21;5;2019;09:35;19:10;21;5;9h 35m;1;12384;5439;55
Vistara;9;6;2019;17:00;20:20;10;6;27h 20m;1;8610;5440;55
Jet Airways;21;5;2019;17:00;18:00;22;5;25h;1;14151;5441;55
Vistara;9;5;2019;17:00;20:20;10;5;27h 20m;1;9555;5442;55
Air India;6;6;2019;10:00;20:25;6;6;10h 25m;1;10203;5443;55
Vistara;12;6;2019;20:20;18:50;13;6;22h 30m;1;8610;5444;55
Vistara;1;5;2019;20:20;23:25;2;5;27h 5m;1;8085;5445;55
Jet Airways;6;5;2019;09:35;19:10;6;5;9h 35m;1;13067;5446;55
Jet Airways;18;5;2019;09:35;19:10;18;5;9h 35m;1;12384;5447;55
Vistara;12;6;2019;20:20;22:40;13;6;26h 20m;1;7927;5448;55
Jet Airways;6;5;2019;17:00;19:10;7;5;26h 10m;1;13067;5449;55
Jet Airways;6;5;2019;17:00;22:05;7;5;29h 5m;1;11467;5450;55
Vistara;1;4;2019;07:10;22:55;1;4;15h 45m;1;8295;5451;55
Jet Airways;6;6;2019;20:25;14:25;7;6;18h;1;10539;5452;55
Air India;21;5;2019;10:00;23:15;21;5;13h 15m;1;11936;5453;55
Vistara;6;6;2019;17:00;20:20;7;6;27h 20m;1;8820;5454;55
Air Asia;1;5;2019;07:35;23:30;1;5;15h 55m;1;5192;5455;55
Vistara;6;5;2019;17:00;09:05;7;5;16h 5m;1;8137;5456;55
Jet Airways;21;5;2019;20:25;22:05;22;5;25h 40m;1;13067;5457;55
Jet Airways;9;6;2019;09:35;18:00;9;6;8h 25m;1;13994;5458;55
Jet Airways;9;5;2019;20:25;23:35;10;5;27h 10m;1;13067;5459;55
Jet Airways;1;4;2019;09:35;10:55;2;4;25h 20m;1;11467;5460;55
Jet Airways;24;5;2019;09:35;21:05;24;5;11h 30m;1;14151;5461;55
Jet Airways;12;6;2019;09:35;21:05;12;6;11h 30m;1;12692;5462;55
Vistara;9;5;2019;07:10;18:50;9;5;11h 40m;1;8610;5463;55
Vistara;15;5;2019;20:20;09:05;16;5;12h 45m;1;8452;5464;55
Jet Airways;12;5;2019;20:25;14:25;13;5;18h;1;13067;5465;55
Jet Airways;15;5;2019;20:25;09:45;16;5;13h 20m;1;12384;5466;55
Air Asia;15;5;2019;22:40;10:40;16;5;12h;1;5192;5467;55
Jet Airways;1;5;2019;17:00;18:00;2;5;25h;1;11467;5468;55
Jet Airways;1;4;2019;09:35;18:00;1;4;8h 25m;1;9314;5469;55
Vistara;9;5;2019;17:00;18:50;10;5;25h 50m;1;8820;5470;55
Vistara;9;6;2019;20:20;23:25;10;6;27h 5m;1;8085;5471;55
Jet Airways;9;6;2019;20:25;21:05;10;6;24h 40m;1;10539;5472;55
Jet Airways;9;6;2019;09:35;22:05;9;6;12h 30m;1;14676;5473;55
Air India;1;4;2019;17:30;12:00;2;4;18h 30m;1;7893;5474;55
Air India;9;6;2019;20:30;20:25;10;6;23h 55m;1;10203;5475;55
Vistara;9;6;2019;17:00;10:45;10;6;17h 45m;1;9922;5476;55
Jet Airways;9;6;2019;09:35;18:00;9;6;8h 25m;1;14676;5477;55
Jet Airways;18;5;2019;20:25;19:10;19;5;22h 45m;1;14151;5478;55
Air India;21;5;2019;17:30;08:55;22;5;15h 25m;1;11936;5479;55
Vistara;9;5;2019;20:20;10:45;10;5;14h 25m;1;8452;5480;55
Jet Airways;24;5;2019;20:25;14:25;25;5;18h;1;12121;5481;55
Jet Airways;12;6;2019;17:00;09:45;13;6;16h 45m;1;12692;5482;55
Jet Airways;12;5;2019;17:00;21:05;13;5;28h 5m;1;10703;5483;55
Vistara;6;5;2019;20:20;10:45;7;5;14h 25m;1;8662;5484;55
Jet Airways;1;5;2019;17:00;22:05;2;5;29h 5m;1;14151;5485;55
Vistara;1;5;2019;20:20;09:05;2;5;12h 45m;1;8452;5486;55
Vistara;6;6;2019;07:10;20:20;6;6;13h 10m;1;8610;5487;55
Vistara;24;3;2019;17:00;22:10;25;3;29h 10m;1;12102;5488;55
Jet Airways;24;5;2019;20:25;10:55;25;5;14h 30m;1;13067;5489;55
Vistara;24;5;2019;20:20;18:50;25;5;22h 30m;1;9345;5490;55
Jet Airways;12;5;2019;17:00;23:35;12;5;6h 35m;1;14151;5491;55
Air Asia;12;6;2019;22:40;10:40;13;6;12h;1;5192;5492;55
Vistara;6;6;2019;07:10;23:25;6;6;16h 15m;1;8610;5493;55
Vistara;15;5;2019;17:00;20:20;16;5;27h 20m;1;8610;5494;55
Jet Airways;9;6;2019;17:00;22:05;10;6;29h 5m;1;10539;5495;55
Jet Airways;6;6;2019;09:35;14:25;7;6;28h 50m;1;12692;5496;55
Vistara;18;5;2019;20:20;20:20;19;5;24h;1;9555;5497;55
Jet Airways;18;5;2019;20:25;23:35;19;5;27h 10m;1;14151;5498;55
Jet Airways;15;5;2019;09:35;10:55;16;5;25h 20m;1;14151;5499;55
Vistara;21;5;2019;20:20;09:05;22;5;12h 45m;1;8452;5500;55
Vistara;24;5;2019;17:00;18:50;25;5;25h 50m;1;9870;5501;55
Jet Airways;1;5;2019;20:25;10:55;2;5;14h 30m;1;12121;5502;55
Vistara;9;5;2019;17:00;23:25;9;5;6h 25m;1;8085;5503;55
Jet Airways;12;5;2019;17:00;09:45;13;5;16h 45m;1;14151;5504;55
Air India;12;5;2019;20:30;16:15;13;5;19h 45m;1;10203;5505;55
Vistara;6;5;2019;20:20;20:20;7;5;24h;1;8610;5506;55
Air Asia;21;5;2019;22:40;10:40;22;5;12h;1;9719;5507;55
Vistara;6;6;2019;17:00;23:25;6;6;6h 25m;1;8610;5508;55
Jet Airways;24;5;2019;09:35;14:25;25;5;28h 50m;1;10703;5509;55
Vistara;1;5;2019;07:10;20:20;1;5;13h 10m;1;8610;5510;55
Jet Airways;6;6;2019;17:00;18:00;7;6;25h;1;12692;5511;55
Vistara;1;5;2019;17:00;10:45;2;5;17h 45m;1;9187;5512;55
Vistara;9;6;2019;17:00;22:55;9;6;5h 55m;1;9187;5513;55
Vistara;21;5;2019;07:10;10:45;22;5;27h 35m;1;9187;5514;55
Vistara;6;6;2019;20:20;09:05;7;6;12h 45m;1;8452;5515;55
Vistara;9;6;2019;07:10;20:20;9;6;13h 10m;1;9555;5516;55
Vistara;24;3;2019;07:10;22:10;24;3;15h;1;12942;5517;55
Air India;24;3;2019;20:30;23:15;25;3;26h 45m;1;10808;5518;55
Vistara;24;3;2019;07:10;09:10;25;3;26h;1;11682;5519;55
Vistara;12;5;2019;07:10;23:25;12;5;16h 15m;1;9345;5520;55
Jet Airways;6;6;2019;20:25;18:00;7;6;21h 35m;1;10539;5521;55
Vistara;1;4;2019;07:10;18:50;1;4;11h 40m;1;7927;5522;55
Vistara;9;6;2019;07:10;22:55;9;6;15h 45m;1;8662;5523;55
Vistara;1;4;2019;07:10;10:45;2;4;27h 35m;1;8505;5524;55
Jet Airways;24;5;2019;20:25;09:45;25;5;13h 20m;1;13067;5525;55
Air Asia;9;6;2019;07:35;19:25;9;6;11h 50m;1;7870;5526;55
Air India;12;6;2019;07:00;16:15;12;6;9h 15m;1;11936;5527;55
Jet Airways;12;5;2019;20:25;10:55;13;5;14h 30m;1;14151;5528;55
Vistara;21;5;2019;07:10;20:20;21;5;13h 10m;1;9345;5529;55
Vistara;1;4;2019;20:20;10:45;2;4;14h 25m;1;8505;5530;55
Jet Airways;15;5;2019;17:00;19:10;16;5;26h 10m;1;14151;5531;55
Jet Airways;6;5;2019;20:25;23:35;7;5;27h 10m;1;8066;5532;55
Jet Airways;15;5;2019;20:25;10:55;16;5;14h 30m;1;14151;5533;55
Vistara;1;4;2019;20:20;09:05;2;4;12h 45m;1;7980;5534;55
Jet Airways;9;6;2019;09:35;09:45;10;6;24h 10m;1;14151;5535;55
Jet Airways;1;5;2019;20:25;14:25;2;5;18h;1;9314;5536;55
Jet Airways;12;5;2019;09:35;14:25;13;5;28h 50m;1;13067;5537;55
Jet Airways;9;5;2019;20:25;18:00;10;5;21h 35m;1;11467;5538;55
Vistara;1;5;2019;17:00;18:50;2;5;25h 50m;1;8610;5539;55
Air Asia;12;5;2019;07:35;19:25;12;5;11h 50m;1;5320;5540;55
Vistara;9;6;2019;20:20;18:50;10;6;22h 30m;1;8610;5541;55
Jet Airways;1;5;2019;20:25;09:45;2;5;13h 20m;1;11467;5542;55
Jet Airways;6;6;2019;17:00;19:10;7;6;26h 10m;1;14151;5543;55
Vistara;1;5;2019;17:00;09:05;2;5;16h 5m;1;8452;5544;55
Jet Airways;12;5;2019;20:25;09:45;13;5;13h 20m;1;14151;5545;55
Jet Airways;12;6;2019;09:35;14:25;13;6;28h 50m;1;12692;5546;55
Jet Airways;1;4;2019;20:25;22:05;2;4;25h 40m;1;12121;5547;55
Vistara;24;5;2019;17:00;20:20;25;5;27h 20m;1;9870;5548;55
Vistara;18;5;2019;20:20;10:45;19;5;14h 25m;1;9187;5549;55
Jet Airways;15;5;2019;09:35;18:00;15;5;8h 25m;1;13067;5550;55
Vistara;6;6;2019;20:20;18:50;7;6;22h 30m;1;8820;5551;55
Jet Airways;6;6;2019;17:00;14:25;7;6;21h 25m;1;10539;5552;55
Jet Airways;21;5;2019;17:00;23:35;21;5;6h 35m;1;14151;5553;55
Vistara;24;5;2019;07:10;22:40;24;5;15h 30m;1;9397;5554;55
Vistara;12;6;2019;07:10;10:45;13;6;27h 35m;1;8452;5555;55
Jet Airways;6;5;2019;17:00;23:35;6;5;6h 35m;1;10703;5556;55
Air India;1;4;2019;20:30;12:00;2;4;15h 30m;1;7893;5557;55
Jet Airways;21;5;2019;09:35;21:05;21;5;11h 30m;1;14151;5558;55
Vistara;24;3;2019;07:10;18:45;24;3;11h 35m;1;16932;5559;55
Jet Airways;15;5;2019;17:00;22:05;16;5;29h 5m;1;14151;5560;55
Air Asia;6;6;2019;07:35;23:30;6;6;15h 55m;1;6810;5561;55
Jet Airways;6;5;2019;17:00;09:45;7;5;16h 45m;1;10953;5562;55
Jet Airways;12;6;2019;09:35;22:05;12;6;12h 30m;1;10539;5563;55
Vistara;12;6;2019;20:20;23:25;13;6;27h 5m;1;8610;5564;55
Air Asia;24;3;2019;07:35;19:25;24;3;11h 50m;1;6785;5565;55
Jet Airways;9;5;2019;09:35;14:25;10;5;28h 50m;1;9314;5566;55
Jet Airways;12;6;2019;09:35;10:55;13;6;25h 20m;1;12692;5567;55
Vistara;18;5;2019;07:10;20:20;18;5;13h 10m;1;9345;5568;55
Air India;24;5;2019;10:00;20:25;24;5;10h 25m;1;10413;5569;55
Vistara;1;5;2019;20:20;10:45;2;5;14h 25m;1;9187;5570;55
Vistara;6;5;2019;07:10;20:20;6;5;13h 10m;1;8610;5571;55
Jet Airways;1;5;2019;17:00;09:45;2;5;16h 45m;1;11467;5572;55
Vistara;24;5;2019;07:10;23:25;24;5;16h 15m;1;9345;5573;55
Jet Airways;24;5;2019;09:35;09:45;25;5;24h 10m;1;13067;5574;55
Jet Airways;12;6;2019;17:00;18:00;13;6;25h;1;12692;5575;55
Vistara;9;6;2019;07:10;23:25;9;6;16h 15m;1;9345;5576;55
Air India;9;6;2019;07:00;20:25;9;6;13h 25m;1;10413;5577;55
Jet Airways;6;6;2019;09:35;23:35;6;6;14h;1;14151;5578;55
Jet Airways;15;5;2019;17:00;14:25;16;5;21h 25m;1;9314;5579;55
Jet Airways;12;5;2019;20:25;23:35;13;5;27h 10m;1;10953;5580;55
Vistara;12;5;2019;20:20;20:20;13;5;24h;1;8610;5581;55
Jet Airways;18;5;2019;20:25;18:00;19;5;21h 35m;1;14151;5582;55
Vistara;18;5;2019;07:10;18:50;18;5;11h 40m;1;9345;5583;55
Jet Airways;9;6;2019;17:00;22:05;10;6;29h 5m;1;12692;5584;55
Jet Airways;1;4;2019;20:25;09:45;2;4;13h 20m;1;14151;5585;55
Vistara;12;6;2019;17:00;23:25;12;6;6h 25m;1;8610;5586;55
Jet Airways;18;5;2019;17:00;21:05;19;5;28h 5m;1;14151;5587;55
Air Asia;12;6;2019;07:35;23:30;12;6;15h 55m;1;5192;5588;55
Jet Airways;24;5;2019;20:25;09:45;25;5;13h 20m;1;12384;5589;55
Air India;6;5;2019;20:30;08:55;7;5;12h 25m;1;10203;5590;55
Jet Airways;1;5;2019;09:35;09:45;2;5;24h 10m;1;9314;5591;55
Jet Airways;1;5;2019;20:25;18:00;2;5;21h 35m;1;9314;5592;55
Air Asia;15;4;2019;07:35;23:30;15;4;15h 55m;1;5192;5593;55
Jet Airways;9;6;2019;20:25;22:05;10;6;25h 40m;1;10539;5594;55
Vistara;6;5;2019;17:00;23:25;6;5;6h 25m;1;8085;5595;55
Jet Airways;9;5;2019;20:25;09:45;10;5;13h 20m;1;10703;5596;55
Jet Airways;6;6;2019;09:35;19:10;6;6;9h 35m;1;13469;5597;55
Vistara;12;5;2019;07:10;22:40;12;5;15h 30m;1;8662;5598;55
Jet Airways;12;5;2019;09:35;19:10;12;5;9h 35m;1;14151;5599;55
Vistara;1;4;2019;07:10;09:05;2;4;25h 55m;1;7980;5600;55
Jet Airways;1;5;2019;09:35;23:35;1;5;14h;1;13067;5601;55
Air India;12;6;2019;10:00;16:15;12;6;6h 15m;1;11936;5602;55
Jet Airways;21;5;2019;17:00;14:25;22;5;21h 25m;1;11467;5603;55
Jet Airways;12;5;2019;09:35;09:45;13;5;24h 10m;1;14151;5604;55
Jet Airways;24;5;2019;20:25;21:05;25;5;24h 40m;1;14151;5605;55
Vistara;15;5;2019;20:20;18:50;16;5;22h 30m;1;9345;5606;55
Jet Airways;9;5;2019;20:25;18:00;10;5;21h 35m;1;9314;5607;55
Jet Airways;21;5;2019;09:35;09:45;22;5;24h 10m;1;13067;5608;55
Air India;12;5;2019;20:30;08:55;13;5;12h 25m;1;10203;5609;55
Vistara;21;5;2019;17:00;23:25;21;5;6h 25m;1;9345;5610;55
Vistara;15;5;2019;07:10;23:25;15;5;16h 15m;1;9345;5611;55
Jet Airways;6;6;2019;09:35;21:05;6;6;11h 30m;1;13469;5612;55
Jet Airways;6;5;2019;17:00;21:05;7;5;28h 5m;1;13067;5613;55
Jet Airways;15;5;2019;20:25;19:10;16;5;22h 45m;1;14151;5614;55
Jet Airways;24;5;2019;17:00;23:35;24;5;6h 35m;1;14151;5615;55
Air Asia;15;5;2019;07:35;23:30;15;5;15h 55m;1;5192;5616;55
Vistara;24;3;2019;17:00;22:55;24;3;5h 55m;1;14360;5617;55
Jet Airways;1;5;2019;17:00;10:55;2;5;17h 55m;1;12121;5618;55
Jet Airways;1;4;2019;20:25;18:00;2;4;21h 35m;1;11467;5619;55
Jet Airways;9;5;2019;17:00;10:55;10;5;17h 55m;1;10953;5620;55
Jet Airways;6;6;2019;17:00;23:35;6;6;6h 35m;1;13469;5621;55
Vistara;15;5;2019;07:10;22:40;15;5;15h 30m;1;8452;5622;55
Vistara;12;5;2019;07:10;09:05;13;5;25h 55m;1;9397;5623;55
Jet Airways;9;6;2019;17:00;14:25;10;6;21h 25m;1;14151;5624;55
Vistara;15;5;2019;20:20;22:40;16;5;26h 20m;1;8452;5625;55
Air India;1;5;2019;10:00;20:25;1;5;10h 25m;1;10203;5626;55
Jet Airways;18;5;2019;09:35;18:00;18;5;8h 25m;1;14151;5627;55
Air India;24;3;2019;20:30;20:25;25;3;23h 55m;1;12173;5628;55
Jet Airways;1;5;2019;20:25;19:10;2;5;22h 45m;1;9314;5629;55
Vistara;24;3;2019;09:55;20:25;24;3;10h 30m;1;12312;5630;55
Vistara;6;5;2019;17:00;20:20;7;5;27h 20m;1;8610;5631;55
Jet Airways;1;5;2019;09:35;22:05;1;5;12h 30m;1;12121;5632;55
Air Asia;6;6;2019;07:35;19:25;6;6;11h 50m;1;6810;5633;55
Air India;24;5;2019;20:30;20:25;25;5;23h 55m;1;10413;5634;55
Jet Airways;15;5;2019;17:00;10:55;16;5;17h 55m;1;14151;5635;55
Jet Airways;21;5;2019;09:35;19:10;21;5;9h 35m;1;13067;5636;55
Jet Airways;6;5;2019;20:25;19:10;7;5;22h 45m;1;13067;5637;55
Jet Airways;21;5;2019;09:35;22:05;21;5;12h 30m;1;13067;5638;55
Vistara;1;4;2019;20:20;23:25;2;4;27h 5m;1;7927;5639;55
Jet Airways;1;5;2019;17:00;19:10;2;5;26h 10m;1;9314;5640;55
Vistara;9;6;2019;07:10;10:45;10;6;27h 35m;1;9397;5641;55
Jet Airways;6;6;2019;09:35;14:25;7;6;28h 50m;1;10539;5642;55
Vistara;6;6;2019;17:00;09:05;7;6;16h 5m;1;8452;5643;55
Jet Airways;18;5;2019;20:25;14:25;19;5;18h;1;13067;5644;55
Vistara;12;5;2019;07:10;18:50;12;5;11h 40m;1;8820;5645;55
Jet Airways;9;6;2019;17:00;23:35;9;6;6h 35m;1;14676;5646;55
Jet Airways;12;5;2019;09:35;10:55;13;5;25h 20m;1;14151;5647;55
Jet Airways;1;5;2019;20:25;19:10;2;5;22h 45m;1;11467;5648;55
Jet Airways;9;6;2019;20:25;09:45;10;6;13h 20m;1;13469;5649;55
Jet Airways;9;6;2019;17:00;18:00;10;6;25h;1;14151;5650;55
Vistara;9;6;2019;17:00;18:50;10;6;25h 50m;1;9135;5651;55
Jet Airways;6;5;2019;17:00;23:35;6;5;6h 35m;1;12121;5652;55
Jet Airways;1;5;2019;09:35;19:10;1;5;9h 35m;1;11467;5653;55
Jet Airways;9;5;2019;17:00;10:55;10;5;17h 55m;1;8066;5654;55
Jet Airways;6;6;2019;09:35;21:05;6;6;11h 30m;1;14151;5655;55
Jet Airways;18;5;2019;09:35;21:05;18;5;11h 30m;1;14151;5656;55
Air Asia;15;5;2019;07:35;19:25;15;5;11h 50m;1;5192;5657;55
Jet Airways;9;6;2019;09:35;14:25;10;6;28h 50m;1;14151;5658;55
Vistara;18;5;2019;20:20;18:50;19;5;22h 30m;1;9555;5659;55
Vistara;15;5;2019;07:10;10:45;16;5;27h 35m;1;8452;5660;55
Vistara;6;6;2019;07:10;10:45;7;6;27h 35m;1;9187;5661;55
Vistara;21;5;2019;20:20;10:45;22;5;14h 25m;1;9187;5662;55
Jet Airways;15;5;2019;17:00;21:05;16;5;28h 5m;1;14151;5663;55
Jet Airways;1;5;2019;09:35;18:00;1;5;8h 25m;1;10703;5664;55
Jet Airways;1;4;2019;09:35;21:05;1;4;11h 30m;1;10953;5665;55
Jet Airways;6;6;2019;20:25;09:45;7;6;13h 20m;1;10539;5666;55
Jet Airways;12;6;2019;09:35;23:35;12;6;14h;1;12692;5667;55
Jet Airways;18;5;2019;17:00;09:45;19;5;16h 45m;1;14151;5668;55
Jet Airways;15;5;2019;20:25;23:35;16;5;27h 10m;1;14151;5669;55
Vistara;9;6;2019;17:00;23:25;9;6;6h 25m;1;9870;5670;55
Air India;9;5;2019;20:30;08:55;10;5;12h 25m;1;10203;5671;55
Air Asia;24;5;2019;07:35;23:30;24;5;15h 55m;1;5192;5672;55
Jet Airways;6;6;2019;09:35;18:00;6;6;8h 25m;1;12692;5673;55
Air India;24;3;2019;07:00;08:55;25;3;25h 55m;1;12173;5674;55
Vistara;15;5;2019;07:10;20:20;15;5;13h 10m;1;8610;5675;55
Vistara;12;6;2019;17:00;10:45;13;6;17h 45m;1;8452;5676;55
Jet Airways;6;5;2019;20:25;18:00;7;5;21h 35m;1;11467;5677;55
Vistara;12;6;2019;17:00;09:05;13;6;16h 5m;1;7927;5678;55
Air India;1;5;2019;07:00;16:15;1;5;9h 15m;1;10203;5679;55
Vistara;9;5;2019;07:10;20:20;9;5;13h 10m;1;8610;5680;55
Jet Airways;18;5;2019;17:00;23:35;18;5;6h 35m;1;14151;5681;55
Vistara;12;6;2019;07:10;22:40;12;6;15h 30m;1;8452;5682;55
Vistara;6;5;2019;17:00;10:45;7;5;17h 45m;1;8662;5683;55
Jet Airways;6;5;2019;09:35;23:35;6;5;14h;1;12121;5684;55
Jet Airways;1;4;2019;20:25;10:55;2;4;14h 30m;1;11467;5685;55
Jet Airways;12;5;2019;17:00;22:05;13;5;29h 5m;1;13067;5686;55
Jet Airways;1;5;2019;20:25;21:05;2;5;24h 40m;1;12121;5687;55
Air India;1;5;2019;10:00;16:15;1;5;6h 15m;1;10203;5688;55
Jet Airways;12;6;2019;09:35;19:10;12;6;9h 35m;1;12692;5689;55
Vistara;24;3;2019;20:20;20:25;25;3;24h 5m;1;11105;5690;55
Air India;1;4;2019;20:30;23:15;2;4;26h 45m;1;7211;5691;55
Jet Airways;6;6;2019;09:35;10:55;7;6;25h 20m;1;10539;5692;55
Air India;9;5;2019;10:00;20:25;9;5;10h 25m;1;10203;5693;55
Air Asia;12;6;2019;07:35;19:25;12;6;11h 50m;1;5192;5694;55
Jet Airways;15;5;2019;09:35;22:05;15;5;12h 30m;1;12121;5695;55
Jet Airways;21;5;2019;09:35;14:25;22;5;28h 50m;1;11467;5696;55
Vistara;15;5;2019;17:00;23:25;15;5;6h 25m;1;9345;5697;55
Jet Airways;12;5;2019;20:25;23:35;13;5;27h 10m;1;8066;5698;55
Jet Airways;18;5;2019;17:00;14:25;19;5;21h 25m;1;13067;5699;55
Air India;1;4;2019;17:30;08:55;2;4;15h 25m;1;7893;5700;55
Jet Airways;1;5;2019;09:35;21:05;1;5;11h 30m;1;12384;5701;55
Jet Airways;12;6;2019;20:25;18:00;13;6;21h 35m;1;12692;5702;55
Jet Airways;6;5;2019;09:35;18:00;6;5;8h 25m;1;13067;5703;55
Vistara;9;5;2019;17:00;09:05;10;5;16h 5m;1;9187;5704;55
Jet Airways;6;6;2019;09:35;22:05;6;6;12h 30m;1;14151;5705;55
Jet Airways;6;5;2019;17:00;10:55;7;5;17h 55m;1;13067;5706;55
Air India;1;4;2019;10:00;23:15;1;4;13h 15m;1;7893;5707;55
Air India;15;5;2019;07:00;16:15;15;5;9h 15m;1;11936;5708;55
Vistara;21;5;2019;07:10;22:40;21;5;15h 30m;1;8452;5709;55
Jet Airways;9;5;2019;20:25;14:25;10;5;18h;1;9314;5710;55
Jet Airways;12;5;2019;17:00;10:55;13;5;17h 55m;1;14151;5711;55
Jet Airways;1;5;2019;17:00;23:35;1;5;6h 35m;1;12384;5712;55
Vistara;9;6;2019;20:20;10:45;10;6;14h 25m;1;9397;5713;55
Jet Airways;1;4;2019;09:35;21:05;1;4;11h 30m;1;8066;5714;55
Vistara;24;5;2019;17:00;23:25;24;5;6h 25m;1;9870;5715;55
Jet Airways;9;5;2019;20:25;10:55;10;5;14h 30m;1;8066;5716;55
Jet Airways;6;5;2019;20:25;23:35;7;5;27h 10m;1;10953;5717;55
Jet Airways;9;5;2019;17:00;23:35;9;5;6h 35m;1;10624;5718;55
Jet Airways;9;6;2019;09:35;10:55;10;6;25h 20m;1;14151;5719;55
Jet Airways;12;5;2019;09:35;18:00;12;5;8h 25m;1;14151;5720;55
Vistara;24;5;2019;17:00;09:05;25;5;16h 5m;1;10027;5721;55
Jet Airways;1;5;2019;17:00;14:25;2;5;21h 25m;1;11467;5722;55
Vistara;9;6;2019;20:20;20:20;10;6;24h;1;8085;5723;55
Air India;6;5;2019;17:30;08:55;7;5;15h 25m;1;10203;5724;55
Vistara;6;5;2019;07:10;09:05;7;5;25h 55m;1;8137;5725;55
Air India;12;6;2019;17:30;20:25;13;6;26h 55m;1;10203;5726;55
Jet Airways;9;6;2019;17:00;21:05;10;6;28h 5m;1;12692;5727;55
Vistara;24;3;2019;07:10;22:55;24;3;15h 45m;1;12732;5728;55
Jet Airways;9;5;2019;09:35;21:05;9;5;11h 30m;1;13067;5729;55
Jet Airways;21;5;2019;20:25;14:25;22;5;18h;1;11467;5730;55
Vistara;1;4;2019;07:10;23:25;1;4;16h 15m;1;7927;5731;55
Vistara;21;5;2019;17:00;10:45;22;5;17h 45m;1;9187;5732;55
Jet Airways;15;5;2019;09:35;21:05;15;5;11h 30m;1;12121;5733;55
Air Asia;1;4;2019;07:35;19:25;1;4;11h 50m;1;5192;5734;55
Vistara;9;5;2019;07:10;09:05;10;5;25h 55m;1;9187;5735;55
Vistara;18;5;2019;07:10;23:25;18;5;16h 15m;1;9345;5736;55
Vistara;24;3;2019;17:00;20:25;25;3;27h 25m;1;12102;5737;55
Air Asia;12;5;2019;07:35;23:30;12;5;15h 55m;1;5320;5738;55
Vistara;21;5;2019;20:20;23:25;22;5;27h 5m;1;9345;5739;55
Jet Airways;6;5;2019;20:25;10:55;7;5;14h 30m;1;13067;5740;55
Vistara;1;4;2019;17:00;09:05;2;4;16h 5m;1;8662;5741;55
Jet Airways;6;6;2019;20:25;23:35;7;6;27h 10m;1;14151;5742;55
Jet Airways;15;5;2019;09:35;19:10;15;5;9h 35m;1;13067;5743;55
Jet Airways;9;6;2019;17:00;21:05;10;6;28h 5m;1;10539;5744;55
Jet Airways;24;5;2019;17:00;22:05;25;5;29h 5m;1;13067;5745;55
Air India;6;5;2019;20:30;20:25;7;5;23h 55m;1;10203;5746;55
Jet Airways;9;6;2019;20:25;18:00;10;6;21h 35m;1;13401;5747;55
Vistara;1;5;2019;17:00;20:20;2;5;27h 20m;1;8610;5748;55
Jet Airways;15;5;2019;09:35;22:05;15;5;12h 30m;1;10703;5749;55
Air India;24;5;2019;17:30;20:25;25;5;26h 55m;1;10623;5750;55
Jet Airways;15;5;2019;17:00;14:25;16;5;21h 25m;1;11467;5751;55
Vistara;12;6;2019;17:00;20:20;13;6;27h 20m;1;8085;5752;55
Jet Airways;9;6;2019;17:00;19:10;10;6;26h 10m;1;10539;5753;55
Jet Airways;9;5;2019;20:25;14:25;10;5;18h;1;11467;5754;55
Jet Airways;21;5;2019;20:25;09:45;22;5;13h 20m;1;12384;5755;55
Vistara;12;6;2019;07:10;09:05;13;6;25h 55m;1;7927;5756;55
Jet Airways;6;6;2019;17:00;09:45;7;6;16h 45m;1;12692;5757;55
Vistara;1;4;2019;07:10;20:20;1;4;13h 10m;1;8452;5758;55
Air India;24;3;2019;20:30;16:15;25;3;19h 45m;1;12173;5759;55
Jet Airways;18;5;2019;20:25;21:05;19;5;24h 40m;1;14151;5760;55
Jet Airways;1;5;2019;20:25;14:25;2;5;18h;1;11467;5761;55
Jet Airways;6;6;2019;17:00;23:35;6;6;6h 35m;1;14151;5762;55
Jet Airways;9;5;2019;09:35;10:55;10;5;25h 20m;1;8066;5763;55
Jet Airways;15;5;2019;20:25;14:25;16;5;18h;1;11467;5764;55
Jet Airways;1;4;2019;20:25;15:05;2;4;18h 40m;1;11467;5765;55
Jet Airways;6;6;2019;20:25;18:00;7;6;21h 35m;1;12692;5766;55
Vistara;1;4;2019;17:00;23:25;1;4;6h 25m;1;8610;5767;55
Jet Airways;6;6;2019;17:00;09:45;7;6;16h 45m;1;10539;5768;55
Jet Airways;1;4;2019;09:35;18:00;1;4;8h 25m;1;11467;5769;55
Jet Airways;15;5;2019;20:25;14:25;16;5;18h;1;9314;5770;55
Jet Airways;21;5;2019;17:00;10:55;22;5;17h 55m;1;14151;5771;55
Jet Airways;24;5;2019;17:00;14:25;25;5;21h 25m;1;12121;5772;55
Vistara;18;5;2019;17:00;18:50;19;5;25h 50m;1;9555;5773;55
Air India;18;5;2019;17:30;20:25;19;5;26h 55m;1;10623;5774;55
Jet Airways;9;6;2019;20:25;22:05;10;6;25h 40m;1;12692;5775;55
Jet Airways;1;5;2019;09:35;19:10;1;5;9h 35m;1;9314;5776;55
Jet Airways;12;6;2019;09:35;21:05;12;6;11h 30m;1;10539;5777;55
Vistara;24;3;2019;07:10;10:50;25;3;27h 40m;1;11262;5778;55
Vistara;12;5;2019;17:00;10:45;13;5;17h 45m;1;9922;5779;55
Jet Airways;12;6;2019;20:25;09:45;13;6;13h 20m;1;12692;5780;55
Jet Airways;6;5;2019;20:25;15:05;7;5;18h 40m;1;13067;5781;55
Jet Airways;6;5;2019;17:00;18:00;7;5;25h;1;11467;5782;55
Air India;9;5;2019;10:00;23:15;9;5;13h 15m;1;10203;5783;55
Jet Airways;9;5;2019;09:35;22:05;9;5;12h 30m;1;14151;5784;55
Air Asia;15;4;2019;07:35;19:25;15;4;11h 50m;1;5192;5785;55
Air India;12;5;2019;10:00;23:15;12;5;13h 15m;1;10203;5786;55
Jet Airways;12;6;2019;17:00;14:25;13;6;21h 25m;1;12692;5787;55
Vistara;12;6;2019;20:20;20:20;13;6;24h;1;8085;5788;55
Jet Airways;9;5;2019;20:25;21:05;10;5;24h 40m;1;13067;5789;55
Vistara;24;5;2019;20:20;22:40;25;5;26h 20m;1;8452;5790;55
Jet Airways;1;5;2019;17:00;14:25;2;5;21h 25m;1;9314;5791;55
Vistara;15;5;2019;17:00;18:50;16;5;25h 50m;1;9345;5792;55
Vistara;24;5;2019;20:20;23:25;25;5;27h 5m;1;9345;5793;55
Jet Airways;6;5;2019;20:25;22:05;7;5;25h 40m;1;9314;5794;55
Jet Airways;1;5;2019;17:00;19:10;2;5;26h 10m;1;11467;5795;55
Air Asia;12;5;2019;22:40;10:40;13;5;12h;1;5192;5796;55
Vistara;18;5;2019;17:00;20:20;19;5;27h 20m;1;9555;5797;55
Jet Airways;9;6;2019;17:00;09:45;10;6;16h 45m;1;14151;5798;55
Air India;18;5;2019;07:00;20:25;18;5;13h 25m;1;11306;5799;55
Air Asia;1;5;2019;22:40;10:40;2;5;12h;1;5192;5800;55
Jet Airways;1;5;2019;17:00;21:05;2;5;28h 5m;1;12121;5801;55
Air India;15;5;2019;20:30;20:25;16;5;23h 55m;1;10203;5802;55
Jet Airways;6;5;2019;09:35;21:05;6;5;11h 30m;1;12121;5803;55
Jet Airways;6;5;2019;20:25;22:05;7;5;25h 40m;1;11467;5804;55
Vistara;1;4;2019;20:20;22:55;2;4;26h 35m;1;7770;5805;55
Vistara;9;5;2019;20:20;09:05;10;5;12h 45m;1;9187;5806;55
Vistara;1;4;2019;20:20;20:20;2;4;24h;1;8452;5807;55
Vistara;21;5;2019;17:00;20:20;22;5;27h 20m;1;9345;5808;55
Jet Airways;1;5;2019;20:25;23:35;2;5;27h 10m;1;11467;5809;55
Vistara;9;5;2019;17:00;10:45;10;5;17h 45m;1;8452;5810;55
Jet Airways;15;5;2019;09:35;23:35;15;5;14h;1;14151;5811;55
Vistara;1;4;2019;17:00;10:45;2;4;17h 45m;1;9187;5812;55
Air India;1;4;2019;20:30;08:55;2;4;12h 25m;1;7893;5813;55
Jet Airways;12;6;2019;17:00;23:35;12;6;6h 35m;1;12692;5814;55
Vistara;1;5;2019;07:10;18:50;1;5;11h 40m;1;9345;5815;55
Jet Airways;21;5;2019;20:25;21:05;22;5;24h 40m;1;14151;5816;55
Vistara;12;5;2019;17:00;09:05;13;5;16h 5m;1;9922;5817;55
Vistara;15;5;2019;17:00;10:45;16;5;17h 45m;1;8452;5818;55
Vistara;24;3;2019;09:55;09:10;25;3;23h 15m;1;10842;5819;55
Jet Airways;6;6;2019;17:00;18:00;7;6;25h;1;10539;5820;55
Jet Airways;1;5;2019;20:25;23:35;2;5;27h 10m;1;9314;5821;55
Jet Airways;9;6;2019;20:25;23:35;10;6;27h 10m;1;12692;5822;55
Air India;24;3;2019;20:30;12:30;25;3;16h;1;12173;5823;55
Air India;15;5;2019;17:30;20:25;16;5;26h 55m;1;10203;5824;55
Jet Airways;9;5;2019;17:00;18:00;10;5;25h;1;7341;5825;55
Jet Airways;18;5;2019;09:35;14:25;19;5;28h 50m;1;13067;5826;55
Vistara;15;5;2019;07:10;18:50;15;5;11h 40m;1;9345;5827;55
Vistara;21;5;2019;07:10;18:50;21;5;11h 40m;1;9345;5828;55
Jet Airways;21;5;2019;20:25;19:10;22;5;22h 45m;1;13067;5829;55
Air Asia;9;6;2019;07:35;23:30;9;6;15h 55m;1;7870;5830;55
Vistara;12;6;2019;20:20;10:45;13;6;14h 25m;1;8452;5831;55
Jet Airways;9;5;2019;17:00;14:25;10;5;21h 25m;1;9314;5832;55
Jet Airways;6;6;2019;09:35;19:10;6;6;9h 35m;1;14151;5833;55
Jet Airways;12;5;2019;20:25;21:05;13;5;24h 40m;1;10703;5834;55
Jet Airways;6;5;2019;20:25;18:00;7;5;21h 35m;1;9314;5835;55
Vistara;1;5;2019;20:20;20:20;2;5;24h;1;8610;5836;55
Vistara;1;4;2019;20:20;18:50;2;4;22h 30m;1;7927;5837;55
Jet Airways;9;5;2019;17:00;18:00;10;5;25h;1;10624;5838;55
Jet Airways;6;6;2019;09:35;18:00;6;6;8h 25m;1;10539;5839;55
Jet Airways;1;5;2019;17:00;18:00;2;5;25h;1;9314;5840;55
Jet Airways;9;6;2019;09:35;21:05;9;6;11h 30m;1;13994;5841;55
Vistara;6;6;2019;17:00;18:50;7;6;25h 50m;1;8820;5842;55
Jet Airways;9;5;2019;20:25;10:55;10;5;14h 30m;1;10953;5843;55
Vistara;1;4;2019;17:00;20:20;2;4;27h 20m;1;9135;5844;55
Jet Airways;15;5;2019;09:35;21:05;15;5;11h 30m;1;10703;5845;55
Jet Airways;12;6;2019;09:35;09:45;13;6;24h 10m;1;12692;5846;55
Jet Airways;6;6;2019;17:00;10:55;7;6;17h 55m;1;10539;5847;55
Jet Airways;21;5;2019;20:25;18:00;22;5;21h 35m;1;14151;5848;55
Vistara;24;5;2019;20:20;20:20;25;5;24h;1;9345;5849;55
Jet Airways;18;5;2019;09:35;19:10;18;5;9h 35m;1;13067;5850;55
Jet Airways;9;5;2019;17:00;21:05;10;5;28h 5m;1;13067;5851;55
Air Asia;9;5;2019;07:35;23:30;9;5;15h 55m;1;5192;5852;55
Air India;24;5;2019;07:00;20:25;24;5;13h 25m;1;10413;5853;55
Jet Airways;18;5;2019;20:25;22:05;19;5;25h 40m;1;14151;5854;55
Jet Airways;12;5;2019;20:25;21:05;13;5;24h 40m;1;12121;5855;55
Vistara;12;5;2019;20:20;23:25;13;5;27h 5m;1;8085;5856;55
Air Asia;6;5;2019;07:35;19:25;6;5;11h 50m;1;5192;5857;55
Air India;6;6;2019;07:00;20:25;6;6;13h 25m;1;10203;5858;55
Vistara;12;6;2019;07:10;18:50;12;6;11h 40m;1;8610;5859;55
Jet Airways;6;5;2019;20:25;21:05;7;5;24h 40m;1;13067;5860;55
Vistara;24;3;2019;20:20;18:45;25;3;22h 25m;1;12102;5861;55
Jet Airways;1;5;2019;17:00;09:45;2;5;16h 45m;1;9314;5862;55
Jet Airways;1;5;2019;20:25;22:05;2;5;25h 40m;1;14151;5863;55
Jet Airways;15;5;2019;09:35;14:25;16;5;28h 50m;1;11467;5864;55
Air India;9;6;2019;17:30;20:25;10;6;26h 55m;1;10413;5865;55
Jet Airways;9;6;2019;09:35;19:10;9;6;9h 35m;1;13994;5866;55
Vistara;24;3;2019;17:00;09:10;25;3;16h 10m;1;13310;5867;55
Jet Airways;12;5;2019;20:25;19:10;13;5;22h 45m;1;13067;5868;55
Air Asia;24;3;2019;07:35;22:55;24;3;15h 20m;1;6785;5869;55
Vistara;21;5;2019;20:20;20:20;22;5;24h;1;9345;5870;55
Air Asia;9;6;2019;22:40;10:40;10;6;12h;1;11323;5871;55
Vistara;24;5;2019;07:10;20:20;24;5;13h 10m;1;9555;5872;55
Jet Airways;12;6;2019;20:25;09:45;13;6;13h 20m;1;10539;5873;55
Jet Airways;21;5;2019;09:35;23:35;21;5;14h;1;14151;5874;55
Vistara;24;3;2019;17:00;18:45;25;3;25h 45m;1;13100;5875;55
Jet Airways;9;5;2019;09:35;09:45;10;5;24h 10m;1;12121;5876;55
Vistara;12;6;2019;07:10;23:25;12;6;16h 15m;1;8610;5877;55
Jet Airways;21;5;2019;17:00;14:25;22;5;21h 25m;1;9314;5878;55
Jet Airways;15;5;2019;09:35;19:10;15;5;9h 35m;1;12384;5879;55
Vistara;1;5;2019;07:10;09:05;2;5;25h 55m;1;8452;5880;55
Vistara;6;6;2019;20:20;22:40;7;6;26h 20m;1;8662;5881;55
Jet Airways;6;6;2019;17:00;10:55;7;6;17h 55m;1;12692;5882;55
Jet Airways;15;5;2019;09:35;18:00;15;5;8h 25m;1;12384;5883;55
Air India;1;4;2019;10:00;05:25;2;4;19h 25m;2;12639;5884;56
Air India;24;5;2019;10:00;05:25;25;5;19h 25m;2;15422;5885;56
Air India;12;5;2019;10:00;05:25;13;5;19h 25m;2;14634;5886;56
Air India;6;5;2019;10:00;05:25;7;5;19h 25m;2;17049;5887;56
Air India;18;5;2019;10:00;05:25;19;5;19h 25m;2;14109;5888;56
Air India;9;6;2019;10:00;05:25;10;6;19h 25m;2;12744;5889;56
Air India;6;6;2019;07:00;05:25;7;6;22h 25m;2;12009;5890;56
Air India;12;6;2019;10:00;05:25;13;6;19h 25m;2;13532;5891;56
Air India;6;6;2019;10:00;05:25;7;6;19h 25m;2;13007;5892;56
Air India;6;6;2019;10:00;05:25;7;6;19h 25m;2;12009;5893;56
Air India;1;5;2019;10:00;05:25;2;5;19h 25m;2;13899;5894;56
Air India;1;5;2019;07:00;05:25;2;5;22h 25m;2;14424;5895;56
Air India;9;6;2019;07:00;05:25;10;6;22h 25m;2;12744;5896;56
Air India;24;5;2019;10:00;05:25;25;5;19h 25m;2;15107;5897;56
Air India;15;5;2019;07:00;05:25;16;5;22h 25m;2;14424;5898;56
Air India;21;5;2019;10:00;05:25;22;5;19h 25m;2;13899;5899;56
Air India;1;4;2019;07:00;05:25;2;4;22h 25m;2;12219;5900;56
Air India;1;4;2019;07:00;05:25;2;4;22h 25m;2;12849;5901;56
Air India;9;5;2019;10:00;05:25;10;5;19h 25m;2;14424;5902;56
Air India;9;6;2019;07:00;05:25;10;6;22h 25m;2;12534;5903;56
Air India;15;5;2019;10:00;05:25;16;5;19h 25m;2;14424;5904;56
Air India;24;5;2019;09:25;10:30;25;5;25h 5m;2;12797;5905;57
Air India;1;4;2019;09:25;10:30;2;4;25h 5m;2;12009;5906;57
Jet Airways;6;6;2019;06:30;07:25;7;6;24h 55m;2;10118;5907;58
Jet Airways;6;6;2019;06:30;20:50;6;6;14h 20m;2;10118;5908;58
Jet Airways;21;5;2019;06:30;07:25;22;5;24h 55m;2;10118;5909;58
Jet Airways;21;5;2019;06:30;20:50;21;5;14h 20m;2;10118;5910;58
Air India;1;4;2019;16:50;18:20;2;4;25h 30m;2;7893;5911;59
Air India;18;5;2019;09:25;18:20;18;5;8h 55m;2;8366;5912;59
Air India;15;5;2019;09:25;18:20;15;5;8h 55m;2;8366;5913;59
Air India;18;5;2019;09:25;17:20;19;5;31h 55m;2;13616;5914;59
Air India;1;5;2019;09:25;18:20;1;5;8h 55m;2;8366;5915;59
Air India;15;5;2019;09:25;17:20;16;5;31h 55m;2;13616;5916;59
Air India;24;3;2019;09:25;05:35;25;3;20h 10m;2;13349;5917;60
Air India;6;6;2019;16:50;05:35;7;6;12h 45m;2;11432;5918;60
Air India;18;5;2019;16:50;05:35;19;5;12h 45m;2;11642;5919;60
Air India;21;5;2019;09:25;05:35;22;5;20h 10m;2;11432;5920;60
Air India;12;5;2019;09:25;05:35;13;5;20h 10m;2;11642;5921;60
Air India;24;3;2019;09:25;05:35;25;3;20h 10m;2;11774;5922;60
Air India;21;5;2019;16:50;05:35;22;5;12h 45m;2;12324;5923;60
Air India;21;5;2019;09:25;05:35;22;5;20h 10m;2;11432;5924;60
Air India;9;6;2019;16:50;05:35;10;6;12h 45m;2;11642;5925;60
Air India;9;6;2019;09:25;05:35;10;6;20h 10m;2;11642;5926;60
Air India;12;5;2019;09:25;05:35;13;5;20h 10m;2;11432;5927;60
Air India;18;5;2019;16:50;05:35;19;5;12h 45m;2;11642;5928;60
Air India;21;5;2019;16:50;05:35;22;5;12h 45m;2;12324;5929;60
Air India;9;6;2019;09:25;05:35;10;6;20h 10m;2;11432;5930;60
Air India;9;5;2019;16:50;05:35;10;5;12h 45m;2;11432;5931;60
Air India;24;3;2019;09:25;05:35;25;3;20h 10m;2;12352;5932;60
Air India;9;6;2019;09:25;13:45;10;6;28h 20m;2;11542;5933;61
Air India;15;5;2019;09:25;13:45;16;5;28h 20m;2;15532;5934;61
Air India;12;6;2019;09:25;13:45;13;6;28h 20m;2;11542;5935;61
Air India;9;5;2019;09:25;13:45;10;5;28h 20m;2;11542;5936;61
Air India;6;5;2019;09:25;15:05;7;5;29h 40m;2;11542;5937;61
Air India;18;5;2019;09:25;13:45;19;5;28h 20m;2;13222;5938;61
Air India;24;5;2019;09:25;13:45;25;5;28h 20m;2;12592;5939;61
Air India;9;5;2019;16:50;13:45;10;5;20h 55m;2;12592;5940;61
Air India;9;5;2019;09:25;13:45;10;5;28h 20m;2;12592;5941;61
Air India;15;5;2019;16:50;13:45;16;5;20h 55m;2;15532;5942;61
Air India;12;5;2019;09:25;13:45;13;5;28h 20m;2;12592;5943;61
Air India;9;6;2019;09:25;01:20;10;6;15h 55m;2;11668;5944;61
Air India;1;5;2019;09:25;13:45;2;5;28h 20m;2;16372;5945;61
Air India;24;5;2019;16:50;13:45;25;5;20h 55m;2;12802;5946;61
Air India;21;5;2019;16:50;13:45;22;5;20h 55m;2;13484;5947;61
Air India;21;5;2019;09:25;13:45;22;5;28h 20m;2;11542;5948;61
Air India;24;3;2019;09:25;01:20;25;3;15h 55m;2;11853;5949;61
Air India;24;5;2019;09:25;01:20;25;5;15h 55m;2;12718;5950;61
Air India;24;5;2019;09:25;13:45;25;5;28h 20m;2;12802;5951;61
Air India;15;5;2019;09:25;13:45;16;5;28h 20m;2;14482;5952;61
Air India;9;6;2019;09:25;13:45;10;6;28h 20m;2;11752;5953;61
Air India;12;6;2019;16:50;13:45;13;6;20h 55m;2;11542;5954;61
Air India;6;5;2019;09:25;01:20;7;5;15h 55m;2;11458;5955;61
Air India;9;6;2019;16:50;13:45;10;6;20h 55m;2;11752;5956;61
Air India;6;5;2019;16:50;15:05;7;5;22h 15m;2;12434;5957;61
Air India;6;6;2019;09:25;01:20;7;6;15h 55m;2;11458;5958;61
Air India;18;5;2019;09:25;01:20;19;5;15h 55m;2;11668;5959;61
Air India;1;5;2019;09:25;13:45;2;5;28h 20m;2;15532;5960;61
Air India;1;5;2019;16:50;13:45;2;5;20h 55m;2;16372;5961;61
Air India;18;5;2019;16:50;13:45;19;5;20h 55m;2;13432;5962;61
Jet Airways;9;5;2019;21:10;09:20;10;5;12h 10m;1;9663;5963;62
Jet Airways;6;5;2019;18:55;08:15;7;5;13h 20m;1;7757;5964;62
Jet Airways;24;3;2019;19:45;12:00;25;3;16h 15m;1;14231;5965;62
Air India;6;6;2019;09:25;21:50;6;6;12h 25m;1;8366;5966;62
Jet Airways;9;6;2019;21:10;12:00;10;6;14h 50m;1;10844;5967;62
Jet Airways;6;5;2019;06:30;04:40;7;5;22h 10m;1;13941;5968;62
Jet Airways;1;4;2019;08:25;20:45;1;4;12h 20m;1;7064;5969;62
Jet Airways;15;5;2019;08:25;20:45;15;5;12h 20m;1;14781;5970;62
Jet Airways;9;6;2019;20:00;08:15;10;6;12h 15m;1;14939;5971;62
Jet Airways;6;5;2019;20:00;10:05;7;5;14h 5m;1;9663;5972;62
Jet Airways;12;6;2019;14:05;08:15;13;6;18h 10m;1;13044;5973;62
Jet Airways;6;5;2019;20:00;12:00;7;5;16h;1;14388;5974;62
GoAir;6;6;2019;23:30;07:45;7;6;8h 15m;1;6686;5975;62
Jet Airways;21;5;2019;20:00;23:35;22;5;27h 35m;1;10844;5976;62
Jet Airways;12;5;2019;08:25;20:45;12;5;12h 20m;1;14781;5977;62
Jet Airways;24;5;2019;20:00;08:15;25;5;12h 15m;1;8586;5978;62
Jet Airways;12;5;2019;16:30;18:15;13;5;25h 45m;1;10844;5979;62
Jet Airways;6;5;2019;21:10;09:20;7;5;12h 10m;1;9663;5980;62
Jet Airways;12;6;2019;16:30;10:05;13;6;17h 35m;1;13044;5981;62
Jet Airways;6;5;2019;14:05;10:05;7;5;20h;1;9663;5982;62
Jet Airways;6;5;2019;20:00;12:00;7;5;16h;1;9663;5983;62
Jet Airways;12;6;2019;16:30;04:40;13;6;12h 10m;1;12471;5984;62
GoAir;24;3;2019;22:25;07:40;25;3;9h 15m;1;10091;5985;62
Jet Airways;21;5;2019;14:05;23:35;21;5;9h 30m;1;10844;5986;62
Air India;24;3;2019;16:50;18:30;25;3;25h 40m;1;14641;5987;62
Jet Airways;6;6;2019;06:30;12:00;6;6;5h 30m;1;10844;5988;62
Jet Airways;24;5;2019;16:30;19:50;25;5;27h 20m;1;10844;5989;62
Air India;12;6;2019;16:50;07:55;13;6;15h 5m;1;8366;5990;62
Jet Airways;1;5;2019;21:10;10:05;2;5;12h 55m;1;14781;5991;62
Jet Airways;12;6;2019;18:55;19:50;13;6;24h 55m;1;8529;5992;62
Jet Airways;6;6;2019;18:55;12:00;7;6;17h 5m;1;10844;5993;62
Jet Airways;6;6;2019;20:00;18:15;7;6;22h 15m;1;10844;5994;62
Jet Airways;21;5;2019;20:00;19:50;22;5;23h 50m;1;10844;5995;62
Jet Airways;12;6;2019;06:30;12:00;12;6;5h 30m;1;9899;5996;62
Jet Airways;1;5;2019;08:25;20:45;1;5;12h 20m;1;14781;5997;62
Jet Airways;24;3;2019;16:55;04:45;25;3;11h 50m;1;14231;5998;62
Jet Airways;12;6;2019;08:25;04:40;13;6;20h 15m;1;6224;5999;62
Jet Airways;6;6;2019;20:00;04:40;7;6;8h 40m;1;13731;6000;62
Jet Airways;12;6;2019;18:55;12:00;13;6;17h 5m;1;13044;6001;62
Jet Airways;12;5;2019;21:10;09:20;13;5;12h 10m;1;14388;6002;62
Jet Airways;18;5;2019;08:25;16:20;18;5;7h 55m;1;10844;6003;62
Jet Airways;12;5;2019;08:25;20:45;12;5;12h 20m;1;10844;6004;62
Jet Airways;9;6;2019;18:55;04:40;10;6;9h 45m;1;9663;6005;62
Jet Airways;15;5;2019;18:55;04:40;16;5;9h 45m;1;9663;6006;62
Jet Airways;1;4;2019;18:55;19:50;2;4;24h 55m;1;7064;6007;62
Jet Airways;12;5;2019;18:55;04:40;13;5;9h 45m;1;14388;6008;62
Jet Airways;18;5;2019;16:30;19:50;19;5;27h 20m;1;10844;6009;62
Jet Airways;12;6;2019;20:00;12:00;13;6;16h;1;8529;6010;62
Jet Airways;6;5;2019;14:05;09:20;7;5;19h 15m;1;9663;6011;62
Jet Airways;6;5;2019;08:25;20:45;6;5;12h 20m;1;14388;6012;62
Jet Airways;24;3;2019;08:25;12:00;25;3;27h 35m;1;10031;6013;62
Jet Airways;9;5;2019;14:05;18:15;10;5;28h 10m;1;7757;6014;62
Jet Airways;24;3;2019;08:25;16:20;24;3;7h 55m;1;13759;6015;62
Jet Airways;9;5;2019;06:30;10:05;10;5;27h 35m;1;8586;6016;62
Jet Airways;24;3;2019;13:55;22:35;24;3;8h 40m;1;11134;6017;62
Jet Airways;24;3;2019;21:10;10:05;25;3;12h 55m;1;12446;6018;62
Jet Airways;15;5;2019;20:00;04:40;16;5;8h 40m;1;8586;6019;62
Jet Airways;9;5;2019;16:30;04:40;10;5;12h 10m;1;10844;6020;62
Jet Airways;9;5;2019;08:25;18:15;9;5;9h 50m;1;10844;6021;62
Jet Airways;1;5;2019;14:05;12:00;2;5;21h 55m;1;9663;6022;62
Jet Airways;18;5;2019;21:10;04:40;19;5;7h 30m;1;13941;6023;62
Jet Airways;21;5;2019;14:05;19:50;21;5;5h 45m;1;14781;6024;62
Jet Airways;12;6;2019;14:05;23:35;12;6;9h 30m;1;9899;6025;62
Jet Airways;18;5;2019;21:10;10:05;19;5;12h 55m;1;8586;6026;62
Jet Airways;9;5;2019;06:30;04:40;10;5;22h 10m;1;8586;6027;62
Jet Airways;9;5;2019;06:30;18:15;9;5;11h 45m;1;14781;6028;62
Air India;9;5;2019;16:50;18:30;10;5;25h 40m;1;8576;6029;62
Jet Airways;9;5;2019;08:25;04:40;10;5;20h 15m;1;13941;6030;62
Jet Airways;24;3;2019;19:45;16:20;25;3;20h 35m;1;10031;6031;62
Jet Airways;9;6;2019;21:10;16:20;10;6;19h 10m;1;10844;6032;62
Jet Airways;15;5;2019;21:10;19:50;16;5;22h 40m;1;10844;6033;62
Jet Airways;6;5;2019;21:10;12:00;7;5;14h 50m;1;9663;6034;62
Jet Airways;24;3;2019;21:10;18:10;25;3;21h;1;10031;6035;62
Jet Airways;24;5;2019;18:55;23:35;25;5;28h 40m;1;10844;6036;62
Jet Airways;24;3;2019;21:10;16:20;25;3;19h 10m;1;10031;6037;62
Jet Airways;18;5;2019;16:30;04:40;19;5;12h 10m;1;13941;6038;62
Jet Airways;12;6;2019;18:55;20:45;13;6;25h 50m;1;8529;6039;62
Jet Airways;18;5;2019;16:30;18:15;19;5;25h 45m;1;10844;6040;62
Jet Airways;1;4;2019;08:25;19:50;1;4;11h 25m;1;12681;6041;62
Jet Airways;1;5;2019;20:00;10:05;2;5;14h 5m;1;8586;6042;62
Jet Airways;6;6;2019;16:30;23:35;6;6;7h 5m;1;10844;6043;62
Jet Airways;18;5;2019;21:10;10:05;19;5;12h 55m;1;13941;6044;62
Jet Airways;15;5;2019;21:10;10:05;16;5;12h 55m;1;15149;6045;62
Jet Airways;24;3;2019;13:55;18:10;25;3;28h 15m;1;11134;6046;62
Jet Airways;24;5;2019;20:00;09:20;25;5;13h 20m;1;10844;6047;62
Jet Airways;9;6;2019;20:00;16:20;10;6;20h 20m;1;14571;6048;62
Jet Airways;1;4;2019;06:30;20:45;1;4;14h 15m;1;12681;6049;62
Jet Airways;12;5;2019;21:10;10:05;13;5;12h 55m;1;13941;6050;62
Jet Airways;21;5;2019;18:55;04:40;22;5;9h 45m;1;14388;6051;62
Jet Airways;12;5;2019;18:55;16:20;13;5;21h 25m;1;10844;6052;62
Jet Airways;12;5;2019;06:30;04:40;13;5;22h 10m;1;13941;6053;62
Jet Airways;1;4;2019;21:10;04:40;2;4;7h 30m;1;13364;6054;62
Jet Airways;21;5;2019;20:00;04:40;22;5;8h 40m;1;10844;6055;62
Jet Airways;24;5;2019;21:10;04:40;25;5;7h 30m;1;9663;6056;62
Jet Airways;9;5;2019;20:00;08:15;10;5;12h 15m;1;7757;6057;62
Jet Airways;21;5;2019;21:10;16:20;22;5;19h 10m;1;10844;6058;62
Jet Airways;6;6;2019;06:30;18:15;6;6;11h 45m;1;10844;6059;62
Jet Airways;12;5;2019;06:30;12:00;12;5;5h 30m;1;13941;6060;62
Jet Airways;6;5;2019;21:10;10:05;7;5;12h 55m;1;7757;6061;62
Jet Airways;1;4;2019;18:55;23:35;2;4;28h 40m;1;12681;6062;62
Jet Airways;12;5;2019;08:25;18:15;12;5;9h 50m;1;14781;6063;62
Jet Airways;24;5;2019;06:30;12:00;24;5;5h 30m;1;14178;6064;62
Jet Airways;18;5;2019;18:55;04:40;19;5;9h 45m;1;8586;6065;62
Jet Airways;12;6;2019;21:10;10:05;13;6;12h 55m;1;13044;6066;62
Jet Airways;24;5;2019;06:30;18:15;24;5;11h 45m;1;10844;6067;62
Jet Airways;15;5;2019;08:25;18:15;15;5;9h 50m;1;10844;6068;62
Jet Airways;12;5;2019;21:10;12:00;13;5;14h 50m;1;9663;6069;62
Jet Airways;21;5;2019;06:30;10:05;22;5;27h 35m;1;13941;6070;62
Jet Airways;9;5;2019;16:30;09:20;10;5;16h 50m;1;9663;6071;62
Jet Airways;1;5;2019;20:00;09:20;2;5;13h 20m;1;14388;6072;62
Jet Airways;12;6;2019;18:55;18:15;13;6;23h 20m;1;13044;6073;62
Jet Airways;1;5;2019;06:30;19:50;1;5;13h 20m;1;14781;6074;62
Jet Airways;1;5;2019;08:25;12:00;2;5;27h 35m;1;9663;6075;62
Jet Airways;1;5;2019;20:00;12:00;2;5;16h;1;9663;6076;62
Jet Airways;6;6;2019;21:10;09:20;7;6;12h 10m;1;10844;6077;62
Jet Airways;1;4;2019;16:30;19:50;2;4;27h 20m;1;7064;6078;62
Jet Airways;24;5;2019;14:05;19:50;24;5;5h 45m;1;14571;6079;62
Jet Airways;24;3;2019;18:55;04:45;25;3;9h 50m;1;14231;6080;62
Jet Airways;24;5;2019;14:05;04:40;25;5;14h 35m;1;8586;6081;62
Jet Airways;9;6;2019;08:25;16:20;9;6;7h 55m;1;10844;6082;62
Jet Airways;12;5;2019;06:30;08:15;13;5;25h 45m;1;8586;6083;62
Jet Airways;9;5;2019;18:55;10:05;10;5;15h 10m;1;13941;6084;62
Jet Airways;6;6;2019;20:00;22:35;7;6;26h 35m;1;10844;6085;62
Jet Airways;18;5;2019;14:05;20:45;18;5;6h 40m;1;10844;6086;62
Jet Airways;9;6;2019;20:00;12:00;10;6;16h;1;10844;6087;62
Jet Airways;12;5;2019;16:30;09:20;13;5;16h 50m;1;9663;6088;62
Jet Airways;21;5;2019;06:30;18:15;21;5;11h 45m;1;14781;6089;62
Jet Airways;6;5;2019;16:30;19:50;7;5;27h 20m;1;9663;6090;62
Jet Airways;24;5;2019;21:10;04:40;25;5;7h 30m;1;14178;6091;62
Jet Airways;18;5;2019;16:30;23:35;18;5;7h 5m;1;14781;6092;62
Jet Airways;1;5;2019;08:25;16:20;1;5;7h 55m;1;14781;6093;62
Jet Airways;6;6;2019;18:55;18:15;7;6;23h 20m;1;10844;6094;62
Jet Airways;18;5;2019;14:05;23:35;18;5;9h 30m;1;14781;6095;62
Jet Airways;6;6;2019;18:55;10:05;7;6;15h 10m;1;14571;6096;62
Jet Airways;12;5;2019;08:25;08:15;13;5;23h 50m;1;13941;6097;62
Jet Airways;18;5;2019;05:45;04:40;19;5;22h 55m;1;13941;6098;62
Jet Airways;9;6;2019;21:10;08:15;10;6;11h 5m;1;14939;6099;62
Jet Airways;12;6;2019;18:55;10:05;13;6;15h 10m;1;8529;6100;62
Jet Airways;9;6;2019;18:55;08:15;10;6;13h 20m;1;11841;6101;62
Jet Airways;9;5;2019;21:10;10:05;10;5;12h 55m;1;9663;6102;62
Jet Airways;12;6;2019;18:55;22:35;13;6;27h 40m;1;8529;6103;62
Jet Airways;1;4;2019;08:25;18:15;1;4;9h 50m;1;12681;6104;62
Jet Airways;24;5;2019;20:00;22:35;25;5;26h 35m;1;10844;6105;62
Jet Airways;12;5;2019;18:55;10:05;13;5;15h 10m;1;9663;6106;62
Air India;1;5;2019;16:50;07:55;2;5;15h 5m;1;8366;6107;62
Jet Airways;24;3;2019;16:55;23:25;24;3;6h 30m;1;11134;6108;62
Jet Airways;6;6;2019;18:55;20:45;7;6;25h 50m;1;14571;6109;62
Jet Airways;12;6;2019;06:30;16:20;12;6;9h 50m;1;9899;6110;62
Jet Airways;15;5;2019;18:55;10:05;16;5;15h 10m;1;9663;6111;62
Jet Airways;21;5;2019;14:05;04:40;22;5;14h 35m;1;14388;6112;62
GoAir;1;5;2019;23:30;07:45;2;5;8h 15m;1;6686;6113;62
Jet Airways;12;6;2019;14:05;23:35;12;6;9h 30m;1;13626;6114;62
Jet Airways;12;5;2019;18:55;10:05;13;5;15h 10m;1;14388;6115;62
Jet Airways;18;5;2019;05:45;18:15;18;5;12h 30m;1;14781;6116;62
Jet Airways;15;5;2019;21:10;04:40;16;5;7h 30m;1;9663;6117;62
Jet Airways;1;5;2019;18:55;12:00;2;5;17h 5m;1;9663;6118;62
Jet Airways;24;3;2019;18:55;12:00;25;3;17h 5m;1;14231;6119;62
Jet Airways;9;6;2019;21:10;10:05;10;6;12h 55m;1;11841;6120;62
Jet Airways;6;5;2019;06:30;19:50;6;5;13h 20m;1;14781;6121;62
Jet Airways;18;5;2019;14:05;16:20;19;5;26h 15m;1;10844;6122;62
Jet Airways;1;4;2019;21:10;04:40;2;4;7h 30m;1;8849;6123;62
Jet Airways;12;6;2019;08:25;20:45;12;6;12h 20m;1;9899;6124;62
Jet Airways;24;3;2019;18:55;12:00;25;3;17h 5m;1;11134;6125;62
Jet Airways;9;5;2019;08:25;20:45;9;5;12h 20m;1;10844;6126;62
Jet Airways;24;5;2019;14:05;04:40;25;5;14h 35m;1;13731;6127;62
Jet Airways;6;5;2019;18:55;04:40;7;5;9h 45m;1;13941;6128;62
Jet Airways;1;5;2019;20:00;08:15;2;5;12h 15m;1;13941;6129;62
Jet Airways;1;4;2019;20:00;23:35;2;4;27h 35m;1;12681;6130;62
Jet Airways;24;3;2019;21:10;19:40;25;3;22h 30m;1;10031;6131;62
Jet Airways;1;4;2019;06:30;09:20;2;4;26h 50m;1;7064;6132;62
Jet Airways;9;5;2019;16:30;08:15;10;5;15h 45m;1;13941;6133;62
Air India;9;5;2019;09:25;18:30;9;5;9h 5m;1;8891;6134;62
Jet Airways;9;5;2019;14:05;10:05;10;5;20h;1;7757;6135;62
Jet Airways;24;3;2019;19:45;18:10;25;3;22h 25m;1;10031;6136;62
Air India;24;5;2019;09:25;18:30;24;5;9h 5m;1;8576;6137;62
Jet Airways;1;4;2019;20:00;20:45;2;4;24h 45m;1;7064;6138;62
Jet Airways;1;5;2019;06:30;12:00;1;5;5h 30m;1;14388;6139;62
Jet Airways;21;5;2019;16:30;23:35;21;5;7h 5m;1;14781;6140;62
Jet Airways;1;5;2019;08:25;09:20;2;5;24h 55m;1;14388;6141;62
Jet Airways;9;6;2019;21:10;10:05;10;6;12h 55m;1;14939;6142;62
Jet Airways;21;5;2019;08:25;19:50;21;5;11h 25m;1;14781;6143;62
Jet Airways;24;5;2019;18:55;12:00;25;5;17h 5m;1;14571;6144;62
Jet Airways;9;6;2019;06:30;04:40;10;6;22h 10m;1;9663;6145;62
Jet Airways;9;6;2019;14:05;23:35;9;6;9h 30m;1;14571;6146;62
Jet Airways;15;5;2019;14:05;20:45;15;5;6h 40m;1;14781;6147;62
Jet Airways;24;5;2019;16:30;18:15;25;5;25h 45m;1;10844;6148;62
Jet Airways;24;3;2019;13:55;23:25;24;3;9h 30m;1;14231;6149;62
Jet Airways;1;5;2019;21:10;08:15;2;5;11h 5m;1;10844;6150;62
Jet Airways;6;5;2019;08:25;16:20;6;5;7h 55m;1;14781;6151;62
GoAir;24;5;2019;23:30;07:45;25;5;8h 15m;1;7335;6152;62
Jet Airways;18;5;2019;20:00;08:15;19;5;12h 15m;1;13941;6153;62
Jet Airways;6;5;2019;18:55;16:20;7;5;21h 25m;1;13584;6154;62
Jet Airways;21;5;2019;06:30;09:20;22;5;26h 50m;1;14388;6155;62
Air India;9;5;2019;09:25;07:55;10;5;22h 30m;1;8366;6156;62
Jet Airways;24;3;2019;16:55;19:40;25;3;26h 45m;1;14231;6157;62
Jet Airways;9;6;2019;20:00;16:20;10;6;20h 20m;1;10844;6158;62
Jet Airways;9;5;2019;14:05;04:40;10;5;14h 35m;1;8586;6159;62
Jet Airways;12;6;2019;08:25;18:15;12;6;9h 50m;1;9899;6160;62
Jet Airways;6;6;2019;08:25;19:50;6;6;11h 25m;1;14571;6161;62
Jet Airways;21;5;2019;08:25;08:15;22;5;23h 50m;1;8586;6162;62
Jet Airways;9;6;2019;21:10;22:35;10;6;25h 25m;1;10844;6163;62
Jet Airways;1;4;2019;16:30;22:35;1;4;6h 5m;1;12681;6164;62
Air India;12;5;2019;09:25;18:30;12;5;9h 5m;1;8576;6165;62
Jet Airways;24;3;2019;19:45;20:40;25;3;24h 55m;1;10031;6166;62
Jet Airways;9;6;2019;06:30;12:00;9;6;5h 30m;1;10844;6167;62
Jet Airways;24;5;2019;16:30;09:20;25;5;16h 50m;1;9663;6168;62
Jet Airways;9;6;2019;08:25;18:15;9;6;9h 50m;1;10844;6169;62
Jet Airways;21;5;2019;08:25;20:45;21;5;12h 20m;1;10844;6170;62
Air India;21;5;2019;09:25;18:30;21;5;9h 5m;1;8366;6171;62
Jet Airways;18;5;2019;08:25;12:00;19;5;27h 35m;1;10844;6172;62
Jet Airways;21;5;2019;21:10;04:40;22;5;7h 30m;1;8586;6173;62
Jet Airways;24;3;2019;19:45;19:40;25;3;23h 55m;1;13759;6174;62
Jet Airways;18;5;2019;20:00;18:15;19;5;22h 15m;1;10844;6175;62
Jet Airways;1;4;2019;16:30;16:20;2;4;23h 50m;1;7064;6176;62
Jet Airways;15;5;2019;18:55;09:20;16;5;14h 25m;1;9663;6177;62
Jet Airways;24;3;2019;21:10;09:15;25;3;12h 5m;1;14231;6178;62
Jet Airways;24;3;2019;16:55;16:20;25;3;23h 25m;1;14231;6179;62
Jet Airways;12;6;2019;06:30;16:20;12;6;9h 50m;1;13626;6180;62
Jet Airways;9;5;2019;21:10;08:15;10;5;11h 5m;1;9663;6181;62
Jet Airways;12;6;2019;20:00;12:00;13;6;16h;1;13044;6182;62
Jet Airways;6;5;2019;16:30;04:40;7;5;12h 10m;1;8586;6183;62
Jet Airways;21;5;2019;08:25;09:20;22;5;24h 55m;1;14388;6184;62
Jet Airways;21;5;2019;08:25;08:15;22;5;23h 50m;1;13941;6185;62
Jet Airways;21;5;2019;20:00;08:15;22;5;12h 15m;1;14781;6186;62
Jet Airways;24;3;2019;19:45;09:15;25;3;13h 30m;1;11134;6187;62
Jet Airways;12;6;2019;16:30;04:40;13;6;12h 10m;1;6224;6188;62
Jet Airways;24;3;2019;13:55;09:15;25;3;19h 20m;1;11134;6189;62
Jet Airways;1;4;2019;18:55;12:00;2;4;17h 5m;1;7064;6190;62
Jet Airways;21;5;2019;06:30;16:20;21;5;9h 50m;1;14781;6191;62
Jet Airways;18;5;2019;18:55;08:15;19;5;13h 20m;1;13584;6192;62
Jet Airways;12;5;2019;06:30;16:20;12;5;9h 50m;1;14781;6193;62
Jet Airways;9;6;2019;06:30;19:50;9;6;13h 20m;1;14571;6194;62
Jet Airways;24;3;2019;08:25;04:45;25;3;20h 20m;1;10031;6195;62
Jet Airways;1;4;2019;16:30;16:20;2;4;23h 50m;1;12681;6196;62
Jet Airways;6;6;2019;14:05;04:40;7;6;14h 35m;1;13059;6197;62
Jet Airways;9;5;2019;16:30;10:05;10;5;17h 35m;1;8586;6198;62
Jet Airways;15;5;2019;16:30;22:35;15;5;6h 5m;1;10844;6199;62
Jet Airways;24;3;2019;18:55;08:10;25;3;13h 15m;1;11134;6200;62
Air India;1;5;2019;09:25;07:55;2;5;22h 30m;1;8366;6201;62
Jet Airways;12;5;2019;08:25;09:20;13;5;24h 55m;1;9663;6202;62
Jet Airways;9;5;2019;20:00;18:15;10;5;22h 15m;1;13584;6203;62
Jet Airways;15;5;2019;16:30;04:40;16;5;12h 10m;1;10844;6204;62
Jet Airways;9;6;2019;21:10;09:20;10;6;12h 10m;1;11841;6205;62
Jet Airways;15;5;2019;08:25;20:45;15;5;12h 20m;1;10844;6206;62
Jet Airways;1;4;2019;08:25;23:35;1;4;15h 10m;1;7064;6207;62
Jet Airways;9;6;2019;08:25;19:50;9;6;11h 25m;1;10844;6208;62
Jet Airways;1;5;2019;14:05;08:15;2;5;18h 10m;1;13941;6209;62
Jet Airways;24;5;2019;20:00;12:00;25;5;16h;1;14571;6210;62
Jet Airways;1;4;2019;18:55;20:45;2;4;25h 50m;1;7064;6211;62
Jet Airways;12;6;2019;18:55;08:15;13;6;13h 20m;1;13044;6212;62
GoAir;18;5;2019;23:30;07:45;19;5;8h 15m;1;7335;6213;62
Jet Airways;21;5;2019;08:25;19:50;21;5;11h 25m;1;10844;6214;62
Jet Airways;6;6;2019;08:25;18:15;6;6;9h 50m;1;10844;6215;62
Jet Airways;1;4;2019;06:30;12:00;1;4;5h 30m;1;10056;6216;62
Jet Airways;1;5;2019;08:25;16:20;1;5;7h 55m;1;10844;6217;62
Jet Airways;24;3;2019;13:55;04:45;25;3;14h 50m;1;10661;6218;62
Jet Airways;24;5;2019;14:05;23:35;24;5;9h 30m;1;10844;6219;62
Jet Airways;12;5;2019;16:30;04:40;13;5;12h 10m;1;14388;6220;62
Jet Airways;9;6;2019;21:10;18:15;10;6;21h 5m;1;14571;6221;62
Jet Airways;12;5;2019;20:00;04:40;13;5;8h 40m;1;8586;6222;62
Jet Airways;18;5;2019;14:05;12:00;19;5;21h 55m;1;14388;6223;62
Jet Airways;12;6;2019;16:30;16:20;13;6;23h 50m;1;13044;6224;62
Jet Airways;15;5;2019;16:30;22:35;15;5;6h 5m;1;14781;6225;62
Jet Airways;6;6;2019;18:55;04:40;7;6;9h 45m;1;7757;6226;62
Jet Airways;9;5;2019;21:10;10:05;10;5;12h 55m;1;14388;6227;62
Jet Airways;1;4;2019;16:30;04:40;2;4;12h 10m;1;7064;6228;62
Jet Airways;12;5;2019;20:00;08:15;13;5;12h 15m;1;13941;6229;62
Jet Airways;18;5;2019;14:05;22:35;18;5;8h 30m;1;14781;6230;62
Air India;1;5;2019;09:25;18:30;1;5;9h 5m;1;8891;6231;62
Jet Airways;21;5;2019;21:10;09:20;22;5;12h 10m;1;14781;6232;62
Jet Airways;24;5;2019;18:55;04:40;25;5;9h 45m;1;8586;6233;62
Jet Airways;15;5;2019;08:25;19:50;15;5;11h 25m;1;14781;6234;62
Jet Airways;1;5;2019;21:10;04:40;2;5;7h 30m;1;10844;6235;62
Jet Airways;18;5;2019;14:05;12:00;19;5;21h 55m;1;9663;6236;62
Jet Airways;12;6;2019;16:30;09:20;13;6;16h 50m;1;8529;6237;62
Jet Airways;9;6;2019;21:10;12:00;10;6;14h 50m;1;14571;6238;62
Jet Airways;24;3;2019;16:55;18:10;25;3;25h 15m;1;14231;6239;62
Jet Airways;12;6;2019;20:00;16:20;13;6;20h 20m;1;8529;6240;62
Jet Airways;6;6;2019;18:55;04:40;7;6;9h 45m;1;13374;6241;62
Jet Airways;15;5;2019;06:30;12:00;15;5;5h 30m;1;9663;6242;62
Jet Airways;6;5;2019;14:05;04:40;7;5;14h 35m;1;9663;6243;62
Air India;6;5;2019;09:25;07:55;7;5;22h 30m;1;8366;6244;62
Jet Airways;24;5;2019;08:25;16:20;24;5;7h 55m;1;14571;6245;62
Jet Airways;1;4;2019;08:25;20:45;1;4;12h 20m;1;12681;6246;62
Jet Airways;18;5;2019;18:55;12:00;19;5;17h 5m;1;10844;6247;62
Jet Airways;6;6;2019;18:55;12:00;7;6;17h 5m;1;14571;6248;62
Jet Airways;15;5;2019;08:25;23:35;15;5;15h 10m;1;13941;6249;62
Jet Airways;6;6;2019;18:55;19:50;7;6;24h 55m;1;10844;6250;62
Jet Airways;21;5;2019;16:30;04:40;22;5;12h 10m;1;14388;6251;62
Jet Airways;24;5;2019;18:55;10:05;25;5;15h 10m;1;13731;6252;62
Jet Airways;9;5;2019;08:25;09:20;10;5;24h 55m;1;9663;6253;62
Jet Airways;21;5;2019;21:10;08:15;22;5;11h 5m;1;10844;6254;62
Jet Airways;24;5;2019;20:00;09:20;25;5;13h 20m;1;14571;6255;62
Jet Airways;15;5;2019;06:30;23:35;15;5;17h 5m;1;8586;6256;62
Jet Airways;12;5;2019;06:30;19:50;12;5;13h 20m;1;8586;6257;62
Jet Airways;1;4;2019;08:25;16:20;1;4;7h 55m;1;12996;6258;62
Jet Airways;21;5;2019;06:30;09:20;22;5;26h 50m;1;9663;6259;62
Jet Airways;12;6;2019;18:55;16:20;13;6;21h 25m;1;13044;6260;62
Jet Airways;9;6;2019;06:30;16:20;9;6;9h 50m;1;14571;6261;62
Jet Airways;9;6;2019;20:00;09:20;10;6;13h 20m;1;11841;6262;62
Jet Airways;12;5;2019;08:25;19:50;12;5;11h 25m;1;8586;6263;62
Jet Airways;9;5;2019;14:05;22:35;9;5;8h 30m;1;10844;6264;62
Jet Airways;1;4;2019;18:55;09:20;2;4;14h 25m;1;7064;6265;62
Jet Airways;9;6;2019;18:55;12:00;10;6;17h 5m;1;10844;6266;62
Jet Airways;24;3;2019;21:10;23:25;25;3;26h 15m;1;13759;6267;62
Jet Airways;15;5;2019;08:25;19:50;15;5;11h 25m;1;10844;6268;62
Jet Airways;24;5;2019;06:30;04:40;25;5;22h 10m;1;8586;6269;62
Jet Airways;1;4;2019;06:30;04:40;2;4;22h 10m;1;7064;6270;62
Jet Airways;21;5;2019;21:10;22:35;22;5;25h 25m;1;10844;6271;62
Jet Airways;12;6;2019;14:05;10:05;13;6;20h;1;13044;6272;62
Jet Airways;6;5;2019;16:30;22:35;6;5;6h 5m;1;14781;6273;62
Jet Airways;15;5;2019;18:55;20:45;16;5;25h 50m;1;10844;6274;62
Jet Airways;9;6;2019;08:25;04:40;10;6;20h 15m;1;8586;6275;62
Jet Airways;6;6;2019;20:00;12:00;7;6;16h;1;14571;6276;62
Air India;6;6;2019;16:50;07:55;7;6;15h 5m;1;8366;6277;62
Jet Airways;6;5;2019;06:30;16:20;6;5;9h 50m;1;14781;6278;62
Jet Airways;9;6;2019;18:55;12:00;10;6;17h 5m;1;14571;6279;62
Jet Airways;24;3;2019;21:10;10:05;25;3;12h 55m;1;14914;6280;62
Jet Airways;12;5;2019;16:30;16:20;13;5;23h 50m;1;10844;6281;62
Jet Airways;24;5;2019;18:55;16:20;25;5;21h 25m;1;10844;6282;62
Jet Airways;6;6;2019;20:00;08:15;7;6;12h 15m;1;10844;6283;62
Jet Airways;15;5;2019;21:10;20:45;16;5;23h 35m;1;10844;6284;62
Air India;24;5;2019;16:50;07:55;25;5;15h 5m;1;8576;6285;62
Jet Airways;6;5;2019;14:05;19:50;6;5;5h 45m;1;14781;6286;62
Jet Airways;15;5;2019;20:00;08:15;16;5;12h 15m;1;8586;6287;62
Jet Airways;9;6;2019;21:10;04:40;10;6;7h 30m;1;13731;6288;62
Jet Airways;6;6;2019;06:30;04:40;7;6;22h 10m;1;8586;6289;62
Jet Airways;24;3;2019;18:55;18:10;25;3;23h 15m;1;14231;6290;62
Jet Airways;1;5;2019;14:05;08:15;2;5;18h 10m;1;8586;6291;62
Jet Airways;6;5;2019;18:55;10:05;7;5;15h 10m;1;13584;6292;62
Jet Airways;12;5;2019;20:00;16:20;13;5;20h 20m;1;10844;6293;62
Jet Airways;6;5;2019;06:30;09:20;7;5;26h 50m;1;9663;6294;62
Jet Airways;12;6;2019;16:30;19:50;13;6;27h 20m;1;8529;6295;62
Jet Airways;15;5;2019;06:30;20:45;15;5;14h 15m;1;14781;6296;62
Jet Airways;9;6;2019;08:25;20:45;9;6;12h 20m;1;14571;6297;62
Jet Airways;21;5;2019;20:00;04:40;22;5;8h 40m;1;14781;6298;62
Jet Airways;18;5;2019;08:25;22:35;18;5;14h 10m;1;10844;6299;62
Jet Airways;24;5;2019;20:00;04:40;25;5;8h 40m;1;8586;6300;62
Jet Airways;18;5;2019;08:25;19:50;18;5;11h 25m;1;10844;6301;62
Jet Airways;1;5;2019;14:05;04:40;2;5;14h 35m;1;8586;6302;62
Jet Airways;9;5;2019;21:10;12:00;10;5;14h 50m;1;9663;6303;62
Jet Airways;15;5;2019;14:05;23:35;15;5;9h 30m;1;13941;6304;62
Jet Airways;1;4;2019;16:30;19:50;2;4;27h 20m;1;12681;6305;62
Jet Airways;18;5;2019;18:55;20:45;19;5;25h 50m;1;10844;6306;62
Jet Airways;6;6;2019;14:05;22:35;6;6;8h 30m;1;14571;6307;62
Jet Airways;12;6;2019;14:05;22:35;12;6;8h 30m;1;13626;6308;62
Jet Airways;12;5;2019;08:25;19:50;12;5;11h 25m;1;13941;6309;62
Jet Airways;24;3;2019;21:10;20:40;25;3;23h 30m;1;10031;6310;62
Jet Airways;12;5;2019;14:05;20:45;12;5;6h 40m;1;14781;6311;62
Jet Airways;9;5;2019;06:30;18:15;9;5;11h 45m;1;10844;6312;62
Jet Airways;6;6;2019;21:10;04:40;7;6;7h 30m;1;13374;6313;62
Jet Airways;24;3;2019;13:55;10:05;25;3;20h 10m;1;11134;6314;62
Jet Airways;12;5;2019;18:55;09:20;13;5;14h 25m;1;9663;6315;62
Air India;21;5;2019;09:25;21:50;21;5;12h 25m;1;8366;6316;62
Jet Airways;6;6;2019;16:30;22:35;6;6;6h 5m;1;10844;6317;62
Jet Airways;1;4;2019;20:00;08:15;2;4;12h 15m;1;7064;6318;62
Jet Airways;6;5;2019;20:00;08:15;7;5;12h 15m;1;9663;6319;62
Jet Airways;1;4;2019;20:00;19:50;2;4;23h 50m;1;12681;6320;62
Jet Airways;12;6;2019;18:55;04:40;13;6;9h 45m;1;6959;6321;62
Jet Airways;6;6;2019;08:25;04:40;7;6;20h 15m;1;13731;6322;62
Jet Airways;9;6;2019;16:30;23:35;9;6;7h 5m;1;14571;6323;62
Jet Airways;21;5;2019;14:05;08:15;22;5;18h 10m;1;14388;6324;62
Jet Airways;18;5;2019;21:10;08:15;19;5;11h 5m;1;8586;6325;62
Jet Airways;15;5;2019;18:55;08:15;16;5;13h 20m;1;9663;6326;62
Jet Airways;12;6;2019;14:05;19:50;12;6;5h 45m;1;9899;6327;62
Jet Airways;18;5;2019;20:00;16:20;19;5;20h 20m;1;10844;6328;62
Jet Airways;24;5;2019;14:05;16:20;25;5;26h 15m;1;10844;6329;62
Jet Airways;9;5;2019;21:10;04:40;10;5;7h 30m;1;14388;6330;62
Jet Airways;6;5;2019;06:30;10:05;7;5;27h 35m;1;13941;6331;62
Jet Airways;6;5;2019;08:25;18:15;6;5;9h 50m;1;10844;6332;62
Jet Airways;12;5;2019;06:30;09:20;13;5;26h 50m;1;9663;6333;62
Jet Airways;24;3;2019;06:30;19:40;24;3;13h 10m;1;13339;6334;62
Jet Airways;21;5;2019;21:10;08:15;22;5;11h 5m;1;14781;6335;62
Jet Airways;9;5;2019;14:05;09:20;10;5;19h 15m;1;9663;6336;62
Jet Airways;1;5;2019;20:00;09:20;2;5;13h 20m;1;9663;6337;62
Jet Airways;24;5;2019;16:30;04:40;25;5;12h 10m;1;14571;6338;62
Jet Airways;12;6;2019;08:25;18:15;12;6;9h 50m;1;13626;6339;62
Jet Airways;9;6;2019;20:00;23:35;10;6;27h 35m;1;10844;6340;62
Jet Airways;1;5;2019;08:25;20:45;1;5;12h 20m;1;10844;6341;62
Jet Airways;6;6;2019;20:00;16:20;7;6;20h 20m;1;14571;6342;62
Jet Airways;24;3;2019;19:45;18:10;25;3;22h 25m;1;13759;6343;62
Jet Airways;24;3;2019;06:30;12:00;24;3;5h 30m;1;7826;6344;62
Jet Airways;9;6;2019;18:55;18:15;10;6;23h 20m;1;10844;6345;62
Jet Airways;1;4;2019;20:00;08:15;2;4;12h 15m;1;12681;6346;62
Jet Airways;24;5;2019;06:30;09:20;25;5;26h 50m;1;14178;6347;62
Jet Airways;24;3;2019;08:25;22:35;24;3;14h 10m;1;13759;6348;62
Jet Airways;1;4;2019;14:05;22:35;1;4;8h 30m;1;13364;6349;62
Jet Airways;12;5;2019;06:30;16:20;12;5;9h 50m;1;10844;6350;62
Jet Airways;15;5;2019;20:00;04:40;16;5;8h 40m;1;13941;6351;62
Jet Airways;1;5;2019;16:30;08:15;2;5;15h 45m;1;8586;6352;62
Jet Airways;12;5;2019;18:55;04:40;13;5;9h 45m;1;9663;6353;62
Jet Airways;24;3;2019;13:55;12:00;25;3;22h 5m;1;14231;6354;62
Jet Airways;9;6;2019;08:25;16:20;9;6;7h 55m;1;14571;6355;62
Jet Airways;12;6;2019;18:55;12:00;13;6;17h 5m;1;8529;6356;62
Jet Airways;12;6;2019;20:00;04:40;13;6;8h 40m;1;12576;6357;62
Jet Airways;9;5;2019;08:25;04:40;10;5;20h 15m;1;8586;6358;62
Jet Airways;9;5;2019;14:05;04:40;10;5;14h 35m;1;13941;6359;62
Jet Airways;9;5;2019;14:05;23:35;9;5;9h 30m;1;10844;6360;62
Jet Airways;6;5;2019;21:10;16:20;7;5;19h 10m;1;13584;6361;62
Jet Airways;12;5;2019;20:00;18:15;13;5;22h 15m;1;10844;6362;62
Jet Airways;12;5;2019;18:55;08:15;13;5;13h 20m;1;14388;6363;62
Jet Airways;18;5;2019;05:45;16:20;18;5;10h 35m;1;14781;6364;62
Jet Airways;1;4;2019;08:25;16:20;1;4;7h 55m;1;7851;6365;62
GoAir;9;6;2019;23:30;07:45;10;6;8h 15m;1;6354;6366;62
Jet Airways;6;5;2019;20:00;08:15;7;5;12h 15m;1;14388;6367;62
Jet Airways;9;6;2019;08:25;18:15;9;6;9h 50m;1;14571;6368;62
Jet Airways;6;5;2019;06:30;12:00;6;5;5h 30m;1;14388;6369;62
Jet Airways;6;6;2019;20:00;19:50;7;6;23h 50m;1;10844;6370;62
Jet Airways;24;5;2019;08:25;18:15;24;5;9h 50m;1;14571;6371;62
Jet Airways;6;5;2019;20:00;19:50;7;5;23h 50m;1;14388;6372;62
Jet Airways;12;5;2019;18:55;18:15;13;5;23h 20m;1;10844;6373;62
Jet Airways;6;6;2019;21:10;04:40;7;6;7h 30m;1;7757;6374;62
Jet Airways;12;5;2019;16:30;23:35;12;5;7h 5m;1;14781;6375;62
Jet Airways;12;5;2019;08:25;04:40;13;5;20h 15m;1;13941;6376;62
Jet Airways;1;5;2019;08:25;09:20;2;5;24h 55m;1;9663;6377;62
Jet Airways;1;4;2019;20:00;22:35;2;4;26h 35m;1;12681;6378;62
Jet Airways;6;5;2019;06:30;08:15;7;5;25h 45m;1;13941;6379;62
Jet Airways;12;6;2019;14:05;09:20;13;6;19h 15m;1;8529;6380;62
Air India;15;5;2019;09:25;21:50;15;5;12h 25m;1;8366;6381;62
Jet Airways;21;5;2019;18:55;19:50;22;5;24h 55m;1;10844;6382;62
Air India;15;5;2019;09:25;18:30;15;5;9h 5m;1;8891;6383;62
Jet Airways;24;3;2019;08:25;04:45;25;3;20h 20m;1;13759;6384;62
Air India;18;5;2019;09:25;21:50;18;5;12h 25m;1;8366;6385;62
Jet Airways;18;5;2019;08:25;20:45;18;5;12h 20m;1;10844;6386;62
Jet Airways;6;5;2019;06:30;18:15;6;5;11h 45m;1;14781;6387;62
Jet Airways;24;3;2019;06:30;18:10;24;3;11h 40m;1;13759;6388;62
Jet Airways;12;5;2019;18:55;12:00;13;5;17h 5m;1;9663;6389;62
Jet Airways;12;6;2019;20:00;08:15;13;6;12h 15m;1;13044;6390;62
Jet Airways;18;5;2019;05:45;08:15;19;5;26h 30m;1;8586;6391;62
Jet Airways;21;5;2019;18:55;04:40;22;5;9h 45m;1;9663;6392;62
Jet Airways;12;5;2019;18:55;19:50;13;5;24h 55m;1;10844;6393;62
Jet Airways;6;5;2019;06:30;04:40;7;5;22h 10m;1;8586;6394;62
Jet Airways;1;4;2019;16:30;22:35;1;4;6h 5m;1;7064;6395;62
Jet Airways;6;6;2019;20:00;16:20;7;6;20h 20m;1;10844;6396;62
Jet Airways;21;5;2019;06:30;18:15;21;5;11h 45m;1;10844;6397;62
Jet Airways;15;5;2019;20:00;09:20;16;5;13h 20m;1;9663;6398;62
Jet Airways;6;5;2019;16:30;20:45;7;5;28h 15m;1;9663;6399;62
Jet Airways;12;6;2019;16:30;23:35;12;6;7h 5m;1;13626;6400;62
Jet Airways;12;6;2019;18:55;18:15;13;6;23h 20m;1;8529;6401;62
Jet Airways;24;3;2019;06:30;16:20;24;3;9h 50m;1;8824;6402;62
Jet Airways;9;5;2019;20:00;04:40;10;5;8h 40m;1;8586;6403;62
Jet Airways;18;5;2019;20:00;09:20;19;5;13h 20m;1;10844;6404;62
Jet Airways;24;5;2019;21:10;09:20;25;5;12h 10m;1;9663;6405;62
Jet Airways;1;4;2019;06:30;18:15;1;4;11h 45m;1;7064;6406;62
Jet Airways;24;3;2019;21:10;08:10;25;3;11h;1;14231;6407;62
Jet Airways;12;5;2019;16:30;19:50;13;5;27h 20m;1;10844;6408;62
Jet Airways;1;5;2019;14:05;23:35;1;5;9h 30m;1;14781;6409;62
Jet Airways;1;4;2019;20:00;22:35;2;4;26h 35m;1;7064;6410;62
Jet Airways;9;6;2019;14:05;22:35;9;6;8h 30m;1;10844;6411;62
Jet Airways;12;5;2019;20:00;10:05;13;5;14h 5m;1;13941;6412;62
Jet Airways;1;4;2019;18:55;08:15;2;4;13h 20m;1;12681;6413;62
Jet Airways;24;3;2019;08:25;12:00;25;3;27h 35m;1;13759;6414;62
Jet Airways;18;5;2019;18:55;16:20;19;5;21h 25m;1;10844;6415;62
Jet Airways;9;6;2019;08:25;19:50;9;6;11h 25m;1;14571;6416;62
Jet Airways;1;4;2019;06:30;20:45;1;4;14h 15m;1;7064;6417;62
Jet Airways;18;5;2019;20:00;19:50;19;5;23h 50m;1;10844;6418;62
Jet Airways;24;3;2019;16:55;18:10;25;3;25h 15m;1;11134;6419;62
Jet Airways;21;5;2019;21:10;09:20;22;5;12h 10m;1;10844;6420;62
Jet Airways;18;5;2019;21:10;09:20;19;5;12h 10m;1;9663;6421;62
Jet Airways;12;6;2019;14:05;12:00;13;6;21h 55m;1;8529;6422;62
Jet Airways;9;6;2019;06:30;16:20;9;6;9h 50m;1;10844;6423;62
Jet Airways;1;4;2019;06:30;18:15;1;4;11h 45m;1;12681;6424;62
Jet Airways;6;5;2019;18:55;10:05;7;5;15h 10m;1;7757;6425;62
Jet Airways;12;5;2019;16:30;12:00;13;5;19h 30m;1;10844;6426;62
Jet Airways;12;6;2019;14:05;19:50;12;6;5h 45m;1;13626;6427;62
Jet Airways;6;6;2019;14:05;23:35;6;6;9h 30m;1;10844;6428;62
Jet Airways;24;3;2019;16:55;12:00;25;3;19h 5m;1;11134;6429;62
Jet Airways;24;3;2019;19:45;12:00;25;3;16h 15m;1;11134;6430;62
Jet Airways;12;6;2019;14:05;09:20;13;6;19h 15m;1;13044;6431;62
Jet Airways;18;5;2019;05:45;09:20;19;5;27h 35m;1;9663;6432;62
Air India;24;3;2019;09:25;18:30;24;3;9h 5m;1;10493;6433;62
Jet Airways;15;5;2019;18:55;10:05;16;5;15h 10m;1;14388;6434;62
Air India;6;5;2019;09:25;18:30;6;5;9h 5m;1;8891;6435;62
Jet Airways;24;3;2019;13:55;10:05;25;3;20h 10m;1;14231;6436;62
Jet Airways;9;6;2019;16:30;22:35;9;6;6h 5m;1;14571;6437;62
Jet Airways;15;5;2019;14:05;16:20;16;5;26h 15m;1;10844;6438;62
Jet Airways;6;6;2019;18:55;16:20;7;6;21h 25m;1;10844;6439;62
Jet Airways;6;6;2019;08:25;20:45;6;6;12h 20m;1;14571;6440;62
Jet Airways;9;6;2019;06:30;12:00;9;6;5h 30m;1;14571;6441;62
Jet Airways;1;4;2019;14:05;19:50;1;4;5h 45m;1;13364;6442;62
Jet Airways;6;6;2019;20:00;09:20;7;6;13h 20m;1;10844;6443;62
Air India;24;5;2019;09:25;11:10;25;5;25h 45m;1;8891;6444;62
Jet Airways;9;6;2019;06:30;04:40;10;6;22h 10m;1;14178;6445;62
Jet Airways;1;4;2019;20:00;16:20;2;4;20h 20m;1;12681;6446;62
Jet Airways;1;5;2019;06:30;18:15;1;5;11h 45m;1;14781;6447;62
Jet Airways;21;5;2019;06:30;04:40;22;5;22h 10m;1;8586;6448;62
Jet Airways;6;6;2019;08:25;04:40;7;6;20h 15m;1;8586;6449;62
Jet Airways;1;5;2019;20:00;04:40;2;5;8h 40m;1;13941;6450;62
Jet Airways;6;5;2019;08:25;19:50;6;5;11h 25m;1;14781;6451;62
Jet Airways;21;5;2019;21:10;19:50;22;5;22h 40m;1;10844;6452;62
Jet Airways;15;5;2019;14:05;23:35;15;5;9h 30m;1;8586;6453;62
Jet Airways;15;5;2019;16:30;16:20;16;5;23h 50m;1;10844;6454;62
Jet Airways;12;6;2019;06:30;19:50;12;6;13h 20m;1;13626;6455;62
Jet Airways;6;5;2019;14:05;23:35;6;5;9h 30m;1;11841;6456;62
Jet Airways;21;5;2019;20:00;22:35;22;5;26h 35m;1;10844;6457;62
Jet Airways;12;5;2019;20:00;10:05;13;5;14h 5m;1;8586;6458;62
Jet Airways;9;5;2019;14:05;20:45;9;5;6h 40m;1;10844;6459;62
Jet Airways;15;5;2019;16:30;12:00;16;5;19h 30m;1;14781;6460;62
Jet Airways;9;5;2019;20:00;12:00;10;5;16h;1;9663;6461;62
Jet Airways;1;4;2019;21:10;08:15;2;4;11h 5m;1;8849;6462;62
Jet Airways;12;6;2019;08:25;19:50;12;6;11h 25m;1;9899;6463;62
Jet Airways;1;4;2019;18:55;18:15;2;4;23h 20m;1;7064;6464;62
Jet Airways;1;4;2019;18:55;16:20;2;4;21h 25m;1;7064;6465;62
Jet Airways;9;6;2019;08:25;20:45;9;6;12h 20m;1;10844;6466;62
Jet Airways;12;6;2019;16:30;20:45;13;6;28h 15m;1;8529;6467;62
Jet Airways;24;5;2019;20:00;20:45;25;5;24h 45m;1;10844;6468;62
Jet Airways;21;5;2019;14:05;10:05;22;5;20h;1;14388;6469;62
Jet Airways;15;5;2019;18:55;12:00;16;5;17h 5m;1;10844;6470;62
Jet Airways;6;5;2019;14:05;23:35;6;5;9h 30m;1;15149;6471;62
Jet Airways;12;6;2019;14:05;04:40;13;6;14h 35m;1;7594;6472;62
Jet Airways;1;5;2019;20:00;04:40;2;5;8h 40m;1;8586;6473;62
Jet Airways;21;5;2019;18:55;16:20;22;5;21h 25m;1;10844;6474;62
Jet Airways;24;5;2019;08:25;18:15;24;5;9h 50m;1;10844;6475;62
Jet Airways;9;5;2019;16:30;18:15;10;5;25h 45m;1;13941;6476;62
Jet Airways;12;5;2019;06:30;18:15;12;5;11h 45m;1;10844;6477;62
Jet Airways;24;5;2019;16:30;04:40;25;5;12h 10m;1;10844;6478;62
Jet Airways;1;4;2019;20:00;12:00;2;4;16h;1;12681;6479;62
Jet Airways;24;3;2019;13:55;23:25;24;3;9h 30m;1;11134;6480;62
Jet Airways;12;6;2019;18:55;19:50;13;6;24h 55m;1;13044;6481;62
Jet Airways;12;5;2019;06:30;18:15;12;5;11h 45m;1;14781;6482;62
Jet Airways;12;5;2019;14:05;19:50;12;5;5h 45m;1;10844;6483;62
Jet Airways;21;5;2019;06:30;08:15;22;5;25h 45m;1;13941;6484;62
Jet Airways;9;5;2019;21:10;08:15;10;5;11h 5m;1;14388;6485;62
Jet Airways;9;5;2019;21:10;04:40;10;5;7h 30m;1;9663;6486;62
Jet Airways;24;5;2019;18:55;19:50;25;5;24h 55m;1;10844;6487;62
Jet Airways;6;5;2019;06:30;16:20;6;5;9h 50m;1;10844;6488;62
Jet Airways;6;6;2019;21:10;09:20;7;6;12h 10m;1;14571;6489;62
Jet Airways;9;5;2019;20:00;10:05;10;5;14h 5m;1;13584;6490;62
Jet Airways;24;5;2019;18:55;18:15;25;5;23h 20m;1;10844;6491;62
Jet Airways;18;5;2019;05:45;12:00;18;5;6h 15m;1;8586;6492;62
Jet Airways;12;6;2019;20:00;09:20;13;6;13h 20m;1;13044;6493;62
Jet Airways;21;5;2019;06:30;10:05;22;5;27h 35m;1;8586;6494;62
Jet Airways;1;4;2019;06:30;22:35;1;4;16h 5m;1;7064;6495;62
Jet Airways;15;5;2019;06:30;16:20;15;5;9h 50m;1;14781;6496;62
Jet Airways;12;5;2019;21:10;12:00;13;5;14h 50m;1;14388;6497;62
Jet Airways;12;6;2019;21:10;04:40;13;6;7h 30m;1;12739;6498;62
Jet Airways;24;3;2019;06:30;04:45;25;3;22h 15m;1;13759;6499;62
Jet Airways;9;5;2019;14:05;12:00;10;5;21h 55m;1;9663;6500;62
Jet Airways;6;6;2019;20:00;04:40;7;6;8h 40m;1;8586;6501;62
Jet Airways;9;5;2019;18:55;08:15;10;5;13h 20m;1;8586;6502;62
Jet Airways;21;5;2019;14:05;10:05;22;5;20h;1;9663;6503;62
Jet Airways;6;6;2019;06:30;23:35;6;6;17h 5m;1;14571;6504;62
Jet Airways;24;3;2019;21:10;04:45;25;3;7h 35m;1;13759;6505;62
Jet Airways;9;6;2019;16:30;23:35;9;6;7h 5m;1;10844;6506;62
Jet Airways;18;5;2019;14:05;10:05;19;5;20h;1;9663;6507;62
Jet Airways;21;5;2019;14:05;22:35;21;5;8h 30m;1;10844;6508;62
GoAir;9;5;2019;23:30;07:45;10;5;8h 15m;1;6095;6509;62
Jet Airways;1;4;2019;06:30;19:50;1;4;13h 20m;1;7064;6510;62
Jet Airways;12;5;2019;06:30;19:50;12;5;13h 20m;1;13941;6511;62
Air India;9;5;2019;16:50;07:55;10;5;15h 5m;1;8366;6512;62
Jet Airways;21;5;2019;20:00;09:20;22;5;13h 20m;1;10844;6513;62
Jet Airways;12;5;2019;21:10;10:05;13;5;12h 55m;1;8586;6514;62
Jet Airways;6;6;2019;16:30;23:35;6;6;7h 5m;1;14571;6515;62
Jet Airways;24;3;2019;06:30;16:20;24;3;9h 50m;1;13339;6516;62
Jet Airways;9;5;2019;14:05;19:50;9;5;5h 45m;1;10844;6517;62
Jet Airways;18;5;2019;05:45;18:15;18;5;12h 30m;1;10844;6518;62
Jet Airways;15;5;2019;16:30;12:00;16;5;19h 30m;1;10844;6519;62
Jet Airways;12;6;2019;21:10;09:20;13;6;12h 10m;1;8529;6520;62
Jet Airways;12;6;2019;18:55;23:35;13;6;28h 40m;1;8529;6521;62
Jet Airways;9;5;2019;06:30;04:40;10;5;22h 10m;1;13941;6522;62
Jet Airways;6;6;2019;08:25;19:50;6;6;11h 25m;1;10844;6523;62
Jet Airways;6;6;2019;06:30;04:40;7;6;22h 10m;1;13731;6524;62
Air India;1;4;2019;16:50;18:30;2;4;25h 40m;1;7893;6525;62
Jet Airways;6;5;2019;14:05;12:00;7;5;21h 55m;1;9663;6526;62
Jet Airways;1;5;2019;06:30;18:15;1;5;11h 45m;1;10844;6527;62
Jet Airways;24;5;2019;14:05;22:35;24;5;8h 30m;1;14571;6528;62
Jet Airways;18;5;2019;16:30;16:20;19;5;23h 50m;1;10844;6529;62
Jet Airways;24;5;2019;14:05;20:45;24;5;6h 40m;1;10844;6530;62
Jet Airways;21;5;2019;20:00;09:20;22;5;13h 20m;1;14781;6531;62
Jet Airways;12;6;2019;06:30;18:15;12;6;11h 45m;1;13626;6532;62
Jet Airways;24;3;2019;06:30;18:10;24;3;11h 40m;1;10031;6533;62
Jet Airways;12;5;2019;16:30;20:45;13;5;28h 15m;1;10844;6534;62
Jet Airways;15;5;2019;21:10;16:20;16;5;19h 10m;1;10844;6535;62
Jet Airways;18;5;2019;18:55;09:20;19;5;14h 25m;1;14388;6536;62
Jet Airways;15;5;2019;21:10;08:15;16;5;11h 5m;1;14388;6537;62
Jet Airways;21;5;2019;06:30;08:15;22;5;25h 45m;1;8586;6538;62
Jet Airways;12;6;2019;16:30;12:00;13;6;19h 30m;1;8529;6539;62
Jet Airways;9;6;2019;18:55;08:15;10;6;13h 20m;1;14939;6540;62
Jet Airways;12;5;2019;06:30;12:00;12;5;5h 30m;1;8586;6541;62
Jet Airways;6;6;2019;20:00;12:00;7;6;16h;1;10844;6542;62
Jet Airways;18;5;2019;18:55;22:35;19;5;27h 40m;1;10844;6543;62
Jet Airways;15;5;2019;16:30;04:40;16;5;12h 10m;1;14781;6544;62
Jet Airways;9;5;2019;20:00;18:15;10;5;22h 15m;1;7757;6545;62
Jet Airways;15;5;2019;21:10;10:05;16;5;12h 55m;1;11841;6546;62
Jet Airways;18;5;2019;18:55;23:35;19;5;28h 40m;1;10844;6547;62
Jet Airways;15;5;2019;18:55;19:50;16;5;24h 55m;1;10844;6548;62
Jet Airways;1;5;2019;06:30;09:20;2;5;26h 50m;1;9663;6549;62
Jet Airways;9;6;2019;16:30;22:35;9;6;6h 5m;1;10844;6550;62
Jet Airways;21;5;2019;20:00;12:00;22;5;16h;1;10844;6551;62
Jet Airways;6;6;2019;20:00;09:20;7;6;13h 20m;1;14571;6552;62
Jet Airways;9;5;2019;08:25;18:15;9;5;9h 50m;1;14781;6553;62
Jet Airways;9;6;2019;14:05;23:35;9;6;9h 30m;1;10844;6554;62
Jet Airways;9;5;2019;14:05;23:35;9;5;9h 30m;1;14781;6555;62
Jet Airways;9;5;2019;06:30;12:00;9;5;5h 30m;1;14388;6556;62
Jet Airways;24;3;2019;13:55;04:45;25;3;14h 50m;1;13759;6557;62
Jet Airways;1;4;2019;18:55;04:40;2;4;9h 45m;1;7064;6558;62
Jet Airways;6;5;2019;21:10;10:05;7;5;12h 55m;1;13584;6559;62
Jet Airways;9;6;2019;06:30;18:15;9;6;11h 45m;1;14571;6560;62
Jet Airways;18;5;2019;08:25;22:35;18;5;14h 10m;1;14781;6561;62
Jet Airways;18;5;2019;14:05;23:35;18;5;9h 30m;1;10844;6562;62
Jet Airways;1;4;2019;16:30;18:15;2;4;25h 45m;1;7064;6563;62
Jet Airways;6;5;2019;08:25;18:15;6;5;9h 50m;1;14781;6564;62
Jet Airways;6;5;2019;06:30;08:15;7;5;25h 45m;1;8586;6565;62
Jet Airways;12;5;2019;21:10;04:40;13;5;7h 30m;1;13941;6566;62
Jet Airways;24;3;2019;06:30;04:45;25;3;22h 15m;1;10031;6567;62
Jet Airways;18;5;2019;05:45;12:00;18;5;6h 15m;1;13941;6568;62
Jet Airways;15;5;2019;16:30;10:05;16;5;17h 35m;1;14781;6569;62
Jet Airways;9;5;2019;14:05;19:50;9;5;5h 45m;1;14781;6570;62
Jet Airways;12;6;2019;08:25;16:20;12;6;7h 55m;1;9899;6571;62
Jet Airways;24;5;2019;16:30;09:20;25;5;16h 50m;1;14178;6572;62
Jet Airways;9;5;2019;16:30;04:40;10;5;12h 10m;1;14781;6573;62
Jet Airways;24;3;2019;08:25;22:35;24;3;14h 10m;1;10031;6574;62
Jet Airways;18;5;2019;05:45;16:20;18;5;10h 35m;1;10844;6575;62
Jet Airways;18;5;2019;08:25;16:20;18;5;7h 55m;1;14781;6576;62
Jet Airways;24;5;2019;18:55;12:00;25;5;17h 5m;1;10844;6577;62
Jet Airways;6;6;2019;20:00;08:15;7;6;12h 15m;1;14571;6578;62
Jet Airways;24;5;2019;06:30;16:20;24;5;9h 50m;1;10844;6579;62
Jet Airways;1;4;2019;06:30;16:20;1;4;9h 50m;1;12996;6580;62
Jet Airways;1;5;2019;18:55;10:05;2;5;15h 10m;1;13941;6581;62
Jet Airways;18;5;2019;08:25;09:20;19;5;24h 55m;1;14388;6582;62
Jet Airways;24;3;2019;19:45;23:25;25;3;27h 40m;1;13759;6583;62
Jet Airways;15;5;2019;16:30;23:35;15;5;7h 5m;1;13941;6584;62
Jet Airways;1;4;2019;18:55;22:35;2;4;27h 40m;1;7064;6585;62
Air India;12;5;2019;09:25;21:50;12;5;12h 25m;1;8891;6586;62
Jet Airways;24;5;2019;18:55;04:40;25;5;9h 45m;1;13731;6587;62
Jet Airways;1;4;2019;20:00;19:50;2;4;23h 50m;1;7064;6588;62
Jet Airways;15;5;2019;20:00;10:05;16;5;14h 5m;1;8586;6589;62
Jet Airways;9;6;2019;21:10;04:40;10;6;7h 30m;1;8586;6590;62
Jet Airways;12;6;2019;21:10;10:05;13;6;12h 55m;1;8529;6591;62
Jet Airways;24;5;2019;08:25;19:50;24;5;11h 25m;1;14571;6592;62
Jet Airways;24;5;2019;16:30;23:35;24;5;7h 5m;1;14571;6593;62
Jet Airways;1;5;2019;20:00;10:05;2;5;14h 5m;1;13941;6594;62
Jet Airways;12;5;2019;18:55;08:15;13;5;13h 20m;1;9663;6595;62
Jet Airways;1;5;2019;18:55;10:05;2;5;15h 10m;1;8586;6596;62
Air India;1;4;2019;16:50;07:55;2;4;15h 5m;1;7893;6597;62
Jet Airways;24;5;2019;08:25;19:50;24;5;11h 25m;1;10844;6598;62
Jet Airways;24;3;2019;19:45;20:40;25;3;24h 55m;1;13759;6599;62
Jet Airways;1;4;2019;20:00;12:00;2;4;16h;1;7064;6600;62
Jet Airways;24;3;2019;19:45;22:35;25;3;26h 50m;1;10031;6601;62
Air India;24;5;2019;09:25;07:55;25;5;22h 30m;1;8366;6602;62
Jet Airways;18;5;2019;05:45;08:15;19;5;26h 30m;1;13941;6603;62
Jet Airways;9;6;2019;21:10;18:15;10;6;21h 5m;1;10844;6604;62
Jet Airways;15;5;2019;16:30;23:35;15;5;7h 5m;1;8586;6605;62
Jet Airways;12;5;2019;21:10;16:20;13;5;19h 10m;1;10844;6606;62
Jet Airways;18;5;2019;16:30;12:00;19;5;19h 30m;1;10844;6607;62
Jet Airways;1;4;2019;21:10;09:20;2;4;12h 10m;1;8849;6608;62
Jet Airways;9;5;2019;06:30;12:00;9;5;5h 30m;1;9663;6609;62
Jet Airways;1;4;2019;18:55;23:35;2;4;28h 40m;1;7064;6610;62
Jet Airways;1;5;2019;08:25;04:40;2;5;20h 15m;1;13941;6611;62
Jet Airways;12;5;2019;08:25;08:15;13;5;23h 50m;1;8586;6612;62
Jet Airways;18;5;2019;14:05;08:15;19;5;18h 10m;1;14388;6613;62
Jet Airways;24;3;2019;06:30;23:25;24;3;16h 55m;1;13339;6614;62
Jet Airways;24;5;2019;20:00;19:50;25;5;23h 50m;1;10844;6615;62
Jet Airways;24;3;2019;19:45;16:20;25;3;20h 35m;1;13759;6616;62
Jet Airways;1;5;2019;16:30;08:15;2;5;15h 45m;1;13941;6617;62
Jet Airways;24;5;2019;20:00;10:05;25;5;14h 5m;1;8586;6618;62
Jet Airways;24;3;2019;13:55;19:40;24;3;5h 45m;1;14231;6619;62
Jet Airways;1;5;2019;16:30;10:05;2;5;17h 35m;1;8586;6620;62
Jet Airways;18;5;2019;05:45;04:40;19;5;22h 55m;1;8586;6621;62
Jet Airways;6;6;2019;21:10;10:05;7;6;12h 55m;1;14571;6622;62
Jet Airways;12;6;2019;14:05;20:45;12;6;6h 40m;1;9899;6623;62
Jet Airways;24;5;2019;18:55;08:15;25;5;13h 20m;1;8586;6624;62
Jet Airways;18;5;2019;16:30;08:15;19;5;15h 45m;1;8586;6625;62
Jet Airways;1;4;2019;08:25;19:50;1;4;11h 25m;1;7064;6626;62
Jet Airways;12;6;2019;08:25;10:05;13;6;25h 40m;1;8529;6627;62
Jet Airways;21;5;2019;08:25;18:15;21;5;9h 50m;1;10844;6628;62
Jet Airways;1;5;2019;14:05;19:50;1;5;5h 45m;1;14781;6629;62
Jet Airways;9;6;2019;18:55;20:45;10;6;25h 50m;1;10844;6630;62
Jet Airways;12;5;2019;21:10;04:40;13;5;7h 30m;1;8586;6631;62
Jet Airways;24;5;2019;18:55;09:20;25;5;14h 25m;1;10844;6632;62
Jet Airways;9;6;2019;08:25;04:40;10;6;20h 15m;1;13731;6633;62
Jet Airways;24;5;2019;14:05;09:20;25;5;19h 15m;1;9663;6634;62
GoAir;6;5;2019;23:30;07:45;7;5;8h 15m;1;7451;6635;62
Jet Airways;21;5;2019;21:10;10:05;22;5;12h 55m;1;8586;6636;62
Jet Airways;18;5;2019;05:45;19:50;18;5;14h 5m;1;14781;6637;62
Jet Airways;24;3;2019;16:55;16:20;25;3;23h 25m;1;11134;6638;62
Jet Airways;12;6;2019;14:05;18:15;13;6;28h 10m;1;8529;6639;62
Jet Airways;24;3;2019;08:25;20:40;24;3;12h 15m;1;11134;6640;62
Jet Airways;9;6;2019;20:00;12:00;10;6;16h;1;14571;6641;62
Jet Airways;18;5;2019;21:10;09:20;19;5;12h 10m;1;14388;6642;62
Jet Airways;24;3;2019;21:10;20:40;25;3;23h 30m;1;13759;6643;62
Jet Airways;21;5;2019;21:10;04:40;22;5;7h 30m;1;13941;6644;62
Jet Airways;21;5;2019;14:05;22:35;21;5;8h 30m;1;14781;6645;62
Jet Airways;24;5;2019;14:05;18:15;25;5;28h 10m;1;10844;6646;62
Jet Airways;6;5;2019;16:30;16:20;7;5;23h 50m;1;13941;6647;62
Jet Airways;21;5;2019;14:05;23:35;21;5;9h 30m;1;14781;6648;62
Jet Airways;24;5;2019;16:30;12:00;25;5;19h 30m;1;10844;6649;62
Jet Airways;12;5;2019;14:05;19:50;12;5;5h 45m;1;14781;6650;62
Jet Airways;18;5;2019;18:55;19:50;19;5;24h 55m;1;10844;6651;62
Jet Airways;21;5;2019;14:05;20:45;21;5;6h 40m;1;10844;6652;62
Jet Airways;12;6;2019;14:05;16:20;13;6;26h 15m;1;8529;6653;62
Jet Airways;6;6;2019;08:25;16:20;6;6;7h 55m;1;10844;6654;62
Jet Airways;12;6;2019;16:30;23:35;12;6;7h 5m;1;9899;6655;62
IndiGo;24;3;2019;05:35;11:20;24;3;5h 45m;1;9319;6656;62
Air India;12;6;2019;09:25;18:30;12;6;9h 5m;1;8366;6657;62
Jet Airways;1;4;2019;16:30;20:45;2;4;28h 15m;1;7064;6658;62
Jet Airways;24;3;2019;19:45;19:40;25;3;23h 55m;1;10031;6659;62
Jet Airways;12;5;2019;21:10;08:15;13;5;11h 5m;1;8586;6660;62
Jet Airways;24;5;2019;20:00;04:40;25;5;8h 40m;1;13731;6661;62
Air India;18;5;2019;09:25;18:30;18;5;9h 5m;1;8576;6662;62
Jet Airways;21;5;2019;06:30;19:50;21;5;13h 20m;1;10844;6663;62
Jet Airways;12;5;2019;06:30;08:15;13;5;25h 45m;1;13941;6664;62
Jet Airways;6;5;2019;06:30;10:05;7;5;27h 35m;1;8586;6665;62
Jet Airways;21;5;2019;16:30;04:40;22;5;12h 10m;1;9663;6666;62
Jet Airways;12;6;2019;16:30;22:35;12;6;6h 5m;1;9899;6667;62
Jet Airways;12;6;2019;06:30;19:50;12;6;13h 20m;1;9899;6668;62
Jet Airways;18;5;2019;14:05;10:05;19;5;20h;1;14388;6669;62
Jet Airways;15;5;2019;18:55;18:15;16;5;23h 20m;1;10844;6670;62
Jet Airways;24;5;2019;08:25;20:45;24;5;12h 20m;1;10844;6671;62
Jet Airways;1;4;2019;08:25;22:35;1;4;14h 10m;1;7064;6672;62
Jet Airways;1;4;2019;06:30;08:15;2;4;25h 45m;1;7064;6673;62
Jet Airways;24;3;2019;21:10;23:25;25;3;26h 15m;1;10031;6674;62
Jet Airways;6;5;2019;20:00;04:40;7;5;8h 40m;1;9663;6675;62
Jet Airways;24;3;2019;18:55;08:10;25;3;13h 15m;1;14231;6676;62
Jet Airways;9;6;2019;18:55;19:50;10;6;24h 55m;1;10844;6677;62
Jet Airways;21;5;2019;21:10;18:15;22;5;21h 5m;1;10844;6678;62
Jet Airways;12;6;2019;06:30;12:00;12;6;5h 30m;1;13626;6679;62
Jet Airways;12;5;2019;20:00;09:20;13;5;13h 20m;1;9663;6680;62
Jet Airways;18;5;2019;20:00;09:20;19;5;13h 20m;1;14781;6681;62
Jet Airways;24;5;2019;20:00;23:35;25;5;27h 35m;1;10844;6682;62
Jet Airways;6;6;2019;08:25;16:20;6;6;7h 55m;1;14571;6683;62
Jet Airways;24;3;2019;16:55;12:00;25;3;19h 5m;1;14231;6684;62
Jet Airways;21;5;2019;20:00;12:00;22;5;16h;1;14781;6685;62
Jet Airways;15;5;2019;06:30;18:15;15;5;11h 45m;1;10844;6686;62
Jet Airways;24;3;2019;08:25;16:20;24;3;7h 55m;1;10031;6687;62
Jet Airways;6;5;2019;16:30;22:35;6;5;6h 5m;1;10844;6688;62
Air India;9;6;2019;09:25;07:55;10;6;22h 30m;1;8366;6689;62
Jet Airways;12;5;2019;16:30;22:35;12;5;6h 5m;1;14781;6690;62
Jet Airways;12;6;2019;06:30;04:40;13;6;22h 10m;1;12739;6691;62
Jet Airways;24;3;2019;13:55;22:35;24;3;8h 40m;1;14231;6692;62
Jet Airways;12;5;2019;16:30;09:20;13;5;16h 50m;1;14388;6693;62
Jet Airways;12;6;2019;08:25;19:50;12;6;11h 25m;1;13626;6694;62
Jet Airways;12;5;2019;14:05;23:35;12;5;9h 30m;1;14781;6695;62
Jet Airways;9;6;2019;06:30;19:50;9;6;13h 20m;1;10844;6696;62
Jet Airways;24;3;2019;19:45;22:35;25;3;26h 50m;1;13759;6697;62
Jet Airways;6;5;2019;08:25;16:20;6;5;7h 55m;1;10844;6698;62
Jet Airways;24;5;2019;14:05;23:35;24;5;9h 30m;1;14571;6699;62
Jet Airways;18;5;2019;14:05;19:50;18;5;5h 45m;1;14781;6700;62
Jet Airways;9;5;2019;08:25;20:45;9;5;12h 20m;1;14781;6701;62
Jet Airways;24;3;2019;13:55;16:20;25;3;26h 25m;1;10031;6702;62
Jet Airways;9;6;2019;14:05;19:50;9;6;5h 45m;1;10844;6703;62
Jet Airways;21;5;2019;14:05;19:50;21;5;5h 45m;1;10844;6704;62
Jet Airways;21;5;2019;06:30;12:00;21;5;5h 30m;1;14388;6705;62
Jet Airways;24;3;2019;21:10;08:10;25;3;11h;1;11134;6706;62
Jet Airways;24;3;2019;19:45;04:45;25;3;9h;1;13759;6707;62
Jet Airways;6;6;2019;18:55;08:15;7;6;13h 20m;1;14571;6708;62
Jet Airways;18;5;2019;21:10;04:40;19;5;7h 30m;1;8586;6709;62
Jet Airways;6;5;2019;20:00;09:20;7;5;13h 20m;1;14388;6710;62
Jet Airways;1;5;2019;14:05;22:35;1;5;8h 30m;1;10844;6711;62
Jet Airways;9;6;2019;21:10;08:15;10;6;11h 5m;1;11841;6712;62
Jet Airways;1;5;2019;21:10;09:20;2;5;12h 10m;1;14781;6713;62
Jet Airways;1;4;2019;14:05;23:35;1;4;9h 30m;1;13364;6714;62
Air India;18;5;2019;09:25;07:55;19;5;22h 30m;1;8366;6715;62
Jet Airways;6;5;2019;20:00;10:05;7;5;14h 5m;1;14388;6716;62
Jet Airways;15;5;2019;14:05;20:45;15;5;6h 40m;1;10844;6717;62
Jet Airways;24;3;2019;16:55;09:15;25;3;16h 20m;1;11134;6718;62
Jet Airways;1;5;2019;16:30;22:35;1;5;6h 5m;1;14781;6719;62
Jet Airways;12;6;2019;20:00;04:40;13;6;8h 40m;1;6959;6720;62
Jet Airways;1;5;2019;14:05;04:40;2;5;14h 35m;1;13941;6721;62
Jet Airways;1;4;2019;08:25;09:20;2;4;24h 55m;1;7064;6722;62
Jet Airways;12;6;2019;18:55;04:40;13;6;9h 45m;1;12576;6723;62
Jet Airways;1;5;2019;06:30;16:20;1;5;9h 50m;1;14781;6724;62
Jet Airways;15;5;2019;18:55;16:20;16;5;21h 25m;1;10844;6725;62
GoAir;15;5;2019;23:30;07:45;16;5;8h 15m;1;6945;6726;62
Jet Airways;9;6;2019;14:05;20:45;9;6;6h 40m;1;10844;6727;62
Jet Airways;1;5;2019;16:30;12:00;2;5;19h 30m;1;9663;6728;62
Jet Airways;18;5;2019;08:25;18:15;18;5;9h 50m;1;10844;6729;62
Jet Airways;1;4;2019;18:55;04:40;2;4;9h 45m;1;12681;6730;62
Jet Airways;1;5;2019;21:10;10:05;2;5;12h 55m;1;10844;6731;62
Jet Airways;24;5;2019;06:30;19:50;24;5;13h 20m;1;14571;6732;62
Jet Airways;9;6;2019;20:00;04:40;10;6;8h 40m;1;14178;6733;62
Jet Airways;9;6;2019;18:55;16:20;10;6;21h 25m;1;14571;6734;62
Jet Airways;18;5;2019;20:00;04:40;19;5;8h 40m;1;13941;6735;62
Jet Airways;1;5;2019;16:30;22:35;1;5;6h 5m;1;10844;6736;62
Jet Airways;9;5;2019;06:30;19:50;9;5;13h 20m;1;10844;6737;62
Jet Airways;15;5;2019;06:30;16:20;15;5;9h 50m;1;10844;6738;62
Jet Airways;15;5;2019;21:10;04:40;16;5;7h 30m;1;14388;6739;62
Air India;15;5;2019;16:50;07:55;16;5;15h 5m;1;8891;6740;62
Jet Airways;9;6;2019;21:10;20:45;10;6;23h 35m;1;10844;6741;62
Jet Airways;9;5;2019;06:30;19:50;9;5;13h 20m;1;14781;6742;62
Jet Airways;1;4;2019;21:10;10:05;2;4;12h 55m;1;13784;6743;62
Jet Airways;1;5;2019;21:10;09:20;2;5;12h 10m;1;10844;6744;62
Jet Airways;1;5;2019;08:25;18:15;1;5;9h 50m;1;14781;6745;62
Jet Airways;9;6;2019;16:30;04:40;10;6;12h 10m;1;13731;6746;62
Jet Airways;1;4;2019;21:10;08:15;2;4;11h 5m;1;13364;6747;62
Jet Airways;12;6;2019;16:30;18:15;13;6;25h 45m;1;8529;6748;62
Jet Airways;24;5;2019;18:55;22:35;25;5;27h 40m;1;10844;6749;62
Jet Airways;6;5;2019;14:05;19:50;6;5;5h 45m;1;10844;6750;62
Jet Airways;12;6;2019;06:30;10:05;13;6;27h 35m;1;8529;6751;62
Jet Airways;18;5;2019;18:55;09:20;19;5;14h 25m;1;9663;6752;62
Jet Airways;12;6;2019;21:10;09:20;13;6;12h 10m;1;13044;6753;62
Jet Airways;18;5;2019;20:00;23:35;19;5;27h 35m;1;10844;6754;62
Jet Airways;9;5;2019;14:05;20:45;9;5;6h 40m;1;14781;6755;62
Jet Airways;18;5;2019;05:45;09:20;19;5;27h 35m;1;14388;6756;62
Jet Airways;12;5;2019;16:30;23:35;12;5;7h 5m;1;10844;6757;62
Jet Airways;15;5;2019;16:30;18:15;16;5;25h 45m;1;10844;6758;62
Jet Airways;6;6;2019;14:05;20:45;6;6;6h 40m;1;14571;6759;62
Jet Airways;24;3;2019;06:30;23:25;24;3;16h 55m;1;8824;6760;62
Jet Airways;24;3;2019;13:55;09:15;25;3;19h 20m;1;14231;6761;62
Jet Airways;6;6;2019;14:05;23:35;6;6;9h 30m;1;14571;6762;62
Jet Airways;1;4;2019;18:55;18:15;2;4;23h 20m;1;12681;6763;62
Jet Airways;6;6;2019;18:55;20:45;7;6;25h 50m;1;10844;6764;62
Jet Airways;6;5;2019;20:00;04:40;7;5;8h 40m;1;14388;6765;62
Jet Airways;6;6;2019;14:05;20:45;6;6;6h 40m;1;10844;6766;62
Jet Airways;12;6;2019;20:00;08:15;13;6;12h 15m;1;8529;6767;62
Jet Airways;1;4;2019;16:30;23:35;1;4;7h 5m;1;7064;6768;62
Jet Airways;24;5;2019;16:30;22:35;24;5;6h 5m;1;14571;6769;62
Jet Airways;1;5;2019;16:30;04:40;2;5;12h 10m;1;8586;6770;62
Air India;9;6;2019;09:25;21:50;9;6;12h 25m;1;8366;6771;62
Jet Airways;24;3;2019;08:25;23:25;24;3;15h;1;13759;6772;62
Air India;12;5;2019;09:25;11:10;13;5;25h 45m;1;8891;6773;62
Jet Airways;9;6;2019;20:00;18:15;10;6;22h 15m;1;14571;6774;62
Jet Airways;6;6;2019;16:30;04:40;7;6;12h 10m;1;6812;6775;62
Jet Airways;9;5;2019;20:00;04:40;10;5;8h 40m;1;13941;6776;62
Jet Airways;24;5;2019;21:10;10:05;25;5;12h 55m;1;9663;6777;62
Jet Airways;15;5;2019;18:55;16:20;16;5;21h 25m;1;14781;6778;62
Jet Airways;18;5;2019;08:25;09:20;19;5;24h 55m;1;9663;6779;62
Jet Airways;15;5;2019;06:30;04:40;16;5;22h 10m;1;13941;6780;62
Jet Airways;24;5;2019;14:05;19:50;24;5;5h 45m;1;10844;6781;62
Jet Airways;24;3;2019;18:55;18:10;25;3;23h 15m;1;11134;6782;62
Jet Airways;1;4;2019;16:30;23:35;1;4;7h 5m;1;12681;6783;62
Jet Airways;6;6;2019;08:25;20:45;6;6;12h 20m;1;10844;6784;62
Jet Airways;9;6;2019;18:55;04:40;10;6;9h 45m;1;14178;6785;62
Jet Airways;12;5;2019;14:05;22:35;12;5;8h 30m;1;14781;6786;62
Jet Airways;6;5;2019;14:05;12:00;7;5;21h 55m;1;14388;6787;62
Jet Airways;9;6;2019;06:30;23:35;9;6;17h 5m;1;14571;6788;62
Jet Airways;24;5;2019;08:25;20:45;24;5;12h 20m;1;14571;6789;62
Jet Airways;24;5;2019;18:55;08:15;25;5;13h 20m;1;13731;6790;62
Jet Airways;12;5;2019;20:00;09:20;13;5;13h 20m;1;14388;6791;62
Jet Airways;6;6;2019;08:25;18:15;6;6;9h 50m;1;14571;6792;62
Jet Airways;24;5;2019;18:55;10:05;25;5;15h 10m;1;8586;6793;62
Jet Airways;12;5;2019;20:00;12:00;13;5;16h;1;9663;6794;62
Jet Airways;21;5;2019;08:25;20:45;21;5;12h 20m;1;14781;6795;62
Jet Airways;6;5;2019;21:10;08:15;7;5;11h 5m;1;13584;6796;62
Jet Airways;12;6;2019;16:30;10:05;13;6;17h 35m;1;8529;6797;62
Jet Airways;6;6;2019;18:55;19:50;7;6;24h 55m;1;14571;6798;62
Jet Airways;18;5;2019;08:25;08:15;19;5;23h 50m;1;9663;6799;62
Jet Airways;6;6;2019;18:55;22:35;7;6;27h 40m;1;10844;6800;62
Air India;6;6;2019;16:50;11:10;7;6;18h 20m;1;8366;6801;62
Jet Airways;12;6;2019;06:30;04:40;13;6;22h 10m;1;7594;6802;62
Jet Airways;9;6;2019;21:10;23:35;10;6;26h 25m;1;10844;6803;62
Jet Airways;9;5;2019;06:30;16:20;9;5;9h 50m;1;13941;6804;62
Jet Airways;6;5;2019;06:30;20:45;6;5;14h 15m;1;9663;6805;62
Jet Airways;15;5;2019;20:00;08:15;16;5;12h 15m;1;13941;6806;62
Jet Airways;9;5;2019;16:30;23:35;9;5;7h 5m;1;14781;6807;62
Jet Airways;18;5;2019;18:55;08:15;19;5;13h 20m;1;7757;6808;62
Jet Airways;9;5;2019;08:25;12:00;10;5;27h 35m;1;9663;6809;62
Jet Airways;12;6;2019;14:05;04:40;13;6;14h 35m;1;12739;6810;62
Air India;21;5;2019;09:25;07:55;22;5;22h 30m;1;8891;6811;62
Jet Airways;1;5;2019;14:05;10:05;2;5;20h;1;13941;6812;62
Jet Airways;21;5;2019;21:10;12:00;22;5;14h 50m;1;10844;6813;62
Jet Airways;24;3;2019;18:55;16:20;25;3;21h 25m;1;14231;6814;62
Jet Airways;15;5;2019;18:55;08:15;16;5;13h 20m;1;14388;6815;62
Jet Airways;12;5;2019;14:05;20:45;12;5;6h 40m;1;10844;6816;62
Jet Airways;9;6;2019;06:30;18:15;9;6;11h 45m;1;10844;6817;62
Jet Airways;9;5;2019;16:30;22:35;9;5;6h 5m;1;14781;6818;62
Jet Airways;1;4;2019;06:30;16:20;1;4;9h 50m;1;7851;6819;62
Jet Airways;24;3;2019;08:25;23:25;24;3;15h;1;10031;6820;62
Jet Airways;1;4;2019;06:30;19:50;1;4;13h 20m;1;12681;6821;62
Jet Airways;24;3;2019;08:25;18:10;24;3;9h 45m;1;13759;6822;62
Jet Airways;6;5;2019;21:10;09:20;7;5;12h 10m;1;14388;6823;62
Jet Airways;24;5;2019;06:30;18:15;24;5;11h 45m;1;14571;6824;62
Jet Airways;6;5;2019;08:25;19:50;6;5;11h 25m;1;10844;6825;62
Jet Airways;21;5;2019;20:00;16:20;22;5;20h 20m;1;10844;6826;62
Jet Airways;1;5;2019;14:05;22:35;1;5;8h 30m;1;14781;6827;62
Jet Airways;1;5;2019;16:30;23:35;1;5;7h 5m;1;14781;6828;62
Jet Airways;18;5;2019;20:00;22:35;19;5;26h 35m;1;10844;6829;62
Jet Airways;6;5;2019;16:30;04:40;7;5;12h 10m;1;13941;6830;62
Jet Airways;1;4;2019;21:10;09:20;2;4;12h 10m;1;13364;6831;62
Jet Airways;18;5;2019;16:30;23:35;18;5;7h 5m;1;10844;6832;62
Jet Airways;24;5;2019;06:30;16:20;24;5;9h 50m;1;14571;6833;62
Jet Airways;24;3;2019;21:10;22:35;25;3;25h 25m;1;10031;6834;62
Jet Airways;9;5;2019;14:05;18:15;10;5;28h 10m;1;13584;6835;62
Jet Airways;1;5;2019;21:10;08:15;2;5;11h 5m;1;14781;6836;62
Jet Airways;1;4;2019;08:25;18:15;1;4;9h 50m;1;7064;6837;62
Jet Airways;1;5;2019;18:55;08:15;2;5;13h 20m;1;8586;6838;62
Jet Airways;12;6;2019;14:05;20:45;12;6;6h 40m;1;13626;6839;62
Jet Airways;24;5;2019;06:30;12:00;24;5;5h 30m;1;9663;6840;62
Jet Airways;12;6;2019;21:10;04:40;13;6;7h 30m;1;7594;6841;62
Jet Airways;1;4;2019;18:55;16:20;2;4;21h 25m;1;12681;6842;62
Jet Airways;6;5;2019;20:00;20:45;7;5;24h 45m;1;14388;6843;62
Jet Airways;1;5;2019;14:05;09:20;2;5;19h 15m;1;9663;6844;62
Jet Airways;6;5;2019;18:55;08:15;7;5;13h 20m;1;13584;6845;62
Jet Airways;9;6;2019;14:05;04:40;10;6;14h 35m;1;14178;6846;62
Jet Airways;12;5;2019;20:00;04:40;13;5;8h 40m;1;13941;6847;62
Jet Airways;24;3;2019;19:45;08:10;25;3;12h 25m;1;14231;6848;62
Jet Airways;9;6;2019;20:00;04:40;10;6;8h 40m;1;9663;6849;62
Jet Airways;1;4;2019;16:30;08:15;2;4;15h 45m;1;7064;6850;62
Jet Airways;21;5;2019;14:05;08:15;22;5;18h 10m;1;9663;6851;62
Jet Airways;9;6;2019;20:00;20:45;10;6;24h 45m;1;10844;6852;62
Jet Airways;24;3;2019;16:55;09:15;25;3;16h 20m;1;14231;6853;62
Jet Airways;6;5;2019;16:30;23:35;6;5;7h 5m;1;11841;6854;62
Jet Airways;1;4;2019;16:30;04:40;2;4;12h 10m;1;12681;6855;62
Jet Airways;24;5;2019;16:30;22:35;24;5;6h 5m;1;10844;6856;62
Jet Airways;21;5;2019;16:30;22:35;21;5;6h 5m;1;14781;6857;62
Jet Airways;1;5;2019;08:25;04:40;2;5;20h 15m;1;8586;6858;62
Jet Airways;24;3;2019;21:10;18:10;25;3;21h;1;13759;6859;62
Jet Airways;24;3;2019;13:55;19:40;24;3;5h 45m;1;11134;6860;62
Jet Airways;1;4;2019;20:00;18:15;2;4;22h 15m;1;12681;6861;62
Jet Airways;24;3;2019;06:30;22:35;24;3;16h 5m;1;13339;6862;62
Jet Airways;24;5;2019;21:10;12:00;25;5;14h 50m;1;9663;6863;62
Jet Airways;12;6;2019;16:30;12:00;13;6;19h 30m;1;13044;6864;62
Jet Airways;9;5;2019;18:55;09:20;10;5;14h 25m;1;9663;6865;62
Jet Airways;12;6;2019;20:00;09:20;13;6;13h 20m;1;8529;6866;62
Jet Airways;15;5;2019;06:30;19:50;15;5;13h 20m;1;14781;6867;62
Air India;9;6;2019;09:25;18:30;9;6;9h 5m;1;8576;6868;62
Jet Airways;1;5;2019;06:30;08:15;2;5;25h 45m;1;9663;6869;62
Jet Airways;24;3;2019;21:10;16:20;25;3;19h 10m;1;13759;6870;62
Air India;12;6;2019;16:50;11:10;13;6;18h 20m;1;8366;6871;62
Jet Airways;6;5;2019;06:30;18:15;6;5;11h 45m;1;10844;6872;62
Jet Airways;24;3;2019;13:55;20:40;24;3;6h 45m;1;11134;6873;62
Jet Airways;18;5;2019;05:45;19:50;18;5;14h 5m;1;10844;6874;62
Jet Airways;1;5;2019;18:55;04:40;2;5;9h 45m;1;8586;6875;62
Jet Airways;15;5;2019;21:10;09:20;16;5;12h 10m;1;9663;6876;62
Jet Airways;9;5;2019;16:30;10:05;10;5;17h 35m;1;13941;6877;62
Jet Airways;6;6;2019;06:30;16:20;6;6;9h 50m;1;14571;6878;62
Jet Airways;1;4;2019;06:30;23:35;1;4;17h 5m;1;7064;6879;62
Jet Airways;9;6;2019;20:00;22:35;10;6;26h 35m;1;10844;6880;62
Jet Airways;21;5;2019;18:55;08:15;22;5;13h 20m;1;14388;6881;62
Jet Airways;15;5;2019;08:25;18:15;15;5;9h 50m;1;14781;6882;62
Jet Airways;12;6;2019;21:10;08:15;13;6;11h 5m;1;8529;6883;62
Jet Airways;21;5;2019;14:05;04:40;22;5;14h 35m;1;9663;6884;62
Jet Airways;21;5;2019;06:30;12:00;21;5;5h 30m;1;9663;6885;62
Jet Airways;24;5;2019;06:30;09:20;25;5;26h 50m;1;9663;6886;62
Jet Airways;1;4;2019;14:05;20:45;1;4;6h 40m;1;13364;6887;62
Jet Airways;6;5;2019;21:10;08:15;7;5;11h 5m;1;7757;6888;62
Jet Airways;6;6;2019;21:10;08:15;7;6;11h 5m;1;10844;6889;62
Jet Airways;24;3;2019;13:55;18:10;25;3;28h 15m;1;14231;6890;62
Jet Airways;18;5;2019;18:55;18:15;19;5;23h 20m;1;10844;6891;62
Jet Airways;9;6;2019;18:55;16:20;10;6;21h 25m;1;10844;6892;62
Jet Airways;24;5;2019;18:55;20:45;25;5;25h 50m;1;10844;6893;62
Jet Airways;24;5;2019;20:00;08:15;25;5;12h 15m;1;13731;6894;62
Jet Airways;1;4;2019;08:25;12:00;2;4;27h 35m;1;7064;6895;62
Jet Airways;6;5;2019;18:55;16:20;7;5;21h 25m;1;7757;6896;62
Jet Airways;18;5;2019;20:00;20:45;19;5;24h 45m;1;10844;6897;62
Jet Airways;24;3;2019;21:10;09:15;25;3;12h 5m;1;11134;6898;62
Jet Airways;9;5;2019;06:30;16:20;9;5;9h 50m;1;8586;6899;62
Jet Airways;24;3;2019;06:30;22:35;24;3;16h 5m;1;8824;6900;62
Jet Airways;21;5;2019;20:00;08:15;22;5;12h 15m;1;10844;6901;62
Jet Airways;9;5;2019;08:25;16:20;9;5;7h 55m;1;13941;6902;62
Jet Airways;21;5;2019;06:30;19:50;21;5;13h 20m;1;14781;6903;62
Jet Airways;1;5;2019;21:10;04:40;2;5;7h 30m;1;14781;6904;62
Jet Airways;1;4;2019;18:55;19:50;2;4;24h 55m;1;12681;6905;62
Jet Airways;18;5;2019;14:05;22:35;18;5;8h 30m;1;10844;6906;62
Jet Airways;24;3;2019;19:45;04:45;25;3;9h;1;10031;6907;62
Jet Airways;24;5;2019;14:05;22:35;24;5;8h 30m;1;10844;6908;62
Jet Airways;24;5;2019;20:00;18:15;25;5;22h 15m;1;10844;6909;62
Jet Airways;24;5;2019;21:10;08:15;25;5;11h 5m;1;14178;6910;62
Jet Airways;21;5;2019;06:30;16:20;21;5;9h 50m;1;10844;6911;62
Jet Airways;12;6;2019;06:30;18:15;12;6;11h 45m;1;9899;6912;62
Jet Airways;18;5;2019;18:55;04:40;19;5;9h 45m;1;13941;6913;62
Jet Airways;12;5;2019;16:30;22:35;12;5;6h 5m;1;10844;6914;62
Jet Airways;1;5;2019;08:25;18:15;1;5;9h 50m;1;10844;6915;62
Jet Airways;21;5;2019;08:25;16:20;21;5;7h 55m;1;14781;6916;62
Jet Airways;24;3;2019;19:45;23:25;25;3;27h 40m;1;10031;6917;62
Jet Airways;12;5;2019;18:55;09:20;13;5;14h 25m;1;14388;6918;62
Jet Airways;15;5;2019;18:55;22:35;16;5;27h 40m;1;10844;6919;62
Air India;6;6;2019;09:25;18:30;6;6;9h 5m;1;8366;6920;62
Jet Airways;6;5;2019;16:30;09:20;7;5;16h 50m;1;9663;6921;62
Jet Airways;9;5;2019;14:05;08:15;10;5;18h 10m;1;7757;6922;62
Jet Airways;15;5;2019;14:05;22:35;15;5;8h 30m;1;14781;6923;62
Jet Airways;18;5;2019;20:00;08:15;19;5;12h 15m;1;8586;6924;62
Jet Airways;9;5;2019;18:55;10:05;10;5;15h 10m;1;8586;6925;62
Jet Airways;24;3;2019;16:55;22:35;24;3;5h 40m;1;11134;6926;62
Jet Airways;9;5;2019;16:30;18:15;10;5;25h 45m;1;8586;6927;62
Jet Airways;24;5;2019;14:05;09:20;25;5;19h 15m;1;14178;6928;62
Jet Airways;12;5;2019;21:10;18:15;13;5;21h 5m;1;10844;6929;62
Jet Airways;1;4;2019;16:30;20:45;2;4;28h 15m;1;12681;6930;62
Jet Airways;9;6;2019;14:05;19:50;9;6;5h 45m;1;14571;6931;62
Jet Airways;1;4;2019;20:00;16:20;2;4;20h 20m;1;7064;6932;62
Jet Airways;6;5;2019;14:05;20:45;6;5;6h 40m;1;9663;6933;62
Jet Airways;21;5;2019;18:55;12:00;22;5;17h 5m;1;10844;6934;62
Jet Airways;1;5;2019;08:25;19:50;1;5;11h 25m;1;14781;6935;62
Jet Airways;12;5;2019;06:30;04:40;13;5;22h 10m;1;8586;6936;62
Jet Airways;21;5;2019;20:00;18:15;22;5;22h 15m;1;10844;6937;62
Jet Airways;24;3;2019;16:55;19:40;25;3;26h 45m;1;11134;6938;62
Jet Airways;15;5;2019;06:30;12:00;15;5;5h 30m;1;14388;6939;62
Jet Airways;1;5;2019;14:05;12:00;2;5;21h 55m;1;14388;6940;62
Jet Airways;6;5;2019;20:00;09:20;7;5;13h 20m;1;9663;6941;62
Air India;9;5;2019;09:25;05:25;10;5;20h;2;14687;6942;63
Air India;15;5;2019;09:25;05:25;16;5;20h;2;14687;6943;63
Air India;1;4;2019;09:25;05:25;2;4;20h;2;12219;6944;63
Air India;6;6;2019;09:25;05:25;7;6;20h;2;13217;6945;63
Air India;6;5;2019;09:25;05:25;7;5;20h;2;17732;6946;63
Air India;21;5;2019;09:25;05:25;22;5;20h;2;14687;6947;63
Air India;9;6;2019;09:25;05:25;10;6;20h;2;13007;6948;63
Air India;1;5;2019;09:25;05:25;2;5;20h;2;14687;6949;63
Air India;24;5;2019;09:25;05:25;25;5;20h;2;14897;6950;63
SpiceJet;24;6;2019;09:00;11:25;24;6;2h 25m;0;3873;6951;64
IndiGo;18;4;2019;20:20;22:55;18;4;2h 35m;0;4174;6952;64
IndiGo;24;4;2019;17:15;19:50;24;4;2h 35m;0;4804;6953;64
Air India;18;5;2019;14:15;16:45;18;5;2h 30m;0;6245;6954;64
Air India;21;4;2019;20:45;23:20;21;4;2h 35m;0;4880;6955;64
IndiGo;15;6;2019;20:25;23:10;15;6;2h 45m;0;4804;6956;64
SpiceJet;3;4;2019;22:20;00:40;4;4;2h 20m;0;3873;6957;64
IndiGo;3;6;2019;15:30;18:05;3;6;2h 35m;0;4804;6958;64
Air India;12;4;2019;20:45;23:20;12;4;2h 35m;0;4460;6959;64
Air Asia;1;5;2019;10:20;12:55;1;5;2h 35m;0;4409;6960;64
IndiGo;18;3;2019;09:35;12:20;18;3;2h 45m;0;4462;6961;64
IndiGo;6;5;2019;21:25;00:05;7;5;2h 40m;0;4804;6962;64
IndiGo;18;5;2019;21:25;00:05;19;5;2h 40m;0;4804;6963;64
Air Asia;12;5;2019;10:20;12:55;12;5;2h 35m;0;5216;6964;64
SpiceJet;24;4;2019;17:10;19:40;24;4;2h 30m;0;4174;6965;64
IndiGo;15;3;2019;15:20;17:55;15;3;2h 35m;0;4148;6966;64
SpiceJet;15;6;2019;14:55;17:25;15;6;2h 30m;0;3841;6967;64
IndiGo;12;3;2019;20:25;23:05;12;3;2h 40m;0;4148;6968;64
IndiGo;6;6;2019;22:15;00:50;7;6;2h 35m;0;4804;6969;64
IndiGo;15;6;2019;21:25;00:05;16;6;2h 40m;0;4804;6970;64
SpiceJet;24;3;2019;06:55;09:35;24;3;2h 40m;0;4781;6971;64
IndiGo;18;5;2019;22:15;00:50;19;5;2h 35m;0;4804;6972;64
SpiceJet;15;6;2019;14:55;17:25;15;6;2h 30m;0;3873;6973;64
IndiGo;6;3;2019;17:15;19:55;6;3;2h 40m;0;5618;6974;64
SpiceJet;21;4;2019;22:20;00:40;22;4;2h 20m;0;4911;6975;64
IndiGo;1;4;2019;04:40;07:15;1;4;2h 35m;0;4174;6976;64
Air India;24;4;2019;14:15;16:45;24;4;2h 30m;0;4880;6977;64
SpiceJet;12;6;2019;06:55;09:30;12;6;2h 35m;0;3841;6978;64
IndiGo;12;4;2019;20:20;22:55;12;4;2h 35m;0;4488;6979;64
IndiGo;21;6;2019;20:20;22:55;21;6;2h 35m;0;4804;6980;64
SpiceJet;1;3;2019;22:20;00:40;2;3;2h 20m;0;5515;6981;64
Air Asia;24;4;2019;10:20;12:55;24;4;2h 35m;0;4409;6982;64
SpiceJet;15;4;2019;17:10;19:40;15;4;2h 30m;0;4174;6983;64
Air Asia;1;4;2019;19:55;22:25;1;4;2h 30m;0;3807;6984;64
SpiceJet;6;4;2019;17:10;19:40;6;4;2h 30m;0;3873;6985;64
IndiGo;27;5;2019;20:20;22:55;27;5;2h 35m;0;4804;6986;64
IndiGo;6;5;2019;17:15;19:50;6;5;2h 35m;0;4804;6987;64
IndiGo;24;3;2019;20:25;23:05;24;3;2h 40m;0;8872;6988;64
IndiGo;18;3;2019;05:30;08:20;18;3;2h 50m;0;4462;6989;64
IndiGo;18;4;2019;17:15;19:50;18;4;2h 35m;0;4174;6990;64
SpiceJet;1;6;2019;22:20;00:40;2;6;2h 20m;0;3873;6991;64
SpiceJet;27;4;2019;22:20;00:40;28;4;2h 20m;0;3873;6992;64
Air Asia;27;5;2019;10:20;12:55;27;5;2h 35m;0;4409;6993;64
Air Asia;3;4;2019;10:20;12:55;3;4;2h 35m;0;4107;6994;64
IndiGo;9;3;2019;05:30;08:20;9;3;2h 50m;0;4148;6995;64
IndiGo;24;5;2019;09:35;12:20;24;5;2h 45m;0;4804;6996;64
SpiceJet;21;3;2019;06:55;09:35;21;3;2h 40m;0;3815;6997;64
SpiceJet;1;5;2019;17:10;19:40;1;5;2h 30m;0;4174;6998;64
IndiGo;15;4;2019;15:30;18:05;15;4;2h 35m;0;4174;6999;64
SpiceJet;18;4;2019;09:00;11:25;18;4;2h 25m;0;4174;7000;64
IndiGo;21;5;2019;17:15;19:50;21;5;2h 35m;0;4804;7001;64
Air Asia;6;6;2019;10:20;12:55;6;6;2h 35m;0;4508;7002;64
Air Asia;12;5;2019;19:55;22:25;12;5;2h 30m;0;5530;7003;64
SpiceJet;27;3;2019;22:20;00:40;28;3;2h 20m;0;3815;7004;64
Air India;1;3;2019;14:15;16:45;1;3;2h 30m;0;6535;7005;64
SpiceJet;3;4;2019;17:10;19:40;3;4;2h 30m;0;3841;7006;64
SpiceJet;15;4;2019;06:55;09:30;15;4;2h 35m;0;3841;7007;64
Air India;3;6;2019;14:15;16:45;3;6;2h 30m;0;5510;7008;64
Air Asia;12;4;2019;22:50;01:20;13;4;2h 30m;0;4409;7009;64
SpiceJet;27;6;2019;06:55;09:30;27;6;2h 35m;0;3873;7010;64
IndiGo;21;3;2019;20:25;23:05;21;3;2h 40m;0;4462;7011;64
SpiceJet;9;6;2019;06:55;09:30;9;6;2h 35m;0;3841;7012;64
SpiceJet;6;5;2019;06:55;09:30;6;5;2h 35m;0;3841;7013;64
Air Asia;9;3;2019;19:35;22:05;9;3;2h 30m;0;4384;7014;64
IndiGo;1;3;2019;09:35;12:20;1;3;2h 45m;0;6565;7015;64
IndiGo;6;3;2019;20:25;23:05;6;3;2h 40m;0;4778;7016;64
SpiceJet;6;4;2019;22:20;00:40;7;4;2h 20m;0;3873;7017;64
IndiGo;15;3;2019;09:35;12:20;15;3;2h 45m;0;4148;7018;64
IndiGo;24;6;2019;21:25;00:05;25;6;2h 40m;0;4804;7019;64
IndiGo;18;3;2019;15:20;17:55;18;3;2h 35m;0;4462;7020;64
IndiGo;21;5;2019;14:25;16:55;21;5;2h 30m;0;5224;7021;64
IndiGo;1;6;2019;09:35;12:10;1;6;2h 35m;0;4804;7022;64
Air Asia;21;5;2019;09:45;12:15;21;5;2h 30m;0;4409;7023;64
Air Asia;21;5;2019;19:55;22:25;21;5;2h 30m;0;4107;7024;64
Air India;9;6;2019;14:15;16:45;9;6;2h 30m;0;6245;7025;64
IndiGo;15;5;2019;09:35;12:20;15;5;2h 45m;0;4804;7026;64
IndiGo;21;6;2019;04:40;07:15;21;6;2h 35m;0;4804;7027;64
IndiGo;18;6;2019;14:25;16:55;18;6;2h 30m;0;4804;7028;64
SpiceJet;15;4;2019;09:00;11:25;15;4;2h 25m;0;4174;7029;64
IndiGo;24;3;2019;10:10;12:55;24;3;2h 45m;0;6565;7030;64
Air India;6;3;2019;20:45;23:20;6;3;2h 35m;0;4435;7031;64
IndiGo;12;4;2019;04:40;07:15;12;4;2h 35m;0;4174;7032;64
IndiGo;6;5;2019;15:30;18:05;6;5;2h 35m;0;4804;7033;64
SpiceJet;21;4;2019;17:10;19:40;21;4;2h 30m;0;4911;7034;64
IndiGo;3;5;2019;20:20;22:55;3;5;2h 35m;0;4804;7035;64
Air India;18;4;2019;14:15;16:45;18;4;2h 30m;0;5510;7036;64
IndiGo;6;5;2019;11:30;14:05;6;5;2h 35m;0;5224;7037;64
IndiGo;24;5;2019;14:25;16:55;24;5;2h 30m;0;5224;7038;64
SpiceJet;18;5;2019;14:55;17:25;18;5;2h 30m;0;3841;7039;64
SpiceJet;24;3;2019;22:20;00:40;25;3;2h 20m;0;5831;7040;64
IndiGo;9;6;2019;21:25;00:05;10;6;2h 40m;0;4804;7041;64
IndiGo;15;5;2019;22:15;00:50;16;5;2h 35m;0;4804;7042;64
SpiceJet;1;4;2019;22:20;00:40;2;4;2h 20m;0;3873;7043;64
SpiceJet;27;5;2019;09:00;11:25;27;5;2h 25m;0;3873;7044;64
IndiGo;27;3;2019;21:25;00:05;28;3;2h 40m;0;4148;7045;64
GoAir;27;6;2019;15:20;17:55;27;6;2h 35m;0;3514;7046;64
Air Asia;24;5;2019;10:20;12:55;24;5;2h 35m;0;4409;7047;64
SpiceJet;24;4;2019;17:10;19:40;24;4;2h 30m;0;3841;7048;64
SpiceJet;6;6;2019;17:10;19:40;6;6;2h 30m;0;3873;7049;64
SpiceJet;3;3;2019;09:00;11:30;3;3;2h 30m;0;5515;7050;64
IndiGo;27;6;2019;04:40;07:15;27;6;2h 35m;0;4804;7051;64
Air Asia;18;3;2019;10:20;12:55;18;3;2h 35m;0;4384;7052;64
IndiGo;27;4;2019;04:40;07:15;27;4;2h 35m;0;4804;7053;64
IndiGo;9;4;2019;04:40;07:15;9;4;2h 35m;0;4174;7054;64
SpiceJet;3;5;2019;06:55;09:30;3;5;2h 35m;0;3841;7055;64
IndiGo;1;3;2019;15:10;17:45;1;3;2h 35m;0;6565;7056;64
IndiGo;21;6;2019;17:15;19:50;21;6;2h 35m;0;4804;7057;64
SpiceJet;9;6;2019;17:10;19:40;9;6;2h 30m;0;4174;7058;64
IndiGo;18;6;2019;20:25;23:10;18;6;2h 45m;0;4804;7059;64
SpiceJet;18;3;2019;06:55;09:35;18;3;2h 40m;0;4465;7060;64
SpiceJet;21;6;2019;17:10;19:40;21;6;2h 30m;0;3841;7061;64
IndiGo;27;4;2019;09:35;12:20;27;4;2h 45m;0;4804;7062;64
IndiGo;3;3;2019;20:25;23:05;3;3;2h 40m;0;6038;7063;64
Air Asia;21;6;2019;19:55;22:25;21;6;2h 30m;0;4107;7064;64
SpiceJet;1;5;2019;06:55;09:30;1;5;2h 35m;0;3841;7065;64
IndiGo;12;5;2019;09:35;12:20;12;5;2h 45m;0;4804;7066;64
SpiceJet;27;6;2019;09:00;11:25;27;6;2h 25m;0;3873;7067;64
Air India;27;5;2019;14:15;16:45;27;5;2h 30m;0;5510;7068;64
IndiGo;15;6;2019;09:35;12:10;15;6;2h 35m;0;5644;7069;64
SpiceJet;15;5;2019;17:10;19:40;15;5;2h 30m;0;3841;7070;64
IndiGo;15;4;2019;09:35;12:20;15;4;2h 45m;0;4174;7071;64
SpiceJet;24;4;2019;06:55;09:30;24;4;2h 35m;0;3873;7072;64
Air India;12;6;2019;14:15;16:45;12;6;2h 30m;0;5510;7073;64
SpiceJet;27;5;2019;06:55;09:30;27;5;2h 35m;0;3873;7074;64
SpiceJet;24;5;2019;17:10;19:40;24;5;2h 30m;0;3841;7075;64
IndiGo;6;4;2019;14:25;16:55;6;4;2h 30m;0;4174;7076;64
SpiceJet;1;4;2019;09:00;11:25;1;4;2h 25m;0;3873;7077;64
IndiGo;3;6;2019;22:15;00:50;4;6;2h 35m;0;4804;7078;64
Air India;15;5;2019;14:15;16:45;15;5;2h 30m;0;5510;7079;64
SpiceJet;18;6;2019;09:00;11:25;18;6;2h 25m;0;3873;7080;64
IndiGo;27;5;2019;11:30;14:05;27;5;2h 35m;0;5224;7081;64
IndiGo;6;4;2019;04:40;07:15;6;4;2h 35m;0;4174;7082;64
SpiceJet;15;3;2019;09:00;11:30;15;3;2h 30m;0;3815;7083;64
Air India;3;5;2019;20:45;23:20;3;5;2h 35m;0;4145;7084;64
IndiGo;27;5;2019;21:25;00:05;28;5;2h 40m;0;4804;7085;64
Air India;21;3;2019;20:45;23:20;21;3;2h 35m;0;4435;7086;64
IndiGo;12;6;2019;20:20;22:55;12;6;2h 35m;0;4804;7087;64
IndiGo;12;4;2019;17:15;19:50;12;4;2h 35m;0;4174;7088;64
Air Asia;18;4;2019;10:20;12:55;18;4;2h 35m;0;4409;7089;64
SpiceJet;18;3;2019;22:20;00:40;19;3;2h 20m;0;3847;7090;64
Air India;24;5;2019;20:45;23:20;24;5;2h 35m;0;4145;7091;64
SpiceJet;18;3;2019;17:15;19:45;18;3;2h 30m;0;4413;7092;64
IndiGo;9;5;2019;21:25;00:05;10;5;2h 40m;0;4804;7093;64
IndiGo;21;3;2019;14:20;16:55;21;3;2h 35m;0;5198;7094;64
IndiGo;15;6;2019;04:40;07:15;15;6;2h 35m;0;4804;7095;64
SpiceJet;27;3;2019;17:15;19:45;27;3;2h 30m;0;3847;7096;64
SpiceJet;1;4;2019;17:10;19:40;1;4;2h 30m;0;3841;7097;64
SpiceJet;3;6;2019;17:10;19:40;3;6;2h 30m;0;3873;7098;64
IndiGo;15;4;2019;20:20;22:55;15;4;2h 35m;0;4174;7099;64
Air India;3;3;2019;14:15;16:45;3;3;2h 30m;0;13885;7100;64
Air Asia;27;4;2019;19:55;22:25;27;4;2h 30m;0;4409;7101;64
SpiceJet;15;6;2019;09:00;11:25;15;6;2h 25m;0;3873;7102;64
IndiGo;27;4;2019;14:25;16:55;27;4;2h 30m;0;4804;7103;64
SpiceJet;27;4;2019;09:00;11:25;27;4;2h 25m;0;3841;7104;64
IndiGo;6;3;2019;15:20;17:55;6;3;2h 35m;0;5618;7105;64
SpiceJet;1;5;2019;09:00;11:25;1;5;2h 25m;0;3841;7106;64
IndiGo;24;6;2019;20:20;22:55;24;6;2h 35m;0;4804;7107;64
IndiGo;1;5;2019;04:40;07:15;1;5;2h 35m;0;4804;7108;64
SpiceJet;21;4;2019;17:10;19:40;21;4;2h 30m;0;4807;7109;64
SpiceJet;21;4;2019;06:55;09:30;21;4;2h 35m;0;4174;7110;64
IndiGo;1;5;2019;20:20;22:55;1;5;2h 35m;0;4804;7111;64
IndiGo;21;3;2019;05:30;08:20;21;3;2h 50m;0;4148;7112;64
IndiGo;15;5;2019;14:25;16:55;15;5;2h 30m;0;5224;7113;64
IndiGo;12;3;2019;05:30;08:20;12;3;2h 50m;0;4148;7114;64
Air Asia;9;3;2019;22:50;01:20;10;3;2h 30m;0;4384;7115;64
IndiGo;21;4;2019;09:35;12:20;21;4;2h 45m;0;4804;7116;64
IndiGo;1;6;2019;14:25;16:55;1;6;2h 30m;0;6064;7117;64
Air Asia;15;3;2019;22:50;01:20;16;3;2h 30m;0;3782;7118;64
Air India;1;6;2019;20:45;23:20;1;6;2h 35m;0;4145;7119;64
IndiGo;21;5;2019;15:30;18:05;21;5;2h 35m;0;4804;7120;64
SpiceJet;21;4;2019;09:00;11:25;21;4;2h 25m;0;4439;7121;64
IndiGo;21;4;2019;20:20;22:55;21;4;2h 35m;0;4804;7122;64
Air India;15;3;2019;20:45;23:20;15;3;2h 35m;0;4435;7123;64
Air Asia;27;3;2019;19:35;22:05;27;3;2h 30m;0;3782;7124;64
SpiceJet;24;5;2019;22:20;00:40;25;5;2h 20m;0;3841;7125;64
IndiGo;24;3;2019;15:20;17:55;24;3;2h 35m;0;6985;7126;64
IndiGo;21;6;2019;22:15;00:50;22;6;2h 35m;0;4804;7127;64
IndiGo;24;6;2019;17:15;19:50;24;6;2h 35m;0;4804;7128;64
IndiGo;6;5;2019;22:15;00:50;7;5;2h 35m;0;4804;7129;64
SpiceJet;18;6;2019;17:10;19:40;18;6;2h 30m;0;3873;7130;64
IndiGo;21;3;2019;21:25;00:05;22;3;2h 40m;0;4148;7131;64
SpiceJet;21;6;2019;06:55;09:30;21;6;2h 35m;0;3873;7132;64
SpiceJet;27;3;2019;06:55;09:35;27;3;2h 40m;0;3815;7133;64
Air Asia;24;6;2019;19:55;22:25;24;6;2h 30m;0;3807;7134;64
SpiceJet;3;5;2019;22:20;00:40;4;5;2h 20m;0;3873;7135;64
IndiGo;6;3;2019;21:25;00:05;7;3;2h 40m;0;4778;7136;64
IndiGo;24;5;2019;22:15;00:50;25;5;2h 35m;0;4804;7137;64
Air Asia;1;6;2019;10:20;12:55;1;6;2h 35m;0;4409;7138;64
SpiceJet;15;3;2019;09:00;11:30;15;3;2h 30m;0;3847;7139;64
SpiceJet;15;6;2019;22:20;00:40;16;6;2h 20m;0;3841;7140;64
Air India;6;4;2019;20:45;23:20;6;4;2h 35m;0;4460;7141;64
SpiceJet;1;5;2019;22:20;00:40;2;5;2h 20m;0;3873;7142;64
IndiGo;12;4;2019;15:30;18:05;12;4;2h 35m;0;4174;7143;64
SpiceJet;18;5;2019;06:55;09:30;18;5;2h 35m;0;3841;7144;64
SpiceJet;12;4;2019;09:00;11:25;12;4;2h 25m;0;3873;7145;64
SpiceJet;3;5;2019;09:00;11:25;3;5;2h 25m;0;3873;7146;64
SpiceJet;15;4;2019;06:55;09:30;15;4;2h 35m;0;3873;7147;64
SpiceJet;9;3;2019;09:00;11:30;9;3;2h 30m;0;5515;7148;64
Air Asia;27;5;2019;22:50;01:20;28;5;2h 30m;0;3807;7149;64
IndiGo;24;6;2019;15:30;18:05;24;6;2h 35m;0;4804;7150;64
Air India;18;6;2019;14:15;16:45;18;6;2h 30m;0;5510;7151;64
IndiGo;6;4;2019;15:15;17:45;6;4;2h 30m;0;4174;7152;64
IndiGo;27;6;2019;15:15;17:45;27;6;2h 30m;0;4804;7153;64
IndiGo;18;6;2019;15:15;17:45;18;6;2h 30m;0;4804;7154;64
SpiceJet;9;4;2019;06:55;09:30;9;4;2h 35m;0;3841;7155;64
IndiGo;15;6;2019;17:15;19:50;15;6;2h 35m;0;4804;7156;64
SpiceJet;21;6;2019;22:20;00:40;22;6;2h 20m;0;3873;7157;64
IndiGo;15;6;2019;14:25;16:55;15;6;2h 30m;0;4804;7158;64
SpiceJet;9;5;2019;22:20;00:40;10;5;2h 20m;0;3873;7159;64
Air Asia;1;6;2019;22:50;01:20;2;6;2h 30m;0;4409;7160;64
IndiGo;21;4;2019;15:30;18:05;21;4;2h 35m;0;4804;7161;64
SpiceJet;27;6;2019;17:10;19:40;27;6;2h 30m;0;3841;7162;64
SpiceJet;27;3;2019;09:00;11:30;27;3;2h 30m;0;3815;7163;64
SpiceJet;15;6;2019;09:00;11:25;15;6;2h 25m;0;3841;7164;64
SpiceJet;1;4;2019;06:55;09:30;1;4;2h 35m;0;3841;7165;64
Air Asia;6;5;2019;19:55;22:25;6;5;2h 30m;0;4409;7166;64
Air Asia;24;3;2019;22:50;01:20;25;3;2h 30m;0;5620;7167;64
IndiGo;27;5;2019;15:15;17:45;27;5;2h 30m;0;4804;7168;64
IndiGo;24;3;2019;15:10;17:45;24;3;2h 35m;0;7615;7169;64
Air India;15;6;2019;14:15;16:45;15;6;2h 30m;0;5510;7170;64
SpiceJet;15;4;2019;17:10;19:40;15;4;2h 30m;0;3841;7171;64
SpiceJet;27;4;2019;17:10;19:40;27;4;2h 30m;0;3841;7172;64
SpiceJet;3;5;2019;09:00;11:25;3;5;2h 25m;0;3841;7173;64
SpiceJet;9;5;2019;06:55;09:30;9;5;2h 35m;0;3873;7174;64
Air Asia;24;6;2019;22:50;01:20;25;6;2h 30m;0;3807;7175;64
Air Asia;6;3;2019;10:20;12:55;6;3;2h 35m;0;4384;7176;64
Air India;24;4;2019;20:45;23:20;24;4;2h 35m;0;4145;7177;64
SpiceJet;6;4;2019;09:00;11:25;6;4;2h 25m;0;3873;7178;64
IndiGo;6;6;2019;17:15;19:50;6;6;2h 35m;0;4804;7179;64
Air Asia;27;6;2019;19:55;22:25;27;6;2h 30m;0;3807;7180;64
Air Asia;3;4;2019;22:50;01:20;4;4;2h 30m;0;3807;7181;64
IndiGo;21;6;2019;14:25;16:55;21;6;2h 30m;0;5224;7182;64
Air Asia;15;3;2019;10:20;12:55;15;3;2h 35m;0;4384;7183;64
Air Asia;12;6;2019;19:55;22:25;12;6;2h 30m;0;3807;7184;64
SpiceJet;1;3;2019;17:15;19:45;1;3;2h 30m;0;5515;7185;64
IndiGo;18;5;2019;14:25;16:55;18;5;2h 30m;0;5224;7186;64
SpiceJet;27;5;2019;09:00;11:25;27;5;2h 25m;0;3841;7187;64
IndiGo;6;6;2019;14:25;16:55;6;6;2h 30m;0;4804;7188;64
SpiceJet;27;3;2019;06:55;09:35;27;3;2h 40m;0;3847;7189;64
Air Asia;9;5;2019;10:20;12:55;9;5;2h 35m;0;4409;7190;64
IndiGo;21;4;2019;22:15;00:50;22;4;2h 35m;0;4804;7191;64
SpiceJet;12;4;2019;22:20;00:40;13;4;2h 20m;0;3873;7192;64
Air Asia;15;6;2019;19:55;22:25;15;6;2h 30m;0;4107;7193;64
SpiceJet;12;4;2019;17:10;19:40;12;4;2h 30m;0;3841;7194;64
IndiGo;27;3;2019;22:10;00:55;28;3;2h 45m;0;4148;7195;64
IndiGo;18;3;2019;22:10;00:55;19;3;2h 45m;0;4148;7196;64
SpiceJet;6;6;2019;22:20;00:40;7;6;2h 20m;0;3873;7197;64
SpiceJet;3;6;2019;06:55;09:30;3;6;2h 35m;0;3873;7198;64
IndiGo;9;5;2019;17:15;19:50;9;5;2h 35m;0;4804;7199;64
IndiGo;3;5;2019;15:30;18:05;3;5;2h 35m;0;4804;7200;64
SpiceJet;1;3;2019;09:00;11:30;1;3;2h 30m;0;5515;7201;64
IndiGo;15;3;2019;14:20;16:55;15;3;2h 35m;0;4778;7202;64
IndiGo;24;5;2019;17:15;19:50;24;5;2h 35m;0;4804;7203;64
IndiGo;3;5;2019;22:15;00:50;4;5;2h 35m;0;4804;7204;64
IndiGo;6;5;2019;09:35;12:20;6;5;2h 45m;0;4804;7205;64
IndiGo;1;6;2019;22:15;00:50;2;6;2h 35m;0;4804;7206;64
SpiceJet;12;4;2019;17:10;19:40;12;4;2h 30m;0;3873;7207;64
IndiGo;15;5;2019;20:20;22:55;15;5;2h 35m;0;4804;7208;64
SpiceJet;3;3;2019;17:15;19:45;3;3;2h 30m;0;6251;7209;64
SpiceJet;15;3;2019;22:20;00:40;16;3;2h 20m;0;3815;7210;64
IndiGo;6;5;2019;14:25;16:55;6;5;2h 30m;0;5224;7211;64
SpiceJet;9;6;2019;09:00;11:25;9;6;2h 25m;0;3841;7212;64
SpiceJet;15;4;2019;22:20;00:40;16;4;2h 20m;0;3873;7213;64
SpiceJet;9;5;2019;09:00;11:25;9;5;2h 25m;0;3841;7214;64
SpiceJet;3;6;2019;22:20;00:40;4;6;2h 20m;0;3841;7215;64
IndiGo;9;4;2019;21:25;00:05;10;4;2h 40m;0;4174;7216;64
IndiGo;9;3;2019;17:15;19:55;9;3;2h 40m;0;4778;7217;64
Air India;6;5;2019;20:45;23:20;6;5;2h 35m;0;4145;7218;64
SpiceJet;21;3;2019;17:15;19:45;21;3;2h 30m;0;3815;7219;64
SpiceJet;21;6;2019;09:00;11:25;21;6;2h 25m;0;3873;7220;64
IndiGo;18;6;2019;21:25;00:05;19;6;2h 40m;0;4804;7221;64
SpiceJet;6;6;2019;09:00;11:25;6;6;2h 25m;0;3873;7222;64
IndiGo;3;3;2019;09:35;12:20;3;3;2h 45m;0;6565;7223;64
IndiGo;9;5;2019;09:35;12:20;9;5;2h 45m;0;4804;7224;64
IndiGo;15;5;2019;15:30;18:05;15;5;2h 35m;0;4804;7225;64
Air India;6;5;2019;14:15;16:45;6;5;2h 30m;0;5510;7226;64
SpiceJet;21;5;2019;09:00;11:25;21;5;2h 25m;0;4174;7227;64
IndiGo;24;6;2019;09:35;12:20;24;6;2h 45m;0;4804;7228;64
IndiGo;12;6;2019;11:30;14:05;12;6;2h 35m;0;4804;7229;64
IndiGo;27;5;2019;14:25;16:55;27;5;2h 30m;0;5224;7230;64
IndiGo;3;5;2019;11:30;14:05;3;5;2h 35m;0;5224;7231;64
SpiceJet;3;3;2019;06:55;09:35;3;3;2h 40m;0;4622;7232;64
Air Asia;18;3;2019;22:50;01:20;19;3;2h 30m;0;4082;7233;64
IndiGo;3;5;2019;21:25;00:05;4;5;2h 40m;0;4804;7234;64
SpiceJet;24;5;2019;06:55;09:30;24;5;2h 35m;0;3841;7235;64
IndiGo;15;5;2019;21:25;00:05;16;5;2h 40m;0;4804;7236;64
IndiGo;6;4;2019;22:15;00:50;7;4;2h 35m;0;4174;7237;64
SpiceJet;12;6;2019;17:10;19:40;12;6;2h 30m;0;4174;7238;64
SpiceJet;15;6;2019;06:55;09:30;15;6;2h 35m;0;3841;7239;64
IndiGo;21;6;2019;21:25;00:05;22;6;2h 40m;0;4804;7240;64
IndiGo;1;3;2019;20:25;23:05;1;3;2h 40m;0;4778;7241;64
Air India;27;6;2019;20:45;23:20;27;6;2h 35m;0;4145;7242;64
IndiGo;9;6;2019;14:25;16:55;9;6;2h 30m;0;5644;7243;64
IndiGo;3;5;2019;14:25;16:55;3;5;2h 30m;0;5224;7244;64
SpiceJet;18;6;2019;22:20;00:40;19;6;2h 20m;0;3841;7245;64
IndiGo;6;5;2019;04:40;07:15;6;5;2h 35m;0;4804;7246;64
IndiGo;1;3;2019;14:20;16:55;1;3;2h 35m;0;6565;7247;64
SpiceJet;18;4;2019;22:20;00:40;19;4;2h 20m;0;3841;7248;64
SpiceJet;24;4;2019;22:20;00:40;25;4;2h 20m;0;3873;7249;64
IndiGo;24;4;2019;15:30;18:05;24;4;2h 35m;0;4804;7250;64
SpiceJet;3;5;2019;06:55;09:30;3;5;2h 35m;0;3873;7251;64
SpiceJet;12;4;2019;06:55;09:30;12;4;2h 35m;0;3873;7252;64
IndiGo;1;5;2019;15:30;18:05;1;5;2h 35m;0;4804;7253;64
SpiceJet;1;5;2019;17:10;19:40;1;5;2h 30m;0;3841;7254;64
IndiGo;9;6;2019;20:20;22:55;9;6;2h 35m;0;4804;7255;64
SpiceJet;24;5;2019;17:10;19:40;24;5;2h 30m;0;4174;7256;64
IndiGo;18;4;2019;21:25;00:05;19;4;2h 40m;0;4174;7257;64
Air Asia;18;6;2019;19:55;22:25;18;6;2h 30m;0;3807;7258;64
SpiceJet;6;5;2019;17:10;19:40;6;5;2h 30m;0;4491;7259;64
IndiGo;1;6;2019;21:25;00:05;2;6;2h 40m;0;4804;7260;64
SpiceJet;9;4;2019;06:55;09:30;9;4;2h 35m;0;3873;7261;64
IndiGo;12;6;2019;09:35;12:20;12;6;2h 45m;0;4804;7262;64
Air India;1;5;2019;14:15;16:45;1;5;2h 30m;0;6245;7263;64
Air Asia;24;5;2019;22:50;01:20;25;5;2h 30m;0;4107;7264;64
IndiGo;15;3;2019;20:25;23:05;15;3;2h 40m;0;4462;7265;64
IndiGo;21;3;2019;10:10;12:55;21;3;2h 45m;0;5198;7266;64
SpiceJet;15;6;2019;22:20;00:40;16;6;2h 20m;0;3873;7267;64
SpiceJet;9;3;2019;06:55;09:35;9;3;2h 40m;0;4622;7268;64
IndiGo;21;6;2019;11:30;14:05;21;6;2h 35m;0;4804;7269;64
SpiceJet;27;5;2019;06:55;09:30;27;5;2h 35m;0;3841;7270;64
IndiGo;3;4;2019;17:15;19:50;3;4;2h 35m;0;4174;7271;64
IndiGo;24;3;2019;22:10;00:55;25;3;2h 45m;0;6985;7272;64
Air Asia;21;6;2019;10:20;12:55;21;6;2h 35m;0;3807;7273;64
IndiGo;18;5;2019;04:40;07:15;18;5;2h 35m;0;4804;7274;64
IndiGo;9;5;2019;11:30;14:05;9;5;2h 35m;0;5224;7275;64
IndiGo;24;4;2019;21:25;00:05;25;4;2h 40m;0;4804;7276;64
SpiceJet;18;6;2019;06:55;09:30;18;6;2h 35m;0;3873;7277;64
SpiceJet;18;5;2019;22:20;00:40;19;5;2h 20m;0;3873;7278;64
IndiGo;6;4;2019;15:30;18:05;6;4;2h 35m;0;4174;7279;64
IndiGo;24;3;2019;17:15;20:00;24;3;2h 45m;0;6565;7280;64
SpiceJet;6;6;2019;09:00;11:25;6;6;2h 25m;0;3841;7281;64
SpiceJet;21;3;2019;22:20;00:40;22;3;2h 20m;0;3847;7282;64
IndiGo;9;5;2019;20:20;22:55;9;5;2h 35m;0;4804;7283;64
IndiGo;9;4;2019;17:15;19:50;9;4;2h 35m;0;4174;7284;64
IndiGo;12;5;2019;20:20;22:55;12;5;2h 35m;0;4804;7285;64
IndiGo;12;4;2019;11:30;14:05;12;4;2h 35m;0;4174;7286;64
SpiceJet;15;4;2019;22:20;00:40;16;4;2h 20m;0;3841;7287;64
IndiGo;18;4;2019;11:30;14:05;18;4;2h 35m;0;5224;7288;64
SpiceJet;1;6;2019;14:55;17:25;1;6;2h 30m;0;3841;7289;64
SpiceJet;18;4;2019;17:10;19:40;18;4;2h 30m;0;4174;7290;64
IndiGo;27;4;2019;22:15;00:50;28;4;2h 35m;0;4804;7291;64
IndiGo;24;6;2019;14:25;16:55;24;6;2h 30m;0;4804;7292;64
IndiGo;1;5;2019;22:15;00:50;2;5;2h 35m;0;4804;7293;64
SpiceJet;9;6;2019;09:00;11:25;9;6;2h 25m;0;4174;7294;64
IndiGo;24;3;2019;14:20;16:55;24;3;2h 35m;0;5618;7295;64
GoAir;24;6;2019;15:20;17:55;24;6;2h 35m;0;3514;7296;64
Air India;21;4;2019;14:15;16:45;21;4;2h 30m;0;6245;7297;64
SpiceJet;9;4;2019;17:10;19:40;9;4;2h 30m;0;3873;7298;64
SpiceJet;24;5;2019;09:00;11:25;24;5;2h 25m;0;3873;7299;64
IndiGo;3;4;2019;11:30;14:05;3;4;2h 35m;0;4174;7300;64
Air Asia;6;4;2019;22:50;01:20;7;4;2h 30m;0;3807;7301;64
SpiceJet;1;6;2019;06:55;09:30;1;6;2h 35m;0;3873;7302;64
IndiGo;3;6;2019;04:40;07:15;3;6;2h 35m;0;5224;7303;64
IndiGo;27;6;2019;09:35;12:10;27;6;2h 35m;0;4804;7304;64
SpiceJet;3;4;2019;06:55;09:30;3;4;2h 35m;0;3841;7305;64
IndiGo;15;4;2019;17:15;19:50;15;4;2h 35m;0;4174;7306;64
SpiceJet;27;6;2019;09:00;11:25;27;6;2h 25m;0;3841;7307;64
SpiceJet;24;4;2019;09:00;11:25;24;4;2h 25m;0;4174;7308;64
IndiGo;18;6;2019;04:40;07:15;18;6;2h 35m;0;4804;7309;64
IndiGo;21;6;2019;15:15;17:45;21;6;2h 30m;0;4804;7310;64
SpiceJet;1;3;2019;06:55;09:35;1;3;2h 40m;0;4622;7311;64
IndiGo;3;6;2019;15:15;17:45;3;6;2h 30m;0;4804;7312;64
IndiGo;3;3;2019;22:10;00:55;4;3;2h 45m;0;5618;7313;64
IndiGo;3;3;2019;14:20;16:55;3;3;2h 35m;0;6565;7314;64
SpiceJet;21;5;2019;17:10;19:40;21;5;2h 30m;0;3873;7315;64
Air India;24;6;2019;14:15;16:45;24;6;2h 30m;0;5510;7316;64
IndiGo;12;5;2019;21:25;00:05;13;5;2h 40m;0;4804;7317;64
IndiGo;1;6;2019;20:20;22:55;1;6;2h 35m;0;4804;7318;64
IndiGo;9;3;2019;20:25;23:05;9;3;2h 40m;0;4148;7319;64
SpiceJet;9;5;2019;09:00;11:25;9;5;2h 25m;0;3873;7320;64
IndiGo;9;6;2019;22:15;00:50;10;6;2h 35m;0;5224;7321;64
SpiceJet;24;5;2019;22:20;00:40;25;5;2h 20m;0;3873;7322;64
IndiGo;15;5;2019;17:15;19:50;15;5;2h 35m;0;4804;7323;64
IndiGo;3;6;2019;20:25;23:10;3;6;2h 45m;0;4804;7324;64
Air India;9;3;2019;14:15;16:45;9;3;2h 30m;0;4960;7325;64
IndiGo;24;4;2019;22:15;00:50;25;4;2h 35m;0;4804;7326;64
IndiGo;3;3;2019;17:15;20:00;3;3;2h 45m;0;6985;7327;64
IndiGo;18;5;2019;11:30;14:05;18;5;2h 35m;0;4804;7328;64
SpiceJet;3;6;2019;17:10;19:40;3;6;2h 30m;0;3841;7329;64
IndiGo;12;3;2019;14:20;16:55;12;3;2h 35m;0;4148;7330;64
SpiceJet;24;3;2019;09:00;11:30;24;3;2h 30m;0;5201;7331;64
IndiGo;1;3;2019;17:15;19:55;1;3;2h 40m;0;6565;7332;64
Air Asia;27;6;2019;22:50;01:20;28;6;2h 30m;0;3807;7333;64
IndiGo;27;3;2019;15:10;17:45;27;3;2h 35m;0;4148;7334;64
Air Asia;15;4;2019;19:55;22:25;15;4;2h 30m;0;4409;7335;64
SpiceJet;6;3;2019;22:20;00:40;7;3;2h 20m;0;3849;7336;64
Air India;18;3;2019;20:45;23:20;18;3;2h 35m;0;4435;7337;64
IndiGo;21;4;2019;04:40;07:15;21;4;2h 35m;0;4804;7338;64
SpiceJet;18;6;2019;17:10;19:40;18;6;2h 30m;0;3841;7339;64
Air India;24;5;2019;14:15;16:45;24;5;2h 30m;0;5510;7340;64
IndiGo;1;4;2019;20:20;22:55;1;4;2h 35m;0;4488;7341;64
SpiceJet;3;6;2019;06:55;09:30;3;6;2h 35m;0;3841;7342;64
IndiGo;21;5;2019;22:15;00:50;22;5;2h 35m;0;4804;7343;64
SpiceJet;18;5;2019;09:00;11:25;18;5;2h 25m;0;4439;7344;64
Air Asia;6;4;2019;19:55;22:25;6;4;2h 30m;0;3807;7345;64
SpiceJet;6;3;2019;06:55;09:35;6;3;2h 40m;0;3850;7346;64
SpiceJet;27;4;2019;17:10;19:40;27;4;2h 30m;0;4174;7347;64
SpiceJet;21;3;2019;22:20;00:40;22;3;2h 20m;0;3815;7348;64
IndiGo;12;5;2019;15:15;17:45;12;5;2h 30m;0;4804;7349;64
IndiGo;12;4;2019;21:25;00:05;13;4;2h 40m;0;4174;7350;64
SpiceJet;21;6;2019;17:10;19:40;21;6;2h 30m;0;3873;7351;64
IndiGo;9;6;2019;15:15;17:45;9;6;2h 30m;0;5224;7352;64
IndiGo;3;3;2019;05:30;08:20;3;3;2h 50m;0;4778;7353;64
SpiceJet;21;5;2019;17:10;19:40;21;5;2h 30m;0;3841;7354;64
IndiGo;12;4;2019;15:15;17:45;12;4;2h 30m;0;4174;7355;64
SpiceJet;12;6;2019;06:55;09:30;12;6;2h 35m;0;3873;7356;64
IndiGo;24;5;2019;20:20;22:55;24;5;2h 35m;0;4804;7357;64
IndiGo;6;4;2019;09:35;12:20;6;4;2h 45m;0;4174;7358;64
SpiceJet;1;4;2019;09:00;11:25;1;4;2h 25m;0;3841;7359;64
SpiceJet;18;5;2019;09:00;11:25;18;5;2h 25m;0;4491;7360;64
SpiceJet;12;6;2019;09:00;11:25;12;6;2h 25m;0;3873;7361;64
Air India;21;6;2019;14:15;16:45;21;6;2h 30m;0;5510;7362;64
IndiGo;6;3;2019;22:10;00:55;7;3;2h 45m;0;4778;7363;64
SpiceJet;21;3;2019;09:00;11:30;21;3;2h 30m;0;3815;7364;64
SpiceJet;21;6;2019;09:00;11:25;21;6;2h 25m;0;3841;7365;64
IndiGo;18;4;2019;04:40;07:15;18;4;2h 35m;0;4174;7366;64
Air India;21;5;2019;14:15;16:45;21;5;2h 30m;0;5510;7367;64
SpiceJet;9;6;2019;17:10;19:40;9;6;2h 30m;0;3841;7368;64
IndiGo;27;4;2019;20:20;22:55;27;4;2h 35m;0;4804;7369;64
IndiGo;9;5;2019;22:15;00:50;10;5;2h 35m;0;4804;7370;64
IndiGo;21;3;2019;15:10;17:45;21;3;2h 35m;0;4148;7371;64
SpiceJet;24;6;2019;06:55;09:30;24;6;2h 35m;0;3873;7372;64
SpiceJet;6;4;2019;14:55;17:25;6;4;2h 30m;0;3873;7373;64
IndiGo;12;6;2019;17:15;19:50;12;6;2h 35m;0;4804;7374;64
SpiceJet;21;5;2019;06:55;09:30;21;5;2h 35m;0;3873;7375;64
IndiGo;24;5;2019;15:30;18:05;24;5;2h 35m;0;4804;7376;64
Air India;1;4;2019;20:45;23:20;1;4;2h 35m;0;4460;7377;64
Air India;21;3;2019;14:15;16:45;21;3;2h 30m;0;5170;7378;64
SpiceJet;3;5;2019;17:10;19:40;3;5;2h 30m;0;3841;7379;64
IndiGo;15;3;2019;05:30;08:20;15;3;2h 50m;0;4148;7380;64
SpiceJet;15;3;2019;22:20;00:40;16;3;2h 20m;0;3847;7381;64
SpiceJet;21;3;2019;06:55;09:35;21;3;2h 40m;0;4148;7382;64
SpiceJet;21;5;2019;22:20;00:40;22;5;2h 20m;0;3841;7383;64
IndiGo;18;5;2019;15:30;18:05;18;5;2h 35m;0;4804;7384;64
IndiGo;12;4;2019;09:35;12:20;12;4;2h 45m;0;4174;7385;64
SpiceJet;15;5;2019;06:55;09:30;15;5;2h 35m;0;3873;7386;64
Air India;12;3;2019;14:15;16:45;12;3;2h 30m;0;5747;7387;64
IndiGo;27;4;2019;15:30;18:05;27;4;2h 35m;0;4804;7388;64
SpiceJet;1;6;2019;06:55;09:30;1;6;2h 35m;0;3841;7389;64
Air Asia;12;6;2019;10:20;12:55;12;6;2h 35m;0;3807;7390;64
IndiGo;12;4;2019;14:25;16:55;12;4;2h 30m;0;5224;7391;64
Air India;12;5;2019;20:45;23:20;12;5;2h 35m;0;4880;7392;64
SpiceJet;21;4;2019;09:00;11:25;21;4;2h 25m;0;4491;7393;64
SpiceJet;1;5;2019;09:00;11:25;1;5;2h 25m;0;4174;7394;64
IndiGo;1;5;2019;11:30;14:05;1;5;2h 35m;0;5644;7395;64
SpiceJet;24;6;2019;17:10;19:40;24;6;2h 30m;0;3873;7396;64
IndiGo;27;6;2019;14:25;16:55;27;6;2h 30m;0;4804;7397;64
SpiceJet;9;3;2019;22:20;00:40;10;3;2h 20m;0;4622;7398;64
Air Asia;6;6;2019;19:55;22:25;6;6;2h 30m;0;4508;7399;64
IndiGo;9;4;2019;20:20;22:55;9;4;2h 35m;0;4488;7400;64
Air Asia;15;5;2019;19:55;22:25;15;5;2h 30m;0;4409;7401;64
IndiGo;15;4;2019;21:25;00:05;16;4;2h 40m;0;4174;7402;64
Air Asia;21;3;2019;10:20;12:55;21;3;2h 35m;0;4082;7403;64
IndiGo;27;3;2019;20:25;23:05;27;3;2h 40m;0;4462;7404;64
IndiGo;24;5;2019;11:30;14:05;24;5;2h 35m;0;5224;7405;64
Air Asia;6;3;2019;22:50;01:20;7;3;2h 30m;0;4384;7406;64
IndiGo;21;4;2019;14:25;16:55;21;4;2h 30m;0;5644;7407;64
IndiGo;12;5;2019;17:15;19:50;12;5;2h 35m;0;4804;7408;64
Air Asia;15;4;2019;10:20;12:55;15;4;2h 35m;0;4409;7409;64
Air India;6;3;2019;14:15;16:45;6;3;2h 30m;0;4960;7410;64
SpiceJet;18;5;2019;06:55;09:30;18;5;2h 35m;0;3873;7411;64
SpiceJet;1;4;2019;06:55;09:30;1;4;2h 35m;0;3873;7412;64
IndiGo;6;4;2019;11:30;14:05;6;4;2h 35m;0;4174;7413;64
Air India;15;3;2019;14:15;16:45;15;3;2h 30m;0;5170;7414;64
IndiGo;1;6;2019;04:40;07:15;1;6;2h 35m;0;4804;7415;64
Air Asia;6;3;2019;19:35;22:05;6;3;2h 30m;0;4384;7416;64
IndiGo;9;6;2019;09:35;12:20;9;6;2h 45m;0;4804;7417;64
IndiGo;3;6;2019;09:35;12:10;3;6;2h 35m;0;4804;7418;64
SpiceJet;27;5;2019;17:10;19:40;27;5;2h 30m;0;3873;7419;64
IndiGo;1;6;2019;17:15;19:50;1;6;2h 35m;0;5224;7420;64
SpiceJet;6;6;2019;06:55;09:30;6;6;2h 35m;0;3841;7421;64
SpiceJet;24;6;2019;22:20;00:40;25;6;2h 20m;0;3841;7422;64
SpiceJet;9;6;2019;22:20;00:40;10;6;2h 20m;0;3841;7423;64
IndiGo;6;6;2019;09:35;12:10;6;6;2h 35m;0;4804;7424;64
IndiGo;21;3;2019;09:35;12:20;21;3;2h 45m;0;4148;7425;64
IndiGo;18;5;2019;15:15;17:45;18;5;2h 30m;0;4804;7426;64
IndiGo;9;3;2019;15:20;17:55;9;3;2h 35m;0;4148;7427;64
SpiceJet;6;4;2019;17:10;19:40;6;4;2h 30m;0;3841;7428;64
IndiGo;6;4;2019;20:20;22:55;6;4;2h 35m;0;4174;7429;64
IndiGo;27;5;2019;17:15;19:50;27;5;2h 35m;0;4804;7430;64
IndiGo;18;3;2019;20:25;23:05;18;3;2h 40m;0;4462;7431;64
SpiceJet;24;4;2019;06:55;09:30;24;4;2h 35m;0;3841;7432;64
SpiceJet;9;4;2019;09:00;11:25;9;4;2h 25m;0;3841;7433;64
SpiceJet;9;4;2019;22:20;00:40;10;4;2h 20m;0;3873;7434;64
Air Asia;24;4;2019;19:55;22:25;24;4;2h 30m;0;4107;7435;64
IndiGo;24;6;2019;04:40;07:15;24;6;2h 35m;0;4804;7436;64
IndiGo;15;6;2019;22:15;00:50;16;6;2h 35m;0;4804;7437;64
SpiceJet;3;4;2019;06:55;09:30;3;4;2h 35m;0;3873;7438;64
Air Asia;15;6;2019;22:50;01:20;16;6;2h 30m;0;3807;7439;64
Air India;1;4;2019;14:15;16:45;1;4;2h 30m;0;6245;7440;64
IndiGo;1;4;2019;15:30;18:05;1;4;2h 35m;0;4174;7441;64
SpiceJet;1;4;2019;22:20;00:40;2;4;2h 20m;0;3841;7442;64
Air Asia;1;4;2019;22:50;01:20;2;4;2h 30m;0;4107;7443;64
IndiGo;15;6;2019;15:15;17:45;15;6;2h 30m;0;4804;7444;64
IndiGo;21;3;2019;22:10;00:55;22;3;2h 45m;0;4148;7445;64
SpiceJet;6;5;2019;09:00;11:25;6;5;2h 25m;0;3841;7446;64
SpiceJet;27;4;2019;14:55;17:25;27;4;2h 30m;0;3841;7447;64
SpiceJet;21;5;2019;06:55;09:30;21;5;2h 35m;0;3841;7448;64
IndiGo;3;3;2019;15:10;17:45;3;3;2h 35m;0;6985;7449;64
SpiceJet;27;3;2019;09:00;11:30;27;3;2h 30m;0;3847;7450;64
IndiGo;1;4;2019;17:15;19:50;1;4;2h 35m;0;4174;7451;64
IndiGo;12;6;2019;15:30;18:05;12;6;2h 35m;0;4804;7452;64
IndiGo;27;6;2019;21:25;00:05;28;6;2h 40m;0;4804;7453;64
IndiGo;9;3;2019;09:35;12:20;9;3;2h 45m;0;4148;7454;64
SpiceJet;15;3;2019;17:15;19:45;15;3;2h 30m;0;3815;7455;64
Air India;3;4;2019;20:45;23:20;3;4;2h 35m;0;4460;7456;64
SpiceJet;24;3;2019;17:15;19:45;24;3;2h 30m;0;6461;7457;64
IndiGo;6;5;2019;15:15;17:45;6;5;2h 30m;0;4804;7458;64
IndiGo;6;3;2019;15:10;17:45;6;3;2h 35m;0;5618;7459;64
IndiGo;6;6;2019;11:30;14:05;6;6;2h 35m;0;5224;7460;64
SpiceJet;6;5;2019;22:20;00:40;7;5;2h 20m;0;3873;7461;64
Air Asia;21;3;2019;22:50;01:20;22;3;2h 30m;0;3782;7462;64
IndiGo;6;6;2019;20:25;23:10;6;6;2h 45m;0;4804;7463;64
SpiceJet;3;4;2019;09:00;11:25;3;4;2h 25m;0;3873;7464;64
SpiceJet;15;5;2019;06:55;09:30;15;5;2h 35m;0;3841;7465;64
Air Asia;9;6;2019;19:55;22:25;9;6;2h 30m;0;4409;7466;64
SpiceJet;18;6;2019;09:00;11:25;18;6;2h 25m;0;3841;7467;64
IndiGo;6;6;2019;15:15;17:45;6;6;2h 30m;0;4804;7468;64
SpiceJet;24;3;2019;22:20;00:40;25;3;2h 20m;0;5725;7469;64
Air India;12;3;2019;20:45;23:20;12;3;2h 35m;0;4435;7470;64
IndiGo;15;4;2019;22:15;00:50;16;4;2h 35m;0;4174;7471;64
IndiGo;9;4;2019;15:15;17:45;9;4;2h 30m;0;4174;7472;64
IndiGo;24;4;2019;15:15;17:45;24;4;2h 30m;0;4804;7473;64
Air India;15;5;2019;20:45;23:20;15;5;2h 35m;0;4145;7474;64
Air India;18;5;2019;20:45;23:20;18;5;2h 35m;0;4880;7475;64
Air India;3;6;2019;20:45;23:20;3;6;2h 35m;0;4145;7476;64
Air Asia;18;5;2019;22:50;01:20;19;5;2h 30m;0;4409;7477;64
SpiceJet;18;3;2019;06:55;09:35;18;3;2h 40m;0;4413;7478;64
IndiGo;27;3;2019;15:20;17:55;27;3;2h 35m;0;5198;7479;64
IndiGo;18;3;2019;10:10;12:55;18;3;2h 45m;0;4462;7480;64
IndiGo;18;3;2019;17:15;19:55;18;3;2h 40m;0;4462;7481;64
IndiGo;24;4;2019;14:25;16:55;24;4;2h 30m;0;4804;7482;64
Air Asia;18;3;2019;19:35;22:05;18;3;2h 30m;0;4384;7483;64
SpiceJet;21;6;2019;22:20;00:40;22;6;2h 20m;0;3841;7484;64
SpiceJet;15;3;2019;06:55;09:35;15;3;2h 40m;0;3815;7485;64
Air Asia;9;3;2019;10:20;12:55;9;3;2h 35m;0;4384;7486;64
IndiGo;12;6;2019;04:40;07:15;12;6;2h 35m;0;4804;7487;64
SpiceJet;18;4;2019;22:20;00:40;19;4;2h 20m;0;4174;7488;64
SpiceJet;27;6;2019;22:20;00:40;28;6;2h 20m;0;3873;7489;64
Air Asia;21;6;2019;22:50;01:20;22;6;2h 30m;0;3807;7490;64
SpiceJet;15;5;2019;17:10;19:40;15;5;2h 30m;0;4174;7491;64
SpiceJet;6;4;2019;22:20;00:40;7;4;2h 20m;0;3841;7492;64
Air India;9;4;2019;20:45;23:20;9;4;2h 35m;0;4460;7493;64
SpiceJet;27;3;2019;17:15;19:45;27;3;2h 30m;0;3815;7494;64
IndiGo;9;3;2019;10:10;12:55;9;3;2h 45m;0;4462;7495;64
IndiGo;6;6;2019;04:40;07:15;6;6;2h 35m;0;4804;7496;64
IndiGo;18;3;2019;15:10;17:45;18;3;2h 35m;0;4462;7497;64
IndiGo;27;5;2019;09:35;12:20;27;5;2h 45m;0;4804;7498;64
IndiGo;24;5;2019;04:40;07:15;24;5;2h 35m;0;4804;7499;64
IndiGo;15;3;2019;21:25;00:05;16;3;2h 40m;0;4148;7500;64
IndiGo;27;3;2019;05:30;08:20;27;3;2h 50m;0;4148;7501;64
Air Asia;18;6;2019;09:45;12:15;18;6;2h 30m;0;3807;7502;64
IndiGo;3;4;2019;09:35;12:20;3;4;2h 45m;0;4174;7503;64
IndiGo;12;6;2019;15:15;17:45;12;6;2h 30m;0;4804;7504;64
SpiceJet;15;6;2019;06:55;09:30;15;6;2h 35m;0;3873;7505;64
IndiGo;3;6;2019;17:15;19:50;3;6;2h 35m;0;4804;7506;64
Air Asia;21;4;2019;10:20;12:55;21;4;2h 35m;0;4409;7507;64
SpiceJet;1;5;2019;06:55;09:30;1;5;2h 35m;0;3873;7508;64
Air Asia;9;5;2019;22:50;01:20;10;5;2h 30m;0;3807;7509;64
SpiceJet;6;3;2019;09:00;11:30;6;3;2h 30m;0;4096;7510;64
IndiGo;1;4;2019;14:25;16:55;1;4;2h 30m;0;4174;7511;64
SpiceJet;9;3;2019;17:15;19:45;9;3;2h 30m;0;4622;7512;64
SpiceJet;1;6;2019;17:10;19:40;1;6;2h 30m;0;4174;7513;64
SpiceJet;1;6;2019;22:20;00:40;2;6;2h 20m;0;3841;7514;64
Air India;27;3;2019;14:15;16:45;27;3;2h 30m;0;5170;7515;64
IndiGo;15;3;2019;22:10;00:55;16;3;2h 45m;0;4148;7516;64
IndiGo;9;6;2019;15:30;18:05;9;6;2h 35m;0;5224;7517;64
IndiGo;9;5;2019;04:40;07:15;9;5;2h 35m;0;4804;7518;64
IndiGo;27;6;2019;11:30;14:05;27;6;2h 35m;0;4804;7519;64
SpiceJet;9;4;2019;09:00;11:25;9;4;2h 25m;0;3873;7520;64
Air Asia;1;3;2019;19:35;22:05;1;3;2h 30m;0;5964;7521;64
IndiGo;18;5;2019;17:15;19:50;18;5;2h 35m;0;4804;7522;64
IndiGo;1;3;2019;15:20;17:55;1;3;2h 35m;0;6565;7523;64
IndiGo;9;4;2019;15:30;18:05;9;4;2h 35m;0;4174;7524;64
SpiceJet;6;6;2019;17:10;19:40;6;6;2h 30m;0;3841;7525;64
IndiGo;18;5;2019;09:35;12:20;18;5;2h 45m;0;4804;7526;64
Air Asia;3;6;2019;10:20;12:55;3;6;2h 35m;0;4409;7527;64
SpiceJet;6;6;2019;22:20;00:40;7;6;2h 20m;0;3841;7528;64
IndiGo;9;3;2019;21:25;00:05;10;3;2h 40m;0;4148;7529;64
Air India;18;3;2019;14:15;16:45;18;3;2h 30m;0;5170;7530;64
Air Asia;3;6;2019;22:50;01:20;4;6;2h 30m;0;4409;7531;64
IndiGo;1;3;2019;22:10;00:55;2;3;2h 45m;0;4778;7532;64
SpiceJet;24;5;2019;09:00;11:25;24;5;2h 25m;0;3841;7533;64
IndiGo;18;4;2019;14:25;16:55;18;4;2h 30m;0;5224;7534;64
SpiceJet;18;5;2019;17:10;19:40;18;5;2h 30m;0;3841;7535;64
Air Asia;12;5;2019;22:50;01:20;13;5;2h 30m;0;4409;7536;64
Air Asia;15;6;2019;10:20;12:55;15;6;2h 35m;0;4409;7537;64
IndiGo;24;4;2019;20:20;22:55;24;4;2h 35m;0;4804;7538;64
IndiGo;12;5;2019;04:40;07:15;12;5;2h 35m;0;4804;7539;64
SpiceJet;12;6;2019;22:20;00:40;13;6;2h 20m;0;3841;7540;64
Air Asia;18;4;2019;22:50;01:20;19;4;2h 30m;0;4409;7541;64
Air Asia;18;5;2019;19:55;22:25;18;5;2h 30m;0;5989;7542;64
Air India;6;6;2019;20:45;23:20;6;6;2h 35m;0;4145;7543;64
IndiGo;3;5;2019;17:15;19:50;3;5;2h 35m;0;4804;7544;64
SpiceJet;1;6;2019;09:00;11:25;1;6;2h 25m;0;4174;7545;64
SpiceJet;3;3;2019;22:20;00:40;4;3;2h 20m;0;5515;7546;64
SpiceJet;24;4;2019;22:20;00:40;25;4;2h 20m;0;3841;7547;64
SpiceJet;15;6;2019;17:10;19:40;15;6;2h 30m;0;3873;7548;64
SpiceJet;21;4;2019;22:20;00:40;22;4;2h 20m;0;4807;7549;64
Air Asia;3;4;2019;19:55;22:25;3;4;2h 30m;0;4107;7550;64
IndiGo;3;3;2019;10:10;12:55;3;3;2h 45m;0;6565;7551;64
IndiGo;6;4;2019;21:25;00:05;7;4;2h 40m;0;4174;7552;64
Air Asia;6;4;2019;10:20;12:55;6;4;2h 35m;0;3807;7553;64
SpiceJet;27;4;2019;06:55;09:30;27;4;2h 35m;0;3841;7554;64
Air Asia;12;3;2019;22:50;01:20;13;3;2h 30m;0;4082;7555;64
IndiGo;27;3;2019;09:35;12:20;27;3;2h 45m;0;4148;7556;64
IndiGo;1;5;2019;17:15;19:50;1;5;2h 35m;0;4804;7557;64
IndiGo;9;4;2019;22:15;00:50;10;4;2h 35m;0;4174;7558;64
SpiceJet;21;3;2019;09:00;11:30;21;3;2h 30m;0;4148;7559;64
SpiceJet;6;4;2019;14:55;17:25;6;4;2h 30m;0;3841;7560;64
SpiceJet;21;3;2019;17:15;19:45;21;3;2h 30m;0;3847;7561;64
IndiGo;21;5;2019;21:25;00:05;22;5;2h 40m;0;4804;7562;64
SpiceJet;9;5;2019;17:10;19:40;9;5;2h 30m;0;3873;7563;64
SpiceJet;24;6;2019;17:10;19:40;24;6;2h 30m;0;3841;7564;64
IndiGo;3;6;2019;11:30;14:05;3;6;2h 35m;0;4804;7565;64
SpiceJet;18;4;2019;06:55;09:30;18;4;2h 35m;0;3873;7566;64
Air Asia;24;3;2019;10:20;12:55;24;3;2h 35m;0;5620;7567;64
SpiceJet;18;5;2019;17:10;19:40;18;5;2h 30m;0;4174;7568;64
SpiceJet;6;4;2019;06:55;09:30;6;4;2h 35m;0;3841;7569;64
IndiGo;24;6;2019;15:15;17:45;24;6;2h 30m;0;4804;7570;64
IndiGo;27;4;2019;11:30;14:05;27;4;2h 35m;0;4804;7571;64
Air Asia;15;5;2019;22:50;01:20;16;5;2h 30m;0;4107;7572;64
IndiGo;6;6;2019;21:25;00:05;7;6;2h 40m;0;4804;7573;64
IndiGo;12;4;2019;22:15;00:50;13;4;2h 35m;0;4174;7574;64
Air India;12;4;2019;14:15;16:45;12;4;2h 30m;0;5195;7575;64
IndiGo;18;5;2019;20:20;22:55;18;5;2h 35m;0;4804;7576;64
SpiceJet;24;6;2019;06:55;09:30;24;6;2h 35m;0;3841;7577;64
IndiGo;3;4;2019;15:15;17:45;3;4;2h 30m;0;4174;7578;64
IndiGo;21;3;2019;17:15;19:55;21;3;2h 40m;0;4148;7579;64
IndiGo;12;3;2019;15:10;17:45;12;3;2h 35m;0;4148;7580;64
Air Asia;27;3;2019;22:50;01:20;28;3;2h 30m;0;3782;7581;64
IndiGo;9;5;2019;15:30;18:05;9;5;2h 35m;0;4804;7582;64
Air India;12;6;2019;20:45;23:20;12;6;2h 35m;0;4145;7583;64
IndiGo;24;3;2019;09:35;12:20;24;3;2h 45m;0;6038;7584;64
Air Asia;21;5;2019;22:50;01:20;22;5;2h 30m;0;4107;7585;64
IndiGo;3;5;2019;04:40;07:15;3;5;2h 35m;0;4804;7586;64
IndiGo;24;4;2019;11:30;14:05;24;4;2h 35m;0;4804;7587;64
Air Asia;1;3;2019;10:20;12:55;1;3;2h 35m;0;5620;7588;64
Air Asia;3;5;2019;19:55;22:25;3;5;2h 30m;0;5989;7589;64
SpiceJet;15;5;2019;09:00;11:25;15;5;2h 25m;0;3841;7590;64
SpiceJet;6;4;2019;09:00;11:25;6;4;2h 25m;0;3841;7591;64
IndiGo;9;6;2019;17:15;19:50;9;6;2h 35m;0;4804;7592;64
IndiGo;27;3;2019;10:10;12:55;27;3;2h 45m;0;4148;7593;64
Air India;3;5;2019;14:15;16:45;3;5;2h 30m;0;5510;7594;64
IndiGo;21;4;2019;21:25;00:05;22;4;2h 40m;0;4804;7595;64
SpiceJet;6;5;2019;09:00;11:25;6;5;2h 25m;0;4174;7596;64
IndiGo;12;3;2019;21:25;00:05;13;3;2h 40m;0;4148;7597;64
Air Asia;15;5;2019;10:20;12:55;15;5;2h 35m;0;4409;7598;64
Air Asia;1;5;2019;22:50;01:20;2;5;2h 30m;0;4409;7599;64
Air Asia;18;6;2019;22:50;01:20;19;6;2h 30m;0;3807;7600;64
Air Asia;3;5;2019;10:20;12:55;3;5;2h 35m;0;4409;7601;64
Air Asia;27;4;2019;22:50;01:20;28;4;2h 30m;0;4409;7602;64
IndiGo;1;4;2019;11:30;14:05;1;4;2h 35m;0;4174;7603;64
IndiGo;21;4;2019;11:30;14:05;21;4;2h 35m;0;5644;7604;64
IndiGo;1;4;2019;09:35;12:20;1;4;2h 45m;0;4174;7605;64
SpiceJet;27;5;2019;17:10;19:40;27;5;2h 30m;0;3841;7606;64
Air Asia;21;4;2019;22:50;01:20;22;4;2h 30m;0;5645;7607;64
IndiGo;27;5;2019;22:15;00:50;28;5;2h 35m;0;4804;7608;64
Air Asia;9;6;2019;10:20;12:55;9;6;2h 35m;0;5645;7609;64
SpiceJet;27;6;2019;06:55;09:30;27;6;2h 35m;0;3841;7610;64
IndiGo;3;4;2019;04:40;07:15;3;4;2h 35m;0;4174;7611;64
SpiceJet;27;6;2019;17:10;19:40;27;6;2h 30m;0;3873;7612;64
SpiceJet;9;5;2019;17:10;19:40;9;5;2h 30m;0;3841;7613;64
SpiceJet;27;5;2019;22:20;00:40;28;5;2h 20m;0;3873;7614;64
SpiceJet;27;4;2019;09:00;11:25;27;4;2h 25m;0;4174;7615;64
IndiGo;15;5;2019;04:40;07:15;15;5;2h 35m;0;4804;7616;64
SpiceJet;6;3;2019;17:15;19:45;6;3;2h 30m;0;4622;7617;64
Air Asia;18;5;2019;10:20;12:55;18;5;2h 35m;0;5645;7618;64
Air India;27;6;2019;14:15;16:45;27;6;2h 30m;0;5510;7619;64
IndiGo;24;6;2019;11:30;14:05;24;6;2h 35m;0;4804;7620;64
SpiceJet;3;6;2019;09:00;11:25;3;6;2h 25m;0;3873;7621;64
SpiceJet;15;5;2019;22:20;00:40;16;5;2h 20m;0;3841;7622;64
Air India;15;6;2019;20:45;23:20;15;6;2h 35m;0;4145;7623;64
IndiGo;18;4;2019;15:30;18:05;18;4;2h 35m;0;4174;7624;64
Air India;24;3;2019;20:45;23:20;24;3;2h 35m;0;31945;7625;64
SpiceJet;9;5;2019;06:55;09:30;9;5;2h 35m;0;3841;7626;64
SpiceJet;9;4;2019;22:20;00:40;10;4;2h 20m;0;3841;7627;64
Air India;9;5;2019;20:45;23:20;9;5;2h 35m;0;4145;7628;64
Air Asia;1;5;2019;19:55;22:25;1;5;2h 30m;0;5989;7629;64
IndiGo;6;3;2019;14:20;16:55;6;3;2h 35m;0;5618;7630;64
IndiGo;27;4;2019;17:15;19:50;27;4;2h 35m;0;4804;7631;64
SpiceJet;12;3;2019;09:00;11:30;12;3;2h 30m;0;6982;7632;64
IndiGo;3;6;2019;14:25;16:55;3;6;2h 30m;0;5644;7633;64
IndiGo;6;3;2019;05:30;08:20;6;3;2h 50m;0;4778;7634;64
IndiGo;24;3;2019;05:30;08:20;24;3;2h 50m;0;4778;7635;64
IndiGo;27;6;2019;17:15;19:50;27;6;2h 35m;0;4804;7636;64
Air Asia;3;3;2019;19:35;22:05;3;3;2h 30m;0;5964;7637;64
SpiceJet;21;5;2019;22:20;00:40;22;5;2h 20m;0;3873;7638;64
IndiGo;9;3;2019;22:10;00:55;10;3;2h 45m;0;4148;7639;64
Air India;1;6;2019;14:15;16:45;1;6;2h 30m;0;6245;7640;64
IndiGo;9;3;2019;15:10;17:45;9;3;2h 35m;0;4462;7641;64
Air Asia;18;4;2019;19:55;22:25;18;4;2h 30m;0;4409;7642;64
IndiGo;12;6;2019;14:25;16:55;12;6;2h 30m;0;4804;7643;64
Air Asia;24;3;2019;19:35;22:05;24;3;2h 30m;0;5964;7644;64
SpiceJet;12;4;2019;09:00;11:25;12;4;2h 25m;0;3841;7645;64
SpiceJet;12;4;2019;06:55;09:30;12;4;2h 35m;0;3841;7646;64
SpiceJet;12;6;2019;22:20;00:40;13;6;2h 20m;0;3873;7647;64
Air India;21;5;2019;20:45;23:20;21;5;2h 35m;0;4145;7648;64
IndiGo;9;3;2019;14:20;16:55;9;3;2h 35m;0;4148;7649;64
IndiGo;12;5;2019;22:15;00:50;13;5;2h 35m;0;4804;7650;64
Air India;27;5;2019;20:45;23:20;27;5;2h 35m;0;4145;7651;64
GoAir;15;6;2019;15:20;17:55;15;6;2h 35m;0;3514;7652;64
Air India;15;4;2019;20:45;23:20;15;4;2h 35m;0;4145;7653;64
Air Asia;12;4;2019;19:55;22:25;12;4;2h 30m;0;4409;7654;64
IndiGo;18;6;2019;17:15;19:50;18;6;2h 35m;0;4804;7655;64
SpiceJet;18;5;2019;14:55;17:25;18;5;2h 30m;0;4174;7656;64
IndiGo;24;4;2019;09:35;12:20;24;4;2h 45m;0;4804;7657;64
IndiGo;21;4;2019;15:15;17:45;21;4;2h 30m;0;5224;7658;64
SpiceJet;27;3;2019;22:20;00:40;28;3;2h 20m;0;3847;7659;64
IndiGo;27;6;2019;20:25;23:10;27;6;2h 45m;0;4804;7660;64
SpiceJet;21;6;2019;06:55;09:30;21;6;2h 35m;0;3841;7661;64
IndiGo;24;6;2019;22:15;00:50;25;6;2h 35m;0;4804;7662;64
IndiGo;18;6;2019;22:15;00:50;19;6;2h 35m;0;4804;7663;64
SpiceJet;18;4;2019;09:00;11:25;18;4;2h 25m;0;3841;7664;64
IndiGo;18;4;2019;09:35;12:20;18;4;2h 45m;0;5644;7665;64
Air Asia;12;3;2019;19:35;22:05;12;3;2h 30m;0;4384;7666;64
SpiceJet;27;4;2019;22:20;00:40;28;4;2h 20m;0;3841;7667;64
SpiceJet;3;6;2019;22:20;00:40;4;6;2h 20m;0;3873;7668;64
IndiGo;6;4;2019;17:15;19:50;6;4;2h 35m;0;4174;7669;64
IndiGo;27;6;2019;22:15;00:50;28;6;2h 35m;0;4804;7670;64
IndiGo;1;3;2019;21:25;00:05;2;3;2h 40m;0;4778;7671;64
IndiGo;27;4;2019;15:15;17:45;27;4;2h 30m;0;4804;7672;64
Air Asia;9;4;2019;19:55;22:25;9;4;2h 30m;0;4107;7673;64
Air India;27;4;2019;20:45;23:20;27;4;2h 35m;0;4145;7674;64
Air India;12;5;2019;12:00;23:15;13;5;35h 15m;3;10991;7675;65
Air India;24;3;2019;12:00;23:15;25;3;35h 15m;3;14221;7676;65
Air India;3;4;2019;09:10;11:05;4;4;25h 55m;2;4647;7677;66
Air India;15;5;2019;09:10;04:40;16;5;19h 30m;2;6117;7678;66
Air India;24;5;2019;09:10;11:05;25;5;25h 55m;2;6117;7679;66
Air India;24;5;2019;09:10;04:40;25;5;19h 30m;2;6117;7680;66
Air India;6;5;2019;09:10;04:40;7;5;19h 30m;2;6117;7681;66
Air India;12;6;2019;09:10;04:40;13;6;19h 30m;2;6117;7682;66
Air India;15;5;2019;09:10;11:05;16;5;25h 55m;2;6117;7683;66
Air India;3;4;2019;09:10;04:40;4;4;19h 30m;2;4647;7684;66
Air India;12;6;2019;09:10;11:05;13;6;25h 55m;2;6117;7685;66
Air India;21;5;2019;12:00;11:10;22;5;23h 10m;2;10676;7686;67
Air India;12;5;2019;12:00;18:30;13;5;30h 30m;2;10676;7687;67
Air India;9;5;2019;12:00;07:55;10;5;19h 55m;2;9416;7688;67
Air India;15;5;2019;12:00;07:55;16;5;19h 55m;2;9941;7689;67
Air India;9;6;2019;12:00;07:55;10;6;19h 55m;2;10151;7690;67
Air India;1;4;2019;12:00;11:10;2;4;23h 10m;2;9258;7691;67
Air India;9;6;2019;12:00;11:10;10;6;23h 10m;2;10151;7692;67
Air India;24;3;2019;09:10;21:50;24;3;12h 40m;2;15187;7693;67
Air India;12;5;2019;12:00;21:50;12;5;9h 50m;2;10676;7694;67
Air India;18;5;2019;12:00;11:10;19;5;23h 10m;2;10676;7695;67
Air India;1;5;2019;12:00;18:30;2;5;30h 30m;2;10151;7696;67
Air India;12;6;2019;12:00;07:55;13;6;19h 55m;2;9416;7697;67
Air India;1;5;2019;09:10;21:50;1;5;12h 40m;2;12009;7698;67
Air India;21;5;2019;12:00;18:30;22;5;30h 30m;2;10151;7699;67
Air India;24;3;2019;09:10;11:10;25;3;26h;2;15187;7700;67
Air India;21;5;2019;12:00;21:50;21;5;9h 50m;2;10151;7701;67
Air India;9;6;2019;12:00;18:30;10;6;30h 30m;2;10151;7702;67
Air India;24;5;2019;12:00;21:50;24;5;9h 50m;2;9941;7703;67
Air India;1;5;2019;12:00;07:55;2;5;19h 55m;2;10151;7704;67
Air India;12;5;2019;12:00;07:55;13;5;19h 55m;2;10676;7705;67
Air India;6;5;2019;12:00;07:55;7;5;19h 55m;2;10151;7706;67
Air India;24;3;2019;09:10;07:55;25;3;22h 45m;2;15187;7707;67
Air India;6;6;2019;12:00;21:50;6;6;9h 50m;2;9416;7708;67
Air India;6;5;2019;12:00;11:10;7;5;23h 10m;2;10676;7709;67
Air India;12;6;2019;12:00;11:10;13;6;23h 10m;2;9416;7710;67
Air India;6;6;2019;12:00;11:10;7;6;23h 10m;2;9416;7711;67
Air India;18;5;2019;12:00;18:30;19;5;30h 30m;2;10361;7712;67
Air India;24;5;2019;12:00;18:30;25;5;30h 30m;2;10151;7713;67
Air India;9;5;2019;12:00;18:30;10;5;30h 30m;2;9626;7714;67
Air India;21;5;2019;12:00;07:55;22;5;19h 55m;2;10676;7715;67
Air India;12;6;2019;12:00;21:50;12;6;9h 50m;2;9416;7716;67
Air India;1;5;2019;12:00;21:50;1;5;9h 50m;2;10676;7717;67
Air India;18;5;2019;12:00;21:50;18;5;9h 50m;2;10151;7718;67
Air India;6;5;2019;12:00;18:30;7;5;30h 30m;2;10151;7719;67
Air India;6;6;2019;12:00;18:30;7;6;30h 30m;2;9626;7720;67
Air India;12;6;2019;12:00;18:30;13;6;30h 30m;2;9416;7721;67
Air India;1;4;2019;12:00;18:30;2;4;30h 30m;2;9258;7722;67
Air India;6;5;2019;12:00;21:50;6;5;9h 50m;2;10151;7723;67
Air India;1;4;2019;12:00;21:50;1;4;9h 50m;2;9258;7724;67
Air India;12;5;2019;12:00;11:10;13;5;23h 10m;2;10676;7725;67
Air India;1;5;2019;12:00;11:10;2;5;23h 10m;2;11148;7726;67
Air India;24;5;2019;12:00;07:55;25;5;19h 55m;2;9416;7727;67
Air India;9;6;2019;12:00;13:15;10;6;25h 15m;1;7662;7728;68
Air India;9;6;2019;09:10;13:15;9;6;4h 5m;1;8996;7729;68
Air Asia;9;4;2019;06:50;10:30;9;4;3h 40m;1;5162;7730;68
IndiGo;9;4;2019;19:55;23:50;9;4;3h 55m;1;4226;7731;68
Air Asia;15;5;2019;06:50;10:30;15;5;3h 40m;1;5162;7732;68
Air Asia;12;6;2019;06:50;10:30;12;6;3h 40m;1;5162;7733;68
IndiGo;24;3;2019;11:55;16:25;24;3;4h 30m;1;9806;7734;68
Air Asia;6;6;2019;19:55;23:30;6;6;3h 35m;1;6857;7735;68
IndiGo;6;5;2019;19:35;23:15;6;5;3h 40m;1;4226;7736;68
IndiGo;15;4;2019;19:35;23:15;15;4;3h 40m;1;4226;7737;68
IndiGo;24;4;2019;19:35;23:15;24;4;3h 40m;1;4226;7738;68
Air India;6;6;2019;12:00;13:15;7;6;25h 15m;1;7662;7739;68
Air Asia;21;5;2019;19:55;23:30;21;5;3h 35m;1;5162;7740;68
Air India;1;4;2019;09:10;13:15;1;4;4h 5m;1;5793;7741;68
Air Asia;21;5;2019;06:50;10:30;21;5;3h 40m;1;5162;7742;68
Air India;24;3;2019;12:00;13:40;25;3;25h 40m;1;7742;7743;68
Air India;21;5;2019;12:00;13:15;22;5;25h 15m;1;7662;7744;68
Air Asia;6;6;2019;06:50;10:30;6;6;3h 40m;1;6857;7745;68
IndiGo;18;5;2019;19:35;23:15;18;5;3h 40m;1;4226;7746;68
Air Asia;1;5;2019;06:50;10:30;1;5;3h 40m;1;6857;7747;68
IndiGo;24;5;2019;19:35;23:15;24;5;3h 40m;1;4226;7748;68
IndiGo;6;5;2019;07:10;12:40;6;5;5h 30m;1;4864;7749;68
Air India;24;5;2019;09:10;13:15;24;5;4h 5m;1;8996;7750;68
IndiGo;1;5;2019;07:10;12:40;1;5;5h 30m;1;6111;7751;68
Air Asia;1;4;2019;06:50;10:30;1;4;3h 40m;1;5162;7752;68
Air India;12;5;2019;12:00;13:15;13;5;25h 15m;1;6612;7753;68
IndiGo;21;5;2019;19:55;23:50;21;5;3h 55m;1;4226;7754;68
Air Asia;24;3;2019;19:55;23:30;24;3;3h 35m;1;5554;7755;68
IndiGo;6;6;2019;19:35;23:15;6;6;3h 40m;1;6116;7756;68
Air India;6;5;2019;09:10;13:15;6;5;4h 5m;1;8996;7757;68
IndiGo;1;5;2019;19:35;23:15;1;5;3h 40m;1;4226;7758;68
IndiGo;9;6;2019;19:35;23:15;9;6;3h 40m;1;5276;7759;68
IndiGo;15;5;2019;19:35;23:15;15;5;3h 40m;1;4226;7760;68
Air Asia;9;6;2019;06:50;10:30;9;6;3h 40m;1;6857;7761;68
Air Asia;12;5;2019;06:50;10:30;12;5;3h 40m;1;5162;7762;68
IndiGo;15;5;2019;07:10;12:40;15;5;5h 30m;1;4864;7763;68
Air India;18;5;2019;12:00;13:15;19;5;25h 15m;1;7662;7764;68
Air Asia;24;5;2019;06:50;10:30;24;5;3h 40m;1;5162;7765;68
Air India;12;6;2019;09:10;13:15;12;6;4h 5m;1;8996;7766;68
Air Asia;18;5;2019;06:50;10:30;18;5;3h 40m;1;6857;7767;68
Air Asia;18;5;2019;19:55;23:30;18;5;3h 35m;1;6857;7768;68
IndiGo;9;5;2019;07:10;12:40;9;5;5h 30m;1;4864;7769;68
Air Asia;9;5;2019;19:55;23:30;9;5;3h 35m;1;5162;7770;68
IndiGo;12;5;2019;19:35;23:15;12;5;3h 40m;1;5276;7771;68
Air India;24;3;2019;09:10;13:40;24;3;4h 30m;1;8026;7772;68
Air Asia;9;5;2019;06:50;10:30;9;5;3h 40m;1;5162;7773;68
Air India;9;5;2019;12:00;13:15;10;5;25h 15m;1;6612;7774;68
IndiGo;1;4;2019;19:35;23:15;1;4;3h 40m;1;4226;7775;68
Air India;12;5;2019;09:10;13:15;12;5;4h 5m;1;8996;7776;68
IndiGo;12;6;2019;07:10;12:40;12;6;5h 30m;1;4864;7777;68
GoAir;15;5;2019;16:40;00:15;16;5;7h 35m;1;7831;7778;69
GoAir;21;5;2019;16:40;00:15;22;5;7h 35m;1;8855;7779;69
GoAir;24;3;2019;16:25;00:05;25;3;7h 40m;1;10198;7780;69
GoAir;9;6;2019;16:40;00:15;10;6;7h 35m;1;9495;7781;69
GoAir;1;5;2019;16:40;00:15;2;5;7h 35m;1;6484;7782;69
GoAir;12;5;2019;16:40;00:15;13;5;7h 35m;1;8855;7783;69
GoAir;1;4;2019;16:40;00:15;2;4;7h 35m;1;5171;7784;69
GoAir;9;5;2019;16:40;00:15;10;5;7h 35m;1;8777;7785;69
GoAir;6;5;2019;16:40;00:15;7;5;7h 35m;1;7102;7786;69
GoAir;18;5;2019;16:40;00:15;19;5;7h 35m;1;10586;7787;69
GoAir;24;5;2019;16:40;00:15;25;5;7h 35m;1;8855;7788;69
Jet Airways;12;3;2019;06:30;16:35;12;3;10h 5m;2;23528;7789;70
Jet Airways;6;3;2019;17:15;16:50;7;3;23h 35m;2;22950;7790;71
Air India;12;3;2019;10:05;19:10;12;3;9h 5m;2;9736;7791;72
Trujet;6;3;2019;13:05;16:20;6;3;3h 15m;1;4140;7792;73
Air India;6;3;2019;05:55;22:00;6;3;16h 5m;1;10366;7793;74
Air India;12;3;2019;05:55;20:35;12;3;14h 40m;1;6901;7794;74
Air India;12;3;2019;05:55;19:10;12;3;13h 15m;1;8528;7795;74
SpiceJet;6;3;2019;14:10;22:25;6;3;8h 15m;1;13552;7796;75
Air India;12;3;2019;09:40;15:15;13;3;29h 35m;3;18293;7797;76
Air India;6;3;2019;09:40;15:15;7;3;29h 35m;2;25139;7798;77
Air India;6;3;2019;09:40;23:45;6;3;14h 5m;2;22619;7799;77
Jet Airways;12;3;2019;08:15;16:35;12;3;8h 20m;2;23843;7800;77
Air India;6;3;2019;11:35;19:25;7;3;31h 50m;2;17926;7801;78
Air India;6;3;2019;12:45;19:25;7;3;30h 40m;2;13253;7802;79
Jet Airways;6;3;2019;17:50;16:50;7;3;23h;2;20845;7803;79
Air India;6;5;2019;13:55;15:25;6;5;1h 30m;0;3625;7804;80
Jet Airways;1;6;2019;07:05;08:30;1;6;1h 25m;0;5678;7805;80
IndiGo;3;4;2019;06:25;07:55;3;4;1h 30m;0;4049;7806;80
Jet Airways;18;6;2019;07:05;08:30;18;6;1h 25m;0;8040;7807;80
Air India;3;5;2019;15:00;16:25;3;5;1h 25m;0;3100;7808;80
Air India;3;3;2019;13:55;15:25;3;3;1h 30m;0;6092;7809;80
Jet Airways;27;3;2019;19:35;21:05;27;3;1h 30m;0;5678;7810;80
Jet Airways;24;6;2019;08:45;10:15;24;6;1h 30m;0;4995;7811;80
Jet Airways;18;3;2019;07:10;08:35;18;3;1h 25m;0;4995;7812;80
SpiceJet;21;5;2019;05:45;07:15;21;5;1h 30m;0;1965;7813;80
Jet Airways;27;5;2019;10:20;11:50;27;5;1h 30m;0;4995;7814;80
SpiceJet;21;3;2019;13:10;14:30;21;3;1h 20m;0;3173;7815;80
IndiGo;15;3;2019;21:20;22:45;15;3;1h 25m;0;2754;7816;80
Air India;27;3;2019;06:20;07:40;27;3;1h 20m;0;2575;7817;80
SpiceJet;6;3;2019;05:45;07:05;6;3;1h 20m;0;4129;7818;80
IndiGo;3;5;2019;02:35;04:05;3;5;1h 30m;0;2754;7819;80
IndiGo;3;6;2019;19:05;20:35;3;6;1h 30m;0;2754;7820;80
SpiceJet;18;6;2019;13:15;14:45;18;6;1h 30m;0;1965;7821;80
Jet Airways;18;5;2019;10:20;11:50;18;5;1h 30m;0;5678;7822;80
IndiGo;27;3;2019;20:05;21:35;27;3;1h 30m;0;2227;7823;80
Air India;27;5;2019;21:05;22:25;27;5;1h 20m;0;3100;7824;80
SpiceJet;9;3;2019;08:50;10:15;9;3;1h 25m;0;5755;7825;80
IndiGo;9;3;2019;06:20;07:45;9;3;1h 25m;0;4392;7826;80
Jet Airways;3;3;2019;02:55;04:25;3;3;1h 30m;0;4050;7827;80
Jet Airways;3;4;2019;02:55;04:20;3;4;1h 25m;0;5678;7828;80
IndiGo;3;3;2019;21:20;22:45;3;3;1h 25m;0;4784;7829;80
IndiGo;21;6;2019;06:25;07:55;21;6;1h 30m;0;4049;7830;80
IndiGo;9;6;2019;12:00;13:30;9;6;1h 30m;0;2754;7831;80
SpiceJet;3;5;2019;13:15;14:45;3;5;1h 30m;0;1965;7832;80
IndiGo;12;6;2019;09:10;10:40;12;6;1h 30m;0;4049;7833;80
Jet Airways;3;4;2019;19:35;21:05;3;4;1h 30m;0;2071;7834;80
SpiceJet;12;5;2019;05:45;07:15;12;5;1h 30m;0;2017;7835;80
IndiGo;12;6;2019;16:55;18:25;12;6;1h 30m;0;3175;7836;80
Jet Airways;24;6;2019;07:05;08:30;24;6;1h 25m;0;4995;7837;80
Jet Airways;9;6;2019;02:55;04:20;9;6;1h 25m;0;4050;7838;80
Jet Airways;27;6;2019;10:20;11:50;27;6;1h 30m;0;8040;7839;80
Jet Airways;18;6;2019;08:45;10:15;18;6;1h 30m;0;4995;7840;80
SpiceJet;3;6;2019;05:45;07:15;3;6;1h 30m;0;2753;7841;80
IndiGo;1;3;2019;12:00;13:25;1;3;1h 25m;0;12475;7842;80
Air India;24;5;2019;19:30;20:45;24;5;1h 15m;0;3625;7843;80
Jet Airways;12;3;2019;19:40;21:10;12;3;1h 30m;0;5678;7844;80
Jet Airways;6;6;2019;07:05;08:30;6;6;1h 25m;0;4995;7845;80
IndiGo;18;3;2019;16:55;18:25;18;3;1h 30m;0;3175;7846;80
SpiceJet;1;6;2019;13:15;14:45;1;6;1h 30m;0;2175;7847;80
Air India;24;5;2019;21:05;22:25;24;5;1h 20m;0;3100;7848;80
SpiceJet;18;5;2019;22:45;00:15;19;5;1h 30m;0;2017;7849;80
Air India;1;3;2019;15:00;16:25;1;3;1h 25m;0;6092;7850;80
SpiceJet;15;5;2019;22:45;00:15;16;5;1h 30m;0;2017;7851;80
Jet Airways;21;6;2019;08:45;10:15;21;6;1h 30m;0;4995;7852;80
Jet Airways;1;5;2019;19:35;21:05;1;5;1h 30m;0;5678;7853;80
Jet Airways;15;5;2019;19:35;21:05;15;5;1h 30m;0;2228;7854;80
Air India;21;5;2019;21:05;22:25;21;5;1h 20m;0;3100;7855;80
IndiGo;1;5;2019;19:05;20:35;1;5;1h 30m;0;2754;7856;80
SpiceJet;6;6;2019;05:45;07:15;6;6;1h 30m;0;2753;7857;80
IndiGo;18;5;2019;20:05;21:40;18;5;1h 35m;0;2227;7858;80
IndiGo;21;3;2019;16:55;18:25;21;3;1h 30m;0;3175;7859;80
Jet Airways;15;6;2019;19:35;21:05;15;6;1h 30m;0;3210;7860;80
IndiGo;21;6;2019;21:20;22:50;21;6;1h 30m;0;2227;7861;80
Air India;24;6;2019;21:05;22:25;24;6;1h 20m;0;3100;7862;80
Jet Airways;1;6;2019;07:05;08:30;1;6;1h 25m;0;4050;7863;80
Jet Airways;12;5;2019;19:35;21:05;12;5;1h 30m;0;5678;7864;80
Jet Airways;21;5;2019;07:05;08:30;21;5;1h 25m;0;4995;7865;80
IndiGo;15;6;2019;12:00;13:30;15;6;1h 30m;0;2754;7866;80
Jet Airways;27;3;2019;19:35;21:05;27;3;1h 30m;0;2071;7867;80
IndiGo;15;3;2019;19:05;20:30;15;3;1h 25m;0;2754;7868;80
Air India;9;5;2019;19:30;20:45;9;5;1h 15m;0;3100;7869;80
Air India;24;3;2019;21:05;22:25;24;3;1h 20m;0;2575;7870;80
Air India;6;3;2019;19:30;20:45;6;3;1h 15m;0;5462;7871;80
Jet Airways;21;3;2019;15:50;17:20;21;3;1h 30m;0;5678;7872;80
IndiGo;3;6;2019;09:10;10:40;3;6;1h 30m;0;4049;7873;80
Jet Airways;18;6;2019;19:35;21:05;18;6;1h 30m;0;5678;7874;80
IndiGo;18;3;2019;19:05;20:30;18;3;1h 25m;0;2754;7875;80
Air India;18;3;2019;19:30;20:45;18;3;1h 15m;0;2050;7876;80
Air India;1;4;2019;06:20;07:40;1;4;1h 20m;0;3100;7877;80
IndiGo;1;5;2019;20:05;21:40;1;5;1h 35m;0;2227;7878;80
SpiceJet;21;5;2019;13:15;14:45;21;5;1h 30m;0;1965;7879;80
IndiGo;1;6;2019;16:55;18:25;1;6;1h 30m;0;3175;7880;80
IndiGo;27;3;2019;09:10;10:40;27;3;1h 30m;0;4392;7881;80
Jet Airways;27;3;2019;02:55;04:25;27;3;1h 30m;0;1840;7882;80
Jet Airways;18;5;2019;19:35;21:05;18;5;1h 30m;0;3210;7883;80
Jet Airways;6;6;2019;10:20;11:50;6;6;1h 30m;0;8040;7884;80
IndiGo;12;5;2019;21:20;22:50;12;5;1h 30m;0;2227;7885;80
SpiceJet;24;6;2019;22:45;00:15;25;6;1h 30m;0;1965;7886;80
SpiceJet;12;6;2019;13:15;14:45;12;6;1h 30m;0;2017;7887;80
Jet Airways;27;5;2019;19:35;21:05;27;5;1h 30m;0;5678;7888;80
IndiGo;12;5;2019;09:10;10:40;12;5;1h 30m;0;4049;7889;80
SpiceJet;9;5;2019;05:45;07:15;9;5;1h 30m;0;1965;7890;80
IndiGo;6;6;2019;12:00;13:30;6;6;1h 30m;0;2754;7891;80
SpiceJet;24;5;2019;05:45;07:15;24;5;1h 30m;0;1965;7892;80
IndiGo;18;6;2019;21:20;22:50;18;6;1h 30m;0;2227;7893;80
Jet Airways;9;6;2019;07:05;08:30;9;6;1h 25m;0;4050;7894;80
IndiGo;12;6;2019;01:40;03:10;12;6;1h 30m;0;2754;7895;80
IndiGo;24;5;2019;09:10;10:40;24;5;1h 30m;0;5755;7896;80
IndiGo;21;3;2019;12:00;13:25;21;3;1h 25m;0;3342;7897;80
Jet Airways;24;5;2019;02:55;04:20;24;5;1h 25m;0;5678;7898;80
IndiGo;3;6;2019;01:40;03:10;3;6;1h 30m;0;2754;7899;80
IndiGo;15;6;2019;16:55;18:25;15;6;1h 30m;0;3175;7900;80
Jet Airways;1;3;2019;07:10;08:35;1;3;1h 25m;0;17501;7901;80
IndiGo;15;3;2019;20:05;21:35;15;3;1h 30m;0;2754;7902;80
IndiGo;18;5;2019;21:20;22:50;18;5;1h 30m;0;2227;7903;80
Jet Airways;18;6;2019;07:05;08:30;18;6;1h 25m;0;4995;7904;80
IndiGo;24;5;2019;21:20;22:50;24;5;1h 30m;0;2437;7905;80
SpiceJet;6;6;2019;22:45;00:15;7;6;1h 30m;0;1965;7906;80
IndiGo;18;6;2019;06:25;07:55;18;6;1h 30m;0;4049;7907;80
IndiGo;1;4;2019;09:10;10:40;1;4;1h 30m;0;3342;7908;80
IndiGo;3;4;2019;16:55;18:25;3;4;1h 30m;0;3175;7909;80
Air India;6;6;2019;06:20;07:40;6;6;1h 20m;0;3100;7910;80
SpiceJet;18;3;2019;13:10;14:30;18;3;1h 20m;0;2385;7911;80
Jet Airways;15;6;2019;10:20;11:50;15;6;1h 30m;0;4050;7912;80
Air India;27;3;2019;19:30;20:45;27;3;1h 15m;0;2575;7913;80
Jet Airways;9;3;2019;06:30;08:00;9;3;1h 30m;0;4995;7914;80
IndiGo;24;3;2019;16:55;18:25;24;3;1h 30m;0;3175;7915;80
SpiceJet;27;6;2019;13:15;14:45;27;6;1h 30m;0;1965;7916;80
SpiceJet;12;5;2019;13:15;14:45;12;5;1h 30m;0;2227;7917;80
Jet Airways;9;5;2019;10:20;11:50;9;5;1h 30m;0;4995;7918;80
SpiceJet;18;6;2019;05:45;07:15;18;6;1h 30m;0;2647;7919;80
Jet Airways;27;3;2019;07:10;08:35;27;3;1h 25m;0;3205;7920;80
IndiGo;21;3;2019;21:20;22:45;21;3;1h 25m;0;2227;7921;80
Jet Airways;21;5;2019;07:05;08:30;21;5;1h 25m;0;8040;7922;80
SpiceJet;12;5;2019;13:15;14:45;12;5;1h 30m;0;2175;7923;80
Jet Airways;24;5;2019;10:20;11:50;24;5;1h 30m;0;8040;7924;80
Jet Airways;24;5;2019;07:05;08:30;24;5;1h 25m;0;4995;7925;80
Jet Airways;9;5;2019;07:05;08:30;9;5;1h 25m;0;4995;7926;80
Jet Airways;12;6;2019;19:35;21:05;12;6;1h 30m;0;3210;7927;80
SpiceJet;27;6;2019;13:15;14:45;27;6;1h 30m;0;2017;7928;80
IndiGo;18;5;2019;19:05;20:35;18;5;1h 30m;0;2754;7929;80
Jet Airways;9;5;2019;19:35;21:05;9;5;1h 30m;0;2759;7930;80
Air India;15;6;2019;13:55;15:25;15;6;1h 30m;0;3100;7931;80
IndiGo;18;6;2019;19:05;20:35;18;6;1h 30m;0;2754;7932;80
SpiceJet;15;3;2019;13:10;14:30;15;3;1h 20m;0;2385;7933;80
Jet Airways;24;3;2019;02:55;04:25;24;3;1h 30m;0;2071;7934;80
IndiGo;15;6;2019;06:25;07:55;15;6;1h 30m;0;4049;7935;80
IndiGo;6;5;2019;02:35;04:05;6;5;1h 30m;0;3342;7936;80
SpiceJet;18;5;2019;22:45;00:15;19;5;1h 30m;0;1965;7937;80
SpiceJet;18;3;2019;22:45;00:10;19;3;1h 25m;0;1965;7938;80
IndiGo;15;6;2019;09:10;10:40;15;6;1h 30m;0;4049;7939;80
IndiGo;15;3;2019;09:10;10:40;15;3;1h 30m;0;4049;7940;80
SpiceJet;21;6;2019;05:45;07:15;21;6;1h 30m;0;2647;7941;80
IndiGo;3;5;2019;09:10;10:40;3;5;1h 30m;0;5755;7942;80
Jet Airways;3;6;2019;19:35;21:05;3;6;1h 30m;0;5678;7943;80
SpiceJet;6;6;2019;05:45;07:15;6;6;1h 30m;0;2647;7944;80
Jet Airways;3;3;2019;07:10;08:35;3;3;1h 25m;0;5678;7945;80
Jet Airways;18;6;2019;02:55;04:20;18;6;1h 25m;0;4995;7946;80
IndiGo;24;6;2019;16:55;18:25;24;6;1h 30m;0;3175;7947;80
Jet Airways;1;6;2019;10:20;11:50;1;6;1h 30m;0;4050;7948;80
IndiGo;15;5;2019;20:05;21:40;15;5;1h 35m;0;2227;7949;80
Jet Airways;3;6;2019;07:05;08:30;3;6;1h 25m;0;4995;7950;80
IndiGo;12;6;2019;12:00;13:30;12;6;1h 30m;0;2754;7951;80
SpiceJet;9;3;2019;05:45;07:05;9;3;1h 20m;0;4391;7952;80
Jet Airways;21;5;2019;19:35;21:05;21;5;1h 30m;0;5678;7953;80
SpiceJet;21;5;2019;22:45;00:15;22;5;1h 30m;0;1965;7954;80
SpiceJet;15;6;2019;22:45;00:15;16;6;1h 30m;0;2017;7955;80
Jet Airways;18;3;2019;15:50;17:20;18;3;1h 30m;0;5678;7956;80
IndiGo;15;3;2019;06:20;07:45;15;3;1h 25m;0;3342;7957;80
Air India;21;5;2019;19:30;20:45;21;5;1h 15m;0;3100;7958;80
IndiGo;9;6;2019;09:10;10:40;9;6;1h 30m;0;4049;7959;80
Jet Airways;18;3;2019;19:35;21:05;18;3;1h 30m;0;2071;7960;80
IndiGo;6;5;2019;12:00;13:30;6;5;1h 30m;0;2754;7961;80
Jet Airways;3;5;2019;10:20;11:50;3;5;1h 30m;0;4995;7962;80
Jet Airways;21;6;2019;07:05;08:30;21;6;1h 25m;0;8040;7963;80
Air India;1;5;2019;21:05;22:25;1;5;1h 20m;0;3625;7964;80
Air India;1;6;2019;13:55;15:25;1;6;1h 30m;0;3625;7965;80
IndiGo;3;3;2019;06:20;07:45;3;3;1h 25m;0;4784;7966;80
Jet Airways;24;5;2019;19:35;21:05;24;5;1h 30m;0;3210;7967;80
Jet Airways;21;3;2019;03:05;04:25;21;3;1h 20m;0;5678;7968;80
SpiceJet;27;6;2019;05:45;07:15;27;6;1h 30m;0;2017;7969;80
IndiGo;21;5;2019;20:05;21:40;21;5;1h 35m;0;2227;7970;80
Jet Airways;21;3;2019;03:05;04:25;21;3;1h 20m;0;2759;7971;80
Jet Airways;15;3;2019;15:50;17:20;15;3;1h 30m;0;5678;7972;80
Jet Airways;24;3;2019;19:35;21:05;24;3;1h 30m;0;2470;7973;80
Jet Airways;1;5;2019;19:35;21:05;1;5;1h 30m;0;2228;7974;80
Jet Airways;24;5;2019;07:05;08:30;24;5;1h 25m;0;8040;7975;80
Jet Airways;3;6;2019;10:20;11:50;3;6;1h 30m;0;4995;7976;80
IndiGo;21;5;2019;06:25;07:55;21;5;1h 30m;0;4049;7977;80
Jet Airways;3;5;2019;10:20;11:50;3;5;1h 30m;0;8040;7978;80
IndiGo;3;3;2019;02:30;04:00;3;3;1h 30m;0;4575;7979;80
Jet Airways;12;6;2019;10:20;11:50;12;6;1h 30m;0;4995;7980;80
IndiGo;24;6;2019;19:05;20:35;24;6;1h 30m;0;2754;7981;80
SpiceJet;24;3;2019;22:45;00:10;25;3;1h 25m;0;2227;7982;80
IndiGo;3;6;2019;21:20;22:50;3;6;1h 30m;0;2227;7983;80
IndiGo;15;5;2019;09:10;10:40;15;5;1h 30m;0;4575;7984;80
Jet Airways;9;3;2019;19:40;21:10;9;3;1h 30m;0;4050;7985;80
Jet Airways;6;5;2019;02:55;04:20;6;5;1h 25m;0;3210;7986;80
IndiGo;12;6;2019;19:05;20:35;12;6;1h 30m;0;2754;7987;80
SpiceJet;1;5;2019;22:45;00:15;2;5;1h 30m;0;2017;7988;80
Jet Airways;15;6;2019;07:05;08:30;15;6;1h 25m;0;4050;7989;80
IndiGo;21;5;2019;16:55;18:25;21;5;1h 30m;0;3175;7990;80
IndiGo;9;5;2019;02:35;04:05;9;5;1h 30m;0;2754;7991;80
IndiGo;3;3;2019;19:05;20:30;3;3;1h 25m;0;5755;7992;80
IndiGo;6;5;2019;06:25;07:55;6;5;1h 30m;0;4049;7993;80
SpiceJet;15;5;2019;22:45;00:15;16;5;1h 30m;0;1965;7994;80
IndiGo;27;5;2019;16:55;18:25;27;5;1h 30m;0;3175;7995;80
IndiGo;18;6;2019;02:35;04:05;18;6;1h 30m;0;2754;7996;80
Air India;18;5;2019;06:20;07:40;18;5;1h 20m;0;3100;7997;80
SpiceJet;6;6;2019;22:45;00:15;7;6;1h 30m;0;2017;7998;80
SpiceJet;1;4;2019;13:15;14:45;1;4;1h 30m;0;1965;7999;80
SpiceJet;24;6;2019;13:15;14:45;24;6;1h 30m;0;2017;8000;80
Air India;18;6;2019;13:55;15:25;18;6;1h 30m;0;3100;8001;80
IndiGo;3;3;2019;12:00;13:25;3;3;1h 25m;0;5755;8002;80
Jet Airways;24;6;2019;19:35;21:05;24;6;1h 30m;0;3210;8003;80
IndiGo;24;6;2019;09:10;10:40;24;6;1h 30m;0;4049;8004;80
IndiGo;1;4;2019;02:35;04:05;1;4;1h 30m;0;2754;8005;80
Air India;1;5;2019;19:30;20:45;1;5;1h 15m;0;3100;8006;80
IndiGo;9;5;2019;06:25;07:55;9;5;1h 30m;0;4049;8007;80
Air India;27;5;2019;13:55;15:25;27;5;1h 30m;0;3625;8008;80
SpiceJet;27;5;2019;22:45;00:15;28;5;1h 30m;0;1965;8009;80
IndiGo;18;5;2019;12:00;13:30;18;5;1h 30m;0;2754;8010;80
IndiGo;27;6;2019;21:20;22:50;27;6;1h 30m;0;2227;8011;80
Jet Airways;1;5;2019;02:55;04:20;1;5;1h 25m;0;3210;8012;80
Jet Airways;3;4;2019;10:20;11:50;3;4;1h 30m;0;8040;8013;80
IndiGo;24;6;2019;06:25;07:55;24;6;1h 30m;0;4049;8014;80
SpiceJet;9;6;2019;13:15;14:45;9;6;1h 30m;0;2227;8015;80
Jet Airways;6;3;2019;10:20;11:50;6;3;1h 30m;0;8040;8016;80
IndiGo;12;5;2019;16:55;18:25;12;5;1h 30m;0;3603;8017;80
Air India;24;5;2019;15:00;16:25;24;5;1h 25m;0;3100;8018;80
IndiGo;1;3;2019;16:55;18:25;1;3;1h 30m;0;8853;8019;80
Jet Airways;24;6;2019;19:35;21:05;24;6;1h 30m;0;5678;8020;80
SpiceJet;18;6;2019;13:15;14:45;18;6;1h 30m;0;2017;8021;80
Jet Airways;21;6;2019;10:20;11:50;21;6;1h 30m;0;4995;8022;80
SpiceJet;21;6;2019;22:45;00:15;22;6;1h 30m;0;2017;8023;80
IndiGo;18;5;2019;06:25;07:55;18;5;1h 30m;0;4392;8024;80
SpiceJet;21;6;2019;05:45;07:15;21;6;1h 30m;0;2753;8025;80
Air India;15;5;2019;19:30;20:45;15;5;1h 15m;0;3100;8026;80
Jet Airways;18;3;2019;19:35;21:05;18;3;1h 30m;0;5678;8027;80
Jet Airways;27;3;2019;07:10;08:35;27;3;1h 25m;0;8040;8028;80
Air India;3;3;2019;21:05;22:25;3;3;1h 20m;0;4937;8029;80
IndiGo;21;6;2019;16:55;18:25;21;6;1h 30m;0;4392;8030;80
IndiGo;27;5;2019;12:00;13:30;27;5;1h 30m;0;2754;8031;80
SpiceJet;21;3;2019;22:45;00:10;22;3;1h 25m;0;1759;8032;80
SpiceJet;12;5;2019;22:45;00:15;13;5;1h 30m;0;2017;8033;80
Jet Airways;21;3;2019;07:10;08:35;21;3;1h 25m;0;8040;8034;80
IndiGo;6;6;2019;06:25;07:55;6;6;1h 30m;0;4049;8035;80
Air India;27;6;2019;13:55;15:25;27;6;1h 30m;0;3100;8036;80
Air India;1;6;2019;19:30;20:45;1;6;1h 15m;0;3100;8037;80
IndiGo;9;5;2019;16:55;18:25;9;5;1h 30m;0;4784;8038;80
Jet Airways;15;3;2019;10:20;11:50;15;3;1h 30m;0;8040;8039;80
IndiGo;1;4;2019;21:20;22:50;1;4;1h 30m;0;2227;8040;80
Air India;27;6;2019;21:05;22:25;27;6;1h 20m;0;3100;8041;80
Jet Airways;15;6;2019;10:20;11:50;15;6;1h 30m;0;5678;8042;80
IndiGo;6;3;2019;02:30;04:00;6;3;1h 30m;0;3175;8043;80
IndiGo;6;6;2019;09:15;10:45;6;6;1h 30m;0;4049;8044;80
Jet Airways;6;3;2019;07:10;08:35;6;3;1h 25m;0;9536;8045;80
IndiGo;12;5;2019;19:05;20:35;12;5;1h 30m;0;2754;8046;80
SpiceJet;27;3;2019;22:45;00:10;28;3;1h 25m;0;1759;8047;80
IndiGo;1;3;2019;06:20;07:45;1;3;1h 25m;0;17501;8048;80
IndiGo;24;3;2019;02:30;04:00;24;3;1h 30m;0;2754;8049;80
Jet Airways;18;3;2019;10:20;11:50;18;3;1h 30m;0;4160;8050;80
Air India;24;3;2019;13:55;15:25;24;3;1h 30m;0;2575;8051;80
IndiGo;27;6;2019;19:05;20:35;27;6;1h 30m;0;2754;8052;80
IndiGo;1;6;2019;20:05;21:40;1;6;1h 35m;0;2227;8053;80
Jet Airways;18;3;2019;02:55;04:25;18;3;1h 30m;0;2228;8054;80
IndiGo;27;5;2019;09:10;10:40;27;5;1h 30m;0;4049;8055;80
IndiGo;1;4;2019;16:55;18:25;1;4;1h 30m;0;3175;8056;80
Jet Airways;24;3;2019;10:20;11:50;24;3;1h 30m;0;5678;8057;80
Air India;18;3;2019;21:05;22:25;18;3;1h 20m;0;2050;8058;80
Air India;27;5;2019;06:20;07:40;27;5;1h 20m;0;3100;8059;80
Air India;9;5;2019;21:05;22:25;9;5;1h 20m;0;3100;8060;80
Jet Airways;24;3;2019;19:35;21:05;24;3;1h 30m;0;5678;8061;80
Jet Airways;9;5;2019;07:05;08:30;9;5;1h 25m;0;8040;8062;80
SpiceJet;3;6;2019;13:15;14:45;3;6;1h 30m;0;1965;8063;80
Jet Airways;3;4;2019;07:05;08:30;3;4;1h 25m;0;8040;8064;80
Jet Airways;1;4;2019;10:20;11:50;1;4;1h 30m;0;8040;8065;80
Air India;3;4;2019;06:20;07:40;3;4;1h 20m;0;3100;8066;80
SpiceJet;3;5;2019;05:45;07:15;3;5;1h 30m;0;1965;8067;80
IndiGo;21;6;2019;19:05;20:35;21;6;1h 30m;0;4049;8068;80
IndiGo;21;3;2019;02:30;04:00;21;3;1h 30m;0;3603;8069;80
Air India;24;6;2019;06:20;07:40;24;6;1h 20m;0;3100;8070;80
Jet Airways;12;6;2019;07:05;08:30;12;6;1h 25m;0;8040;8071;80
Air India;12;5;2019;13:55;15:25;12;5;1h 30m;0;3100;8072;80
Air India;18;6;2019;15:00;16:25;18;6;1h 25m;0;3100;8073;80
SpiceJet;3;6;2019;22:45;00:15;4;6;1h 30m;0;2017;8074;80
IndiGo;1;6;2019;09:15;10:45;1;6;1h 30m;0;4049;8075;80
IndiGo;18;3;2019;06:20;07:45;18;3;1h 25m;0;3342;8076;80
IndiGo;9;5;2019;19:05;20:35;9;5;1h 30m;0;4392;8077;80
Jet Airways;12;5;2019;02:55;04:20;12;5;1h 25m;0;5678;8078;80
Air India;3;4;2019;19:30;20:45;3;4;1h 15m;0;2050;8079;80
SpiceJet;3;4;2019;22:45;00:15;2;4;1h 30m;0;1759;8080;80
Air India;21;3;2019;19:30;20:45;21;3;1h 15m;0;2575;8081;80
IndiGo;27;3;2019;19:05;20:30;27;3;1h 25m;0;2754;8082;80
SpiceJet;1;3;2019;22:45;00:10;2;3;1h 25m;0;11005;8083;80
SpiceJet;24;3;2019;22:45;00:10;25;3;1h 25m;0;2175;8084;80
Jet Airways;1;4;2019;07:05;08:30;1;4;1h 25m;0;8040;8085;80
Jet Airways;3;6;2019;19:35;21:05;3;6;1h 30m;0;3210;8086;80
SpiceJet;27;3;2019;13:10;14:30;27;3;1h 20m;0;2017;8087;80
IndiGo;15;5;2019;16:55;18:25;15;5;1h 30m;0;3175;8088;80
IndiGo;24;5;2019;12:00;13:30;24;5;1h 30m;0;4392;8089;80
Air India;6;6;2019;19:30;20:45;6;6;1h 15m;0;3100;8090;80
Jet Airways;1;6;2019;02:55;04:20;1;6;1h 25m;0;5678;8091;80
SpiceJet;15;3;2019;05:45;07:05;15;3;1h 20m;0;2385;8092;80
Jet Airways;12;6;2019;19:35;21:05;12;6;1h 30m;0;5678;8093;80
Air India;24;3;2019;15:00;16:25;24;3;1h 25m;0;2050;8094;80
IndiGo;24;5;2019;06:25;07:55;24;5;1h 30m;0;4049;8095;80
IndiGo;6;5;2019;09:10;10:40;6;5;1h 30m;0;4049;8096;80
Jet Airways;18;6;2019;08:45;10:15;18;6;1h 30m;0;8040;8097;80
Jet Airways;18;5;2019;02:55;04:20;18;5;1h 25m;0;5678;8098;80
Jet Airways;21;6;2019;02:55;04:20;21;6;1h 25m;0;4995;8099;80
SpiceJet;24;5;2019;22:45;00:15;25;5;1h 30m;0;2017;8100;80
IndiGo;27;6;2019;12:00;13:30;27;6;1h 30m;0;2754;8101;80
IndiGo;18;3;2019;21:20;22:45;18;3;1h 25m;0;2227;8102;80
IndiGo;18;3;2019;02:30;04:00;18;3;1h 30m;0;2754;8103;80
Jet Airways;24;6;2019;02:55;04:20;24;6;1h 25m;0;4050;8104;80
SpiceJet;18;3;2019;05:45;07:05;18;3;1h 20m;0;2385;8105;80
SpiceJet;27;5;2019;13:15;14:45;27;5;1h 30m;0;2385;8106;80
SpiceJet;6;5;2019;13:15;14:45;6;5;1h 30m;0;2017;8107;80
SpiceJet;9;5;2019;13:15;14:45;9;5;1h 30m;0;2175;8108;80
SpiceJet;21;3;2019;05:45;07:05;21;3;1h 20m;0;3173;8109;80
IndiGo;3;6;2019;06:25;07:55;3;6;1h 30m;0;4049;8110;80
SpiceJet;3;4;2019;05:45;07:15;3;4;1h 30m;0;1965;8111;80
SpiceJet;18;5;2019;05:45;07:15;18;5;1h 30m;0;2017;8112;80
SpiceJet;3;3;2019;13:10;14:30;3;3;1h 20m;0;5755;8113;80
Air India;1;6;2019;06:20;07:40;1;6;1h 20m;0;3100;8114;80
Jet Airways;9;5;2019;02:55;04:20;9;5;1h 25m;0;3210;8115;80
SpiceJet;6;6;2019;13:15;14:45;6;6;1h 30m;0;2017;8116;80
Jet Airways;6;5;2019;19:35;21:05;6;5;1h 30m;0;2228;8117;80
IndiGo;3;4;2019;12:00;13:30;3;4;1h 30m;0;2754;8118;80
Jet Airways;3;3;2019;19:35;21:05;3;3;1h 30m;0;5678;8119;80
IndiGo;1;3;2019;02:30;04:00;1;3;1h 30m;0;16000;8120;80
SpiceJet;18;6;2019;05:45;07:15;18;6;1h 30m;0;2753;8121;80
Jet Airways;3;6;2019;10:20;11:50;3;6;1h 30m;0;8040;8122;80
Jet Airways;6;5;2019;07:05;08:30;6;5;1h 25m;0;4995;8123;80
Air India;6;3;2019;21:05;22:25;6;3;1h 20m;0;5462;8124;80
Jet Airways;27;3;2019;10:20;11:50;27;3;1h 30m;0;8040;8125;80
Jet Airways;27;6;2019;07:05;08:30;27;6;1h 25m;0;4995;8126;80
IndiGo;15;6;2019;21:20;22:50;15;6;1h 30m;0;2227;8127;80
IndiGo;21;6;2019;02:35;04:05;21;6;1h 30m;0;2754;8128;80
IndiGo;15;5;2019;21:20;22:50;15;5;1h 30m;0;2227;8129;80
Air India;1;4;2019;21:05;22:25;1;4;1h 20m;0;2050;8130;80
IndiGo;6;3;2019;21:20;22:45;6;3;1h 25m;0;4784;8131;80
IndiGo;3;6;2019;20:05;21:40;3;6;1h 35m;0;2227;8132;80
Jet Airways;3;5;2019;07:05;08:30;3;5;1h 25m;0;4995;8133;80
Jet Airways;15;3;2019;19:35;21:05;15;3;1h 30m;0;5678;8134;80
Jet Airways;9;6;2019;19:35;21:05;9;6;1h 30m;0;5678;8135;80
SpiceJet;6;5;2019;05:45;07:15;6;5;1h 30m;0;1965;8136;80
Air India;18;6;2019;19:30;20:45;18;6;1h 15m;0;3100;8137;80
Jet Airways;18;3;2019;15:50;17:20;18;3;1h 30m;0;2228;8138;80
SpiceJet;9;5;2019;22:45;00:15;10;5;1h 30m;0;1965;8139;80
SpiceJet;1;5;2019;13:15;14:45;1;5;1h 30m;0;2437;8140;80
Jet Airways;21;6;2019;07:05;08:30;21;6;1h 25m;0;4995;8141;80
Air India;24;5;2019;13:55;15:25;24;5;1h 30m;0;3100;8142;80
Jet Airways;1;4;2019;10:20;11:50;1;4;1h 30m;0;3205;8143;80
SpiceJet;15;5;2019;13:15;14:45;15;5;1h 30m;0;2175;8144;80
Air India;1;3;2019;13:55;15:25;1;3;1h 30m;0;10082;8145;80
IndiGo;9;3;2019;09:10;10:35;9;3;1h 25m;0;7417;8146;80
SpiceJet;6;6;2019;13:15;14:45;6;6;1h 30m;0;1965;8147;80
IndiGo;6;6;2019;19:05;20:35;6;6;1h 30m;0;2754;8148;80
Jet Airways;24;6;2019;02:55;04:20;24;6;1h 25m;0;5678;8149;80
SpiceJet;1;5;2019;05:45;07:15;1;5;1h 30m;0;2017;8150;80
SpiceJet;9;5;2019;05:45;07:15;9;5;1h 30m;0;2017;8151;80
IndiGo;1;6;2019;12:00;13:30;1;6;1h 30m;0;2754;8152;80
Air India;12;6;2019;21:05;22:25;12;6;1h 20m;0;3100;8153;80
SpiceJet;15;6;2019;13:15;14:45;15;6;1h 30m;0;1965;8154;80
Air India;15;3;2019;21:05;22:25;15;3;1h 20m;0;3100;8155;80
Jet Airways;18;6;2019;02:55;04:20;18;6;1h 25m;0;5678;8156;80
Air India;1;5;2019;13:55;15:25;1;5;1h 30m;0;3625;8157;80
IndiGo;27;6;2019;20:05;21:40;27;6;1h 35m;0;2227;8158;80
SpiceJet;27;5;2019;22:45;00:15;28;5;1h 30m;0;2017;8159;80
Air India;18;3;2019;06:20;07:40;18;3;1h 20m;0;3100;8160;80
IndiGo;27;6;2019;02:35;04:05;27;6;1h 30m;0;2754;8161;80
SpiceJet;9;3;2019;22:45;00:10;10;3;1h 25m;0;3603;8162;80
IndiGo;1;5;2019;16:55;18:25;1;5;1h 30m;0;3175;8163;80
Air India;3;4;2019;13:55;15:25;3;4;1h 30m;0;2575;8164;80
IndiGo;24;6;2019;12:00;13:30;24;6;1h 30m;0;2754;8165;80
Air India;21;3;2019;21:05;22:25;21;3;1h 20m;0;2050;8166;80
IndiGo;27;6;2019;16:55;18:25;27;6;1h 30m;0;3175;8167;80
SpiceJet;24;5;2019;05:45;07:15;24;5;1h 30m;0;2017;8168;80
IndiGo;12;5;2019;02:35;04:05;12;5;1h 30m;0;3175;8169;80
IndiGo;18;5;2019;16:55;18:25;18;5;1h 30m;0;3838;8170;80
Air India;15;3;2019;19:30;20:45;15;3;1h 15m;0;3100;8171;80
Air India;21;3;2019;13:55;15:25;21;3;1h 30m;0;3100;8172;80
Jet Airways;27;3;2019;02:55;04:25;27;3;1h 30m;0;5678;8173;80
IndiGo;21;3;2019;19:05;20:30;21;3;1h 25m;0;2754;8174;80
SpiceJet;15;3;2019;22:45;00:10;16;3;1h 25m;0;2647;8175;80
Jet Airways;1;4;2019;02:55;04:20;1;4;1h 25m;0;5678;8176;80
IndiGo;18;6;2019;20:05;21:40;18;6;1h 35m;0;2227;8177;80
IndiGo;9;6;2019;06:25;07:55;9;6;1h 30m;0;4049;8178;80
Jet Airways;1;5;2019;02:55;04:20;1;5;1h 25m;0;5678;8179;80
SpiceJet;9;6;2019;05:45;07:15;9;6;1h 30m;0;2753;8180;80
Air India;15;6;2019;19:30;20:45;15;6;1h 15m;0;3100;8181;80
Jet Airways;1;6;2019;02:55;04:20;1;6;1h 25m;0;4050;8182;80
Jet Airways;15;5;2019;02:55;04:20;15;5;1h 25m;0;5678;8183;80
SpiceJet;3;4;2019;13:15;14:45;3;4;1h 30m;0;1965;8184;80
Air India;3;4;2019;21:05;22:25;3;4;1h 20m;0;2050;8185;80
Jet Airways;21;5;2019;10:20;11:50;21;5;1h 30m;0;4995;8186;80
Jet Airways;1;5;2019;10:20;11:50;1;5;1h 30m;0;8040;8187;80
Jet Airways;3;4;2019;19:35;21:05;3;4;1h 30m;0;5678;8188;80
Jet Airways;1;6;2019;19:35;21:05;1;6;1h 30m;0;3210;8189;80
IndiGo;1;5;2019;09:10;10:40;1;5;1h 30m;0;4575;8190;80
Jet Airways;27;3;2019;15:50;17:20;27;3;1h 30m;0;2071;8191;80
Air India;6;5;2019;19:30;20:45;6;5;1h 15m;0;3100;8192;80
IndiGo;12;6;2019;06:25;07:55;12;6;1h 30m;0;4049;8193;80
IndiGo;1;6;2019;21:20;22:50;1;6;1h 30m;0;2227;8194;80
Jet Airways;18;5;2019;10:20;11:50;18;5;1h 30m;0;4050;8195;80
SpiceJet;18;5;2019;13:15;14:45;18;5;1h 30m;0;2227;8196;80
Air India;15;3;2019;06:20;07:40;15;3;1h 20m;0;3100;8197;80
Air India;9;6;2019;21:05;22:25;9;6;1h 20m;0;3100;8198;80
IndiGo;3;3;2019;20:05;21:35;3;3;1h 30m;0;5232;8199;80
Jet Airways;27;6;2019;08:45;10:15;27;6;1h 30m;0;8040;8200;80
IndiGo;9;6;2019;16:55;18:25;9;6;1h 30m;0;3175;8201;80
Air India;12;3;2019;21:05;22:25;12;3;1h 20m;0;4307;8202;80
Air India;21;5;2019;15:00;16:25;21;5;1h 25m;0;3100;8203;80
Jet Airways;18;3;2019;02:55;04:25;18;3;1h 30m;0;5678;8204;80
Jet Airways;12;5;2019;07:05;08:30;12;5;1h 25m;0;4050;8205;80
Air India;21;6;2019;13:55;15:25;21;6;1h 30m;0;3100;8206;80
Air India;27;3;2019;21:05;22:25;27;3;1h 20m;0;2575;8207;80
Jet Airways;15;5;2019;10:20;11:50;15;5;1h 30m;0;4995;8208;80
Jet Airways;6;5;2019;02:55;04:20;6;5;1h 25m;0;5678;8209;80
Jet Airways;24;3;2019;07:10;08:35;24;3;1h 25m;0;5678;8210;80
SpiceJet;1;5;2019;22:45;00:15;2;5;1h 30m;0;1965;8211;80
Air India;21;3;2019;06:20;07:40;21;3;1h 20m;0;3100;8212;80
IndiGo;3;3;2019;09:10;10:40;3;3;1h 30m;0;5755;8213;80
Jet Airways;21;3;2019;19:35;21:05;21;3;1h 30m;0;2228;8214;80
Air India;24;3;2019;19:30;20:45;24;3;1h 15m;0;2575;8215;80
IndiGo;15;3;2019;16:55;18:25;15;3;1h 30m;0;3175;8216;80
IndiGo;6;3;2019;06:20;07:45;6;3;1h 25m;0;4784;8217;80
Jet Airways;1;6;2019;10:20;11:50;1;6;1h 30m;0;5678;8218;80
SpiceJet;12;5;2019;05:45;07:15;12;5;1h 30m;0;1965;8219;80
IndiGo;15;3;2019;12:00;13:25;15;3;1h 25m;0;3175;8220;80
IndiGo;24;3;2019;20:05;21:35;24;3;1h 30m;0;2227;8221;80
Jet Airways;24;5;2019;19:35;21:05;24;5;1h 30m;0;5678;8222;80
IndiGo;15;5;2019;12:00;13:30;15;5;1h 30m;0;2754;8223;80
IndiGo;21;5;2019;12:00;13:30;21;5;1h 30m;0;2754;8224;80
Air India;1;3;2019;19:30;20:45;1;3;1h 15m;0;15385;8225;80
Air India;3;5;2019;21:05;22:25;3;5;1h 20m;0;3100;8226;80
IndiGo;1;4;2019;20:05;21:40;1;4;1h 35m;0;2227;8227;80
Jet Airways;24;6;2019;08:45;10:15;24;6;1h 30m;0;8040;8228;80
Jet Airways;15;6;2019;02:55;04:20;15;6;1h 25m;0;5678;8229;80
SpiceJet;27;6;2019;22:45;00:15;28;6;1h 30m;0;1965;8230;80
Jet Airways;18;5;2019;07:05;08:30;18;5;1h 25m;0;5678;8231;80
SpiceJet;21;6;2019;13:15;14:45;21;6;1h 30m;0;1965;8232;80
IndiGo;21;5;2019;09:10;10:40;21;5;1h 30m;0;4049;8233;80
Jet Airways;24;3;2019;15:50;17:20;24;3;1h 30m;0;2228;8234;80
IndiGo;6;5;2019;21:20;22:50;6;5;1h 30m;0;2227;8235;80
Air India;3;3;2019;06:20;07:40;3;3;1h 20m;0;4937;8236;80
IndiGo;18;3;2019;12:00;13:25;18;3;1h 25m;0;2754;8237;80
SpiceJet;6;5;2019;22:45;00:15;7;5;1h 30m;0;2175;8238;80
Air India;9;5;2019;13:55;15:25;9;5;1h 30m;0;3100;8239;80
Jet Airways;21;5;2019;02:55;04:20;21;5;1h 25m;0;4050;8240;80
Air India;3;3;2019;19:30;20:45;3;3;1h 15m;0;11185;8241;80
Jet Airways;9;3;2019;19:40;21:10;9;3;1h 30m;0;5678;8242;80
Jet Airways;27;3;2019;15:50;17:20;27;3;1h 30m;0;5678;8243;80
Air India;18;6;2019;06:20;07:40;18;6;1h 20m;0;3100;8244;80
SpiceJet;1;4;2019;05:45;07:15;1;4;1h 30m;0;1965;8245;80
Air India;15;3;2019;15:00;16:25;15;3;1h 25m;0;2050;8246;80
IndiGo;27;5;2019;06:25;07:55;27;5;1h 30m;0;4049;8247;80
SpiceJet;9;5;2019;22:45;00:15;10;5;1h 30m;0;2017;8248;80
IndiGo;3;5;2019;21:20;22:50;3;5;1h 30m;0;2437;8249;80
Jet Airways;3;4;2019;07:05;08:30;3;4;1h 25m;0;4160;8250;80
SpiceJet;15;3;2019;22:45;00:10;16;3;1h 25m;0;2753;8251;80
IndiGo;9;3;2019;21:20;22:45;9;3;1h 25m;0;3838;8252;80
IndiGo;24;5;2019;02:35;04:05;24;5;1h 30m;0;3342;8253;80
Jet Airways;27;5;2019;07:05;08:30;27;5;1h 25m;0;4995;8254;80
Jet Airways;6;6;2019;19:35;21:05;6;6;1h 30m;0;5678;8255;80
SpiceJet;1;3;2019;05:45;07:05;1;3;1h 20m;0;12475;8256;80
Jet Airways;27;6;2019;02:55;04:20;27;6;1h 25m;0;5678;8257;80
IndiGo;15;3;2019;02:30;04:00;15;3;1h 30m;0;3342;8258;80
IndiGo;12;5;2019;06:25;07:55;12;5;1h 30m;0;4049;8259;80
Jet Airways;6;5;2019;10:20;11:50;6;5;1h 30m;0;8040;8260;80
Jet Airways;1;4;2019;02:55;04:20;1;4;1h 25m;0;2228;8261;80
IndiGo;1;6;2019;02:35;04:05;1;6;1h 30m;0;3175;8262;80
Jet Airways;18;3;2019;10:20;11:50;18;3;1h 30m;0;8040;8263;80
IndiGo;21;3;2019;06:20;07:45;21;3;1h 25m;0;4049;8264;80
Jet Airways;21;3;2019;07:10;08:35;21;3;1h 25m;0;4160;8265;80
Jet Airways;1;5;2019;07:05;08:30;1;5;1h 25m;0;8040;8266;80
IndiGo;3;3;2019;16:55;18:25;3;3;1h 30m;0;6795;8267;80
Jet Airways;6;6;2019;02:55;04:20;6;6;1h 25m;0;4050;8268;80
SpiceJet;12;5;2019;22:45;00:15;13;5;1h 30m;0;1965;8269;80
SpiceJet;15;6;2019;22:45;00:15;16;6;1h 30m;0;1965;8270;80
IndiGo;24;6;2019;20:05;21:40;24;6;1h 35m;0;2227;8271;80
Air India;12;5;2019;15:00;16:25;12;5;1h 25m;0;3100;8272;80
IndiGo;9;6;2019;02:35;04:05;9;6;1h 30m;0;2754;8273;80
Air India;12;6;2019;13:55;15:25;12;6;1h 30m;0;3100;8274;80
Jet Airways;6;5;2019;10:20;11:50;6;5;1h 30m;0;4995;8275;80
Jet Airways;18;6;2019;19:35;21:05;18;6;1h 30m;0;3210;8276;80
Air India;18;5;2019;13:55;15:25;18;5;1h 30m;0;3100;8277;80
Jet Airways;21;5;2019;19:35;21:05;21;5;1h 30m;0;3210;8278;80
Jet Airways;15;6;2019;19:35;21:05;15;6;1h 30m;0;5678;8279;80
IndiGo;15;5;2019;06:25;07:55;15;5;1h 30m;0;4049;8280;80
IndiGo;1;5;2019;06:25;07:55;1;5;1h 30m;0;4392;8281;80
Jet Airways;21;3;2019;10:20;11:50;21;3;1h 30m;0;8040;8282;80
Jet Airways;15;3;2019;07:10;08:35;15;3;1h 25m;0;8040;8283;80
SpiceJet;3;4;2019;05:45;07:15;3;4;1h 30m;0;2017;8284;80
Jet Airways;1;3;2019;10:20;11:50;1;3;1h 30m;0;10875;8285;80
Jet Airways;12;6;2019;07:05;08:30;12;6;1h 25m;0;4995;8286;80
Air India;21;6;2019;15:00;16:25;21;6;1h 25m;0;3100;8287;80
IndiGo;3;6;2019;12:00;13:30;3;6;1h 30m;0;2754;8288;80
Jet Airways;9;3;2019;06:30;08:00;9;3;1h 30m;0;8040;8289;80
SpiceJet;21;5;2019;05:45;07:15;21;5;1h 30m;0;2017;8290;80
SpiceJet;18;6;2019;22:45;00:15;19;6;1h 30m;0;1965;8291;80
IndiGo;1;3;2019;09:10;10:40;1;3;1h 30m;0;13999;8292;80
IndiGo;9;3;2019;02:30;04:00;9;3;1h 30m;0;4784;8293;80
SpiceJet;3;5;2019;13:15;14:45;3;5;1h 30m;0;2017;8294;80
Jet Airways;1;5;2019;07:05;08:30;1;5;1h 25m;0;4995;8295;80
SpiceJet;3;6;2019;13:15;14:45;3;6;1h 30m;0;2017;8296;80
SpiceJet;3;4;2019;13:15;14:45;3;4;1h 30m;0;2017;8297;80
Jet Airways;15;3;2019;15:50;17:20;15;3;1h 30m;0;2470;8298;80
IndiGo;24;3;2019;19:05;20:30;24;3;1h 25m;0;2754;8299;80
Jet Airways;15;5;2019;02:55;04:20;15;5;1h 25m;0;3210;8300;80
Jet Airways;18;6;2019;10:20;11:50;18;6;1h 30m;0;8040;8301;80
Air India;6;5;2019;06:20;07:40;6;5;1h 20m;0;3625;8302;80
Air India;1;6;2019;21:05;22:25;1;6;1h 20m;0;3100;8303;80
Air India;21;6;2019;06:20;07:40;21;6;1h 20m;0;3100;8304;80
SpiceJet;6;5;2019;05:45;07:15;6;5;1h 30m;0;2017;8305;80
SpiceJet;15;6;2019;05:45;07:15;15;6;1h 30m;0;2647;8306;80
SpiceJet;24;6;2019;13:15;14:45;24;6;1h 30m;0;1965;8307;80
SpiceJet;9;5;2019;13:15;14:45;9;5;1h 30m;0;2227;8308;80
SpiceJet;27;5;2019;05:45;07:15;27;5;1h 30m;0;2017;8309;80
IndiGo;15;5;2019;02:35;04:05;15;5;1h 30m;0;2754;8310;80
Jet Airways;24;5;2019;10:20;11:50;24;5;1h 30m;0;4995;8311;80
Jet Airways;9;6;2019;07:05;08:30;9;6;1h 25m;0;5678;8312;80
Jet Airways;21;5;2019;10:20;11:50;21;5;1h 30m;0;8040;8313;80
Jet Airways;24;3;2019;15:50;17:20;24;3;1h 30m;0;5678;8314;80
Jet Airways;9;6;2019;19:35;21:05;9;6;1h 30m;0;3210;8315;80
SpiceJet;15;6;2019;05:45;07:15;15;6;1h 30m;0;2753;8316;80
Air India;12;5;2019;06:20;07:40;12;5;1h 20m;0;3100;8317;80
Jet Airways;15;3;2019;19:35;21:05;15;3;1h 30m;0;2759;8318;80
Jet Airways;3;3;2019;02:55;04:25;3;3;1h 30m;0;5678;8319;80
IndiGo;27;6;2019;06:25;07:55;27;6;1h 30m;0;4049;8320;80
Jet Airways;24;5;2019;02:55;04:20;24;5;1h 25m;0;4995;8321;80
Jet Airways;6;5;2019;07:05;08:30;6;5;1h 25m;0;8040;8322;80
IndiGo;21;3;2019;09:10;10:35;21;3;1h 25m;0;4049;8323;80
SpiceJet;21;5;2019;13:15;14:45;21;5;1h 30m;0;2017;8324;80
Jet Airways;12;5;2019;10:20;11:50;12;5;1h 30m;0;5678;8325;80
IndiGo;3;5;2019;06:25;07:55;3;5;1h 30m;0;4049;8326;80
Jet Airways;15;3;2019;02:55;04:25;15;3;1h 30m;0;2071;8327;80
SpiceJet;24;5;2019;22:45;00:15;25;5;1h 30m;0;1965;8328;80
IndiGo;1;6;2019;06:25;07:55;1;6;1h 30m;0;4049;8329;80
IndiGo;24;6;2019;01:40;03:10;24;6;1h 30m;0;2754;8330;80
Jet Airways;21;3;2019;19:35;21:05;21;3;1h 30m;0;5678;8331;80
Air India;6;6;2019;13:55;15:25;6;6;1h 30m;0;3625;8332;80
IndiGo;12;6;2019;20:05;21:40;12;6;1h 35m;0;2227;8333;80
Jet Airways;1;4;2019;19:35;21:05;1;4;1h 30m;0;5678;8334;80
Jet Airways;27;5;2019;02:55;04:20;27;5;1h 25m;0;5678;8335;80
Jet Airways;27;6;2019;02:55;04:20;27;6;1h 25m;0;3210;8336;80
IndiGo;3;4;2019;19:05;20:35;3;4;1h 30m;0;2754;8337;80
Jet Airways;3;4;2019;02:55;04:20;3;4;1h 25m;0;2228;8338;80
Air India;9;6;2019;13:55;15:25;9;6;1h 30m;0;3100;8339;80
Jet Airways;27;5;2019;02:55;04:20;27;5;1h 25m;0;4050;8340;80
Jet Airways;27;5;2019;10:20;11:50;27;5;1h 30m;0;8040;8341;80
Jet Airways;9;5;2019;10:20;11:50;9;5;1h 30m;0;8040;8342;80
Jet Airways;21;6;2019;10:20;11:50;21;6;1h 30m;0;8040;8343;80
SpiceJet;24;3;2019;05:45;07:05;24;3;1h 20m;0;2175;8344;80
Air India;12;3;2019;19:30;20:45;12;3;1h 15m;0;4307;8345;80
IndiGo;12;3;2019;06:20;07:45;12;3;1h 25m;0;4049;8346;80
Jet Airways;6;6;2019;19:35;21:05;6;6;1h 30m;0;3210;8347;80
IndiGo;21;5;2019;21:20;22:50;21;5;1h 30m;0;2227;8348;80
Air India;21;6;2019;21:05;22:25;21;6;1h 20m;0;3100;8349;80
Jet Airways;3;4;2019;10:20;11:50;3;4;1h 30m;0;3205;8350;80
SpiceJet;18;3;2019;05:45;07:05;18;3;1h 20m;0;2437;8351;80
SpiceJet;1;6;2019;22:45;00:15;2;6;1h 30m;0;1965;8352;80
Jet Airways;12;6;2019;02:55;04:20;12;6;1h 25m;0;5678;8353;80
Jet Airways;21;6;2019;19:35;21:05;21;6;1h 30m;0;5678;8354;80
SpiceJet;3;5;2019;22:45;00:15;4;5;1h 30m;0;2227;8355;80
IndiGo;18;6;2019;09:15;10:45;18;6;1h 30m;0;4049;8356;80
Jet Airways;21;6;2019;08:45;10:15;21;6;1h 30m;0;8040;8357;80
SpiceJet;9;6;2019;22:45;00:15;10;6;1h 30m;0;1965;8358;80
Air India;27;3;2019;13:55;15:25;27;3;1h 30m;0;2050;8359;80
Jet Airways;3;6;2019;07:05;08:30;3;6;1h 25m;0;8040;8360;80
Jet Airways;24;3;2019;02:55;04:25;24;3;1h 30m;0;5678;8361;80
Jet Airways;27;6;2019;10:20;11:50;27;6;1h 30m;0;4995;8362;80
IndiGo;27;5;2019;21:20;22:50;27;5;1h 30m;0;2227;8363;80
Jet Airways;6;6;2019;02:55;04:20;6;6;1h 25m;0;5678;8364;80
Air India;12;6;2019;19:30;20:45;12;6;1h 15m;0;3100;8365;80
IndiGo;12;6;2019;21:20;22:50;12;6;1h 30m;0;2227;8366;80
SpiceJet;18;6;2019;22:45;00:15;19;6;1h 30m;0;2017;8367;80
Jet Airways;3;6;2019;02:55;04:20;3;6;1h 25m;0;4050;8368;80
IndiGo;3;5;2019;20:05;21:40;3;5;1h 35m;0;2754;8369;80
Jet Airways;9;6;2019;10:20;11:50;9;6;1h 30m;0;5678;8370;80
IndiGo;18;3;2019;09:10;10:40;18;3;1h 30m;0;4049;8371;80
Air India;1;4;2019;19:30;20:45;1;4;1h 15m;0;2050;8372;80
IndiGo;3;4;2019;02:35;04:05;3;4;1h 30m;0;2754;8373;80
SpiceJet;24;3;2019;13:10;14:30;24;3;1h 20m;0;2753;8374;80
Jet Airways;21;6;2019;19:35;21:05;21;6;1h 30m;0;3210;8375;80
SpiceJet;1;5;2019;13:15;14:45;1;5;1h 30m;0;2385;8376;80
Jet Airways;15;3;2019;10:20;11:50;15;3;1h 30m;0;4160;8377;80
Jet Airways;9;5;2019;02:55;04:20;9;5;1h 25m;0;5678;8378;80
Jet Airways;18;6;2019;10:20;11:50;18;6;1h 30m;0;4995;8379;80
IndiGo;27;3;2019;06:20;07:45;27;3;1h 25m;0;3175;8380;80
Jet Airways;24;3;2019;10:20;11:50;24;3;1h 30m;0;2759;8381;80
SpiceJet;1;6;2019;05:45;07:15;1;6;1h 30m;0;2753;8382;80
IndiGo;12;5;2019;20:05;21:40;12;5;1h 35m;0;2227;8383;80
IndiGo;24;6;2019;21:20;22:50;24;6;1h 30m;0;2227;8384;80
Jet Airways;6;6;2019;10:20;11:50;6;6;1h 30m;0;4995;8385;80
IndiGo;27;3;2019;21:20;22:45;27;3;1h 25m;0;2227;8386;80
IndiGo;9;6;2019;19:05;20:35;9;6;1h 30m;0;2754;8387;80
IndiGo;27;3;2019;12:00;13:25;27;3;1h 25m;0;2754;8388;80
Jet Airways;6;5;2019;19:35;21:05;6;5;1h 30m;0;5678;8389;80
IndiGo;9;5;2019;12:00;13:30;9;5;1h 30m;0;4392;8390;80
Air India;24;3;2019;06:20;07:40;24;3;1h 20m;0;2575;8391;80
IndiGo;1;4;2019;19:05;20:35;1;4;1h 30m;0;2754;8392;80
IndiGo;21;5;2019;19:05;20:35;21;5;1h 30m;0;2754;8393;80
Jet Airways;27;6;2019;07:05;08:30;27;6;1h 25m;0;8040;8394;80
IndiGo;6;3;2019;16:55;18:25;6;3;1h 30m;0;4784;8395;80
Air India;27;5;2019;19:30;20:45;27;5;1h 15m;0;3100;8396;80
Air India;24;5;2019;06:20;07:40;24;5;1h 20m;0;3100;8397;80
IndiGo;21;5;2019;02:35;04:05;21;5;1h 30m;0;2754;8398;80
IndiGo;15;6;2019;19:05;20:35;15;6;1h 30m;0;2754;8399;80
SpiceJet;18;3;2019;13:10;14:30;18;3;1h 20m;0;2437;8400;80
SpiceJet;12;6;2019;05:45;07:15;12;6;1h 30m;0;2753;8401;80
Jet Airways;27;6;2019;19:35;21:05;27;6;1h 30m;0;5678;8402;80
Jet Airways;12;5;2019;02:55;04:20;12;5;1h 25m;0;4050;8403;80
Air India;12;5;2019;19:30;20:45;12;5;1h 15m;0;3625;8404;80
SpiceJet;15;6;2019;13:15;14:45;15;6;1h 30m;0;2017;8405;80
SpiceJet;18;5;2019;05:45;07:15;18;5;1h 30m;0;1965;8406;80
Air India;1;5;2019;06:20;07:40;1;5;1h 20m;0;3625;8407;80
IndiGo;18;3;2019;20:05;21:35;18;3;1h 30m;0;2227;8408;80
Jet Airways;9;6;2019;02:55;04:20;9;6;1h 25m;0;5678;8409;80
Jet Airways;24;3;2019;07:10;08:35;24;3;1h 25m;0;2470;8410;80
SpiceJet;18;3;2019;22:45;00:10;19;3;1h 25m;0;2017;8411;80
IndiGo;6;5;2019;19:05;20:35;6;5;1h 30m;0;2754;8412;80
SpiceJet;27;3;2019;05:45;07:05;27;3;1h 20m;0;1759;8413;80
IndiGo;9;5;2019;20:05;21:40;9;5;1h 35m;0;2437;8414;80
Air India;9;6;2019;15:00;16:25;9;6;1h 25m;0;3100;8415;80
IndiGo;1;3;2019;21:20;22:45;1;3;1h 25m;0;12475;8416;80
IndiGo;21;6;2019;09:10;10:40;21;6;1h 30m;0;5755;8417;80
IndiGo;27;5;2019;20:05;21:40;27;5;1h 35m;0;2227;8418;80
IndiGo;12;5;2019;12:00;13:30;12;5;1h 30m;0;2754;8419;80
Jet Airways;18;5;2019;07:05;08:30;18;5;1h 25m;0;4050;8420;80
IndiGo;27;5;2019;02:35;04:05;27;5;1h 30m;0;2754;8421;80
Jet Airways;3;5;2019;02:55;04:20;3;5;1h 25m;0;5678;8422;80
Air India;6;6;2019;21:05;22:25;6;6;1h 20m;0;3100;8423;80
Air India;9;6;2019;06:20;07:40;9;6;1h 20m;0;3100;8424;80
Air India;12;3;2019;21:10;16:55;12;3;4h 15m;2;16172;8425;81
Air India;6;3;2019;21:10;16:55;6;3;4h 15m;2;17327;8426;81
Air India;12;3;2019;05:05;16:55;12;3;11h 50m;2;16172;8427;81
Air India;6;3;2019;16:50;16:55;6;3;5m;2;17327;8428;81
Air India;6;3;2019;05:05;16:55;6;3;11h 50m;2;16697;8429;81
Air India;6;3;2019;13:30;16:55;6;3;3h 25m;2;18797;8430;81
IndiGo;6;3;2019;15:45;23:00;6;3;7h 15m;1;7681;8431;82
Vistara;6;3;2019;15:40;16:45;7;3;25h 5m;1;12395;8432;83
Vistara;6;3;2019;07:30;19:55;6;3;12h 25m;1;12395;8433;83
Vistara;6;3;2019;21:55;16:45;7;3;18h 50m;1;12395;8434;83
Vistara;6;3;2019;15:40;09:25;7;3;17h 45m;1;12395;8435;83
Air India;12;3;2019;19:40;09:10;13;3;13h 30m;1;10208;8436;83
Vistara;6;3;2019;08:45;09:25;7;3;24h 40m;1;12395;8437;83
Jet Airways;6;3;2019;14:00;16:50;7;3;26h 50m;1;19595;8438;83
Jet Airways;12;3;2019;09:50;16:35;12;3;6h 45m;1;20120;8439;83
Vistara;6;3;2019;11:55;09:25;7;3;21h 30m;1;12395;8440;83
Air India;6;3;2019;16:00;23:45;6;3;7h 45m;1;11678;8441;83
Vistara;6;3;2019;20:55;16:45;7;3;19h 50m;1;12395;8442;83
Jet Airways;6;3;2019;17:00;16:50;7;3;23h 50m;1;19595;8443;83
Vistara;6;3;2019;08:45;22:55;6;3;14h 10m;1;12395;8444;83
Vistara;12;3;2019;07:30;09:25;13;3;25h 55m;1;12080;8445;83
Vistara;6;3;2019;21:55;22:55;7;3;25h;1;12395;8446;83
Vistara;12;3;2019;08:45;22:55;12;3;14h 10m;1;12080;8447;83
Vistara;12;3;2019;08:45;16:45;12;3;8h;1;12080;8448;83
Vistara;6;3;2019;07:30;09:25;7;3;25h 55m;1;12395;8449;83
Vistara;6;3;2019;08:45;16:45;6;3;8h;1;12395;8450;83
Vistara;6;3;2019;08:45;19:55;6;3;11h 10m;1;12395;8451;83
Air India;6;3;2019;10:00;23:45;6;3;13h 45m;1;11678;8452;83
Vistara;6;3;2019;14:40;09:25;7;3;18h 45m;1;12395;8453;83
Vistara;6;3;2019;11:55;22:55;6;3;11h;1;12395;8454;83
Vistara;6;3;2019;15:40;22:55;6;3;7h 15m;1;12395;8455;83
Jet Airways;6;3;2019;20:45;16:50;7;3;20h 5m;1;19595;8456;83
Vistara;6;3;2019;21:55;09:25;7;3;11h 30m;1;12395;8457;83
Air India;6;3;2019;19:00;09:10;7;3;14h 10m;1;12308;8458;83
Vistara;6;3;2019;20:55;22:55;7;3;26h;1;12395;8459;83
Vistara;6;3;2019;10:25;22:55;6;3;12h 30m;1;12395;8460;83
Air India;12;3;2019;21:00;19:25;13;3;22h 25m;1;10943;8461;83
Vistara;12;3;2019;07:30;19:55;12;3;12h 25m;1;12080;8462;83
Vistara;12;3;2019;19:45;19:55;13;3;24h 10m;1;12080;8463;83
Jet Airways;12;3;2019;03:00;16:35;12;3;13h 35m;1;22294;8464;83
Jet Airways;6;3;2019;14:20;16:50;7;3;26h 30m;2;24115;8465;84
Air India;6;3;2019;05:30;22:00;6;3;16h 30m;2;9678;8466;85
Air India;6;3;2019;06:10;21:15;6;3;15h 5m;1;16666;8467;86
Air India;6;3;2019;20:15;09:15;7;3;13h;1;9535;8468;87
Air India;12;3;2019;09:15;09:15;13;3;24h;1;8065;8469;87
Air India;6;3;2019;09:15;09:15;7;3;24h;1;9535;8470;87
Air India;12;3;2019;16:50;12:25;13;3;19h 35m;3;14260;8471;88
Air India;6;3;2019;06:00;15:15;7;3;33h 15m;2;14219;8472;89
Air India;6;3;2019;06:00;11:55;7;3;29h 55m;2;14219;8473;89
Air India;6;3;2019;06:00;19:25;7;3;37h 25m;2;13904;8474;89
Air India;12;3;2019;06:00;11:55;13;3;29h 55m;2;12854;8475;89
Air India;6;3;2019;06:00;09:10;7;3;27h 10m;2;13169;8476;89
Air India;12;3;2019;06:00;19:25;13;3;37h 25m;2;12119;8477;89
Air India;12;3;2019;19:40;09:10;13;3;13h 30m;2;11647;8478;89
Jet Airways;6;3;2019;13:05;16:50;7;3;27h 45m;2;21375;8479;90
Jet Airways;6;3;2019;19:50;16:50;7;3;21h;2;24210;8480;90
Air India;6;3;2019;12:00;12:25;7;3;24h 25m;1;14408;8481;91
Air India;12;3;2019;01:35;14:50;12;3;13h 15m;2;9977;8482;92
Air India;6;3;2019;05:30;14:50;6;3;9h 20m;2;13757;8483;92
Air India;6;3;2019;17:20;14:50;6;3;2h 30m;2;11972;8484;92
Air India;12;3;2019;05:30;14:50;12;3;9h 20m;2;11342;8485;92
Air India;18;3;2019;10:30;17:45;18;3;7h 15m;2;13261;8486;93
Air India;1;3;2019;10:30;17:45;1;3;7h 15m;2;17461;8487;93
Air India;1;3;2019;10:30;21:25;1;3;10h 55m;2;11213;8488;94
Air India;3;3;2019;10:30;21:25;3;3;10h 55m;2;11003;8489;94
Air India;9;3;2019;10:30;21:25;9;3;10h 55m;2;9586;8490;94
Air India;15;3;2019;10:30;21:25;15;3;10h 55m;2;6593;8491;94
Air India;21;3;2019;10:30;22:55;21;3;12h 25m;1;6383;8492;95
Air India;1;3;2019;10:30;22:55;1;3;12h 25m;1;11003;8493;95
Air India;1;3;2019;10:30;11:20;2;3;24h 50m;1;11528;8494;95
Air India;3;3;2019;10:30;11:20;7;3;24h 50m;1;11003;8495;95
Air India;15;3;2019;10:30;22:55;15;3;12h 25m;1;6383;8496;95
Air India;9;3;2019;10:30;11:20;13;3;24h 50m;1;10321;8497;95
Air India;15;3;2019;10:30;11:20;16;3;24h 50m;1;7013;8498;95
Air India;21;3;2019;10:30;11:20;19;3;24h 50m;1;6383;8499;95
Air India;3;3;2019;10:30;22:55;3;3;12h 25m;1;11003;8500;95
Air India;12;3;2019;07:30;11:05;13;3;27h 35m;2;11602;8501;96
Air India;3;3;2019;07:30;10:50;7;3;27h 20m;2;12074;8502;96
IndiGo;21;3;2019;11:20;15:25;21;3;4h 5m;1;5746;8503;97
IndiGo;9;3;2019;11:20;15:25;9;3;4h 5m;1;5746;8504;97
SpiceJet;21;3;2019;10:20;18:15;21;3;7h 55m;1;7139;8505;98
SpiceJet;9;3;2019;10:20;18:15;9;3;7h 55m;1;7294;8506;98
SpiceJet;15;3;2019;10:20;18:15;15;3;7h 55m;1;10341;8507;98
SpiceJet;1;3;2019;10:20;18:15;1;3;7h 55m;1;23267;8508;98
SpiceJet;3;3;2019;10:20;18:15;3;3;7h 55m;1;11401;8509;98
IndiGo;1;3;2019;16:50;21:35;1;3;4h 45m;1;13302;8510;99
IndiGo;9;3;2019;16:50;21:35;9;3;4h 45m;1;10231;8511;99
IndiGo;15;3;2019;16:50;21:35;15;3;4h 45m;1;10406;8512;99
Air India;21;3;2019;11:50;19:50;21;3;8h;1;5932;8513;100
Jet Airways;12;3;2019;09:45;00:30;13;3;14h 45m;1;11507;8514;100
Air India;6;3;2019;11:50;08:55;7;3;21h 5m;1;14594;8515;100
Jet Airways;21;3;2019;09:45;15:55;21;3;6h 10m;1;7280;8516;100
Air India;9;3;2019;11:50;23:55;9;3;12h 5m;1;10972;8517;100
Air India;21;3;2019;11:50;08:55;19;3;21h 5m;1;5092;8518;100
Air India;21;3;2019;11:50;23:55;21;3;12h 5m;1;5092;8519;100
Jet Airways;6;3;2019;09:45;14:25;6;3;4h 40m;1;16757;8520;100
Jet Airways;9;3;2019;09:45;00:30;13;3;14h 45m;1;10562;8521;100
Jet Airways;12;3;2019;09:45;14:25;12;3;4h 40m;1;12295;8522;100
Air India;15;3;2019;11:50;13:00;16;3;25h 10m;1;8032;8523;100
Jet Airways;21;3;2019;09:45;14:25;21;3;4h 40m;1;7280;8524;100
Air India;6;3;2019;11:50;23:55;6;3;12h 5m;1;15434;8525;100
Jet Airways;15;3;2019;09:45;14:25;15;3;4h 40m;1;6136;8526;100
Air India;1;3;2019;11:50;23:55;1;3;12h 5m;1;26092;8527;100
Jet Airways;15;3;2019;09:45;14:25;15;3;4h 40m;1;8578;8528;100
Air India;1;3;2019;11:50;13:00;2;3;25h 10m;1;15434;8529;100
Air India;12;3;2019;11:50;08:55;13;3;21h 5m;1;11707;8530;100
Air India;12;3;2019;11:50;19:50;12;3;8h;1;11707;8531;100
IndiGo;9;3;2019;06:25;11:30;9;3;5h 5m;1;8434;8532;100
Air India;15;3;2019;11:50;08:55;16;3;21h 5m;1;5932;8533;100
Air India;6;3;2019;11:50;19:50;6;3;8h;1;14594;8534;100
Air India;1;3;2019;11:50;08:55;2;3;21h 5m;1;14594;8535;100
Air India;15;3;2019;11:50;19:50;15;3;8h;1;7192;8536;100
Air India;21;3;2019;11:50;13:00;19;3;25h 10m;1;5092;8537;100
Jet Airways;15;3;2019;09:45;15:55;15;3;6h 10m;1;7280;8538;100
Jet Airways Business;1;3;2019;09:45;14:25;1;3;4h 40m;1;57209;8539;100
Jet Airways;12;3;2019;09:45;16:00;12;3;6h 15m;1;12295;8540;100
Air India;15;3;2019;11:50;11:35;16;3;23h 45m;1;6982;8541;100
IndiGo;3;3;2019;05:25;10:10;3;3;4h 45m;1;7774;8542;101
IndiGo;21;3;2019;05:25;10:10;21;3;4h 45m;1;6208;8543;101
IndiGo;15;3;2019;05:25;10:10;15;3;4h 45m;1;8021;8544;101
IndiGo;9;3;2019;17:55;22:55;9;3;5h;1;6351;8545;102
IndiGo;15;3;2019;13:40;18:35;15;3;4h 55m;1;7166;8546;102
IndiGo;1;3;2019;13:40;18:35;1;3;4h 55m;1;8707;8547;102
IndiGo;21;3;2019;13:40;18:35;21;3;4h 55m;1;7166;8548;102
IndiGo;3;3;2019;13:40;18:35;3;3;4h 55m;1;8662;8549;102
Air India;1;3;2019;17:00;22:55;2;3;29h 55m;2;14887;8550;103
Air India;12;3;2019;06:50;11:20;13;3;28h 30m;2;12734;8551;103
Air India;6;3;2019;08:15;11:20;7;3;27h 5m;2;13942;8552;103
Air India;15;3;2019;08:15;11:20;16;3;27h 5m;2;8534;8553;103
Air India;15;3;2019;08:15;22:55;15;3;14h 40m;2;7904;8554;103
Air India;15;3;2019;17:00;22:55;16;3;29h 55m;2;8534;8555;103
Air India;24;3;2019;17:00;22:55;19;3;29h 55m;2;8114;8556;103
Air India;21;3;2019;08:15;11:20;19;3;27h 5m;2;7642;8557;103
Air India;12;3;2019;06:50;22:55;12;3;16h 5m;2;11474;8558;103
Air India;6;3;2019;08:15;22:55;6;3;14h 40m;2;13942;8559;103
IndiGo;3;3;2019;12:10;17:05;3;3;4h 55m;1;8738;8560;104
IndiGo;18;3;2019;16:15;20:35;18;3;4h 20m;1;4437;8561;104
Air India;15;3;2019;08:15;12:15;15;3;4h;1;5013;8562;104
Air India;15;3;2019;08:15;21:25;15;3;13h 10m;1;6046;8563;104
Air India;1;3;2019;17:00;12:15;2;3;19h 15m;1;10246;8564;104
IndiGo;1;3;2019;16:55;21:50;1;3;4h 55m;1;8153;8565;104
IndiGo;1;3;2019;12:10;17:05;1;3;4h 55m;1;9694;8566;104
Air India;9;3;2019;06:50;08:50;13;3;26h;1;5626;8567;104
IndiGo;3;3;2019;07:30;12:20;3;3;4h 50m;1;6220;8568;104
IndiGo;1;3;2019;16:15;20:35;1;3;4h 20m;1;7917;8569;104
Air India;21;3;2019;08:15;18:30;21;3;10h 15m;1;4943;8570;104
Air India;1;3;2019;17:00;23:10;1;3;6h 10m;1;11628;8571;104
SpiceJet;3;3;2019;15:35;23:40;3;3;8h 5m;1;6315;8572;104
IndiGo;21;3;2019;07:30;12:20;21;3;4h 50m;1;5694;8573;104
Air India;15;3;2019;08:15;08:50;16;3;24h 35m;1;5521;8574;104
IndiGo;15;3;2019;07:30;12:20;15;3;4h 50m;1;6114;8575;104
Air India;9;3;2019;06:50;23:10;9;3;16h 20m;1;5626;8576;104
Air India;21;3;2019;08:15;08:50;19;3;24h 35m;1;4943;8577;104
IndiGo;18;3;2019;16:55;21:50;18;3;4h 55m;1;4049;8578;104
IndiGo;9;3;2019;16:55;21:50;9;3;4h 55m;1;4259;8579;104
IndiGo;9;3;2019;07:30;12:20;9;3;4h 50m;1;5694;8580;104
Air India;3;3;2019;08:15;23:10;3;3;14h 55m;1;6781;8581;104
Air India;3;3;2019;08:15;08:50;7;3;24h 35m;1;6781;8582;104
Air India;3;3;2019;08:15;21:25;3;3;13h 10m;1;6781;8583;104
SpiceJet;1;3;2019;15:35;23:40;1;3;8h 5m;1;7744;8584;104
IndiGo;15;3;2019;16:15;20:35;15;3;4h 20m;1;5607;8585;104
IndiGo;9;3;2019;12:05;17:05;9;3;5h;1;4588;8586;104
IndiGo;15;3;2019;16:55;21:50;15;3;4h 55m;1;5397;8587;104
SpiceJet;15;3;2019;15:35;23:40;15;3;8h 5m;1;5822;8588;104
IndiGo;1;3;2019;07:30;12:20;1;3;4h 50m;1;8110;8589;104
Air India;9;3;2019;06:50;12:15;9;3;5h 25m;1;5118;8590;104
IndiGo;1;3;2019;05:15;10:00;1;3;4h 45m;1;8064;8591;104
Air India;21;3;2019;08:15;23:10;21;3;14h 55m;1;4943;8592;104
Air India;1;3;2019;17:00;08:50;2;3;15h 50m;1;10981;8593;104
IndiGo;9;3;2019;15:40;20:35;9;3;4h 55m;1;5226;8594;104
IndiGo;18;3;2019;12:10;17:05;18;3;4h 55m;1;4410;8595;104
Air India;3;3;2019;08:15;12:15;3;3;4h;1;6273;8596;104
Air India;3;3;2019;12:00;10:35;7;3;22h 35m;3;12358;8597;105
Air India;6;3;2019;12:00;23:25;6;3;11h 25m;3;14195;8598;106
Air India;3;3;2019;12:00;23:55;3;3;11h 55m;3;10573;8599;107
GoAir;3;3;2019;15:45;20:15;3;3;4h 30m;1;8352;8600;108
Air India;9;3;2019;17:00;16:40;13;3;23h 40m;1;9292;8601;108
GoAir;1;3;2019;15:45;20:15;1;3;4h 30m;1;12314;8602;108
IndiGo;9;3;2019;19:30;00:40;13;3;5h 10m;1;7280;8603;108
GoAir;9;3;2019;15:50;20:15;9;3;4h 25m;1;7657;8604;108
Air India;9;3;2019;17:00;03:40;13;3;10h 40m;1;8767;8605;108
GoAir;15;3;2019;15:45;20:15;15;3;4h 30m;1;7657;8606;108
Air India;18;3;2019;13:50;18:40;16;3;28h 50m;1;11161;8607;109
Air India;15;3;2019;13:50;22:10;15;3;8h 20m;1;9166;8608;109
Air India;1;3;2019;13:50;18:40;2;3;28h 50m;1;17198;8609;109
IndiGo;24;3;2019;22:20;01:10;22;3;2h 50m;0;3897;8610;111
IndiGo;3;4;2019;04:00;06:50;3;4;2h 50m;0;3943;8611;111
IndiGo;1;5;2019;18:55;21:50;1;5;2h 55m;0;4823;8612;111
Vistara;18;6;2019;09:45;12:35;18;6;2h 50m;0;4668;8613;111
IndiGo;6;4;2019;04:00;06:50;6;4;2h 50m;0;4423;8614;111
Air Asia;6;5;2019;11:10;13:55;6;5;2h 45m;0;3383;8615;111
SpiceJet;24;3;2019;05:45;08:35;24;3;2h 50m;0;3527;8616;111
IndiGo;27;5;2019;04:00;06:50;27;5;2h 50m;0;3943;8617;111
IndiGo;24;3;2019;22:20;01:10;28;3;2h 50m;0;4377;8618;111
IndiGo;18;6;2019;21:15;00:15;19;6;3h;0;3943;8619;111
Air Asia;3;4;2019;23:55;02:45;4;4;2h 50m;0;4483;8620;111
Vistara;24;4;2019;09:45;12:35;24;4;2h 50m;0;5403;8621;111
Vistara;9;3;2019;09:50;12:35;9;3;2h 45m;0;7240;8622;111
GoAir;3;4;2019;11:40;14:30;3;4;2h 50m;0;3898;8623;111
Jet Airways;24;3;2019;19:55;22:35;24;3;2h 40m;0;7229;8624;111
SpiceJet;15;5;2019;05:55;08:35;15;5;2h 40m;0;3257;8625;111
Jet Airways;3;6;2019;19:50;22:50;3;6;3h;0;6478;8626;111
Air India;1;5;2019;06:10;08:55;1;5;2h 45m;0;6121;8627;111
IndiGo;12;4;2019;18:55;21:50;12;4;2h 55m;0;5780;8628;111
Vistara;12;6;2019;07:00;09:40;12;6;2h 40m;0;4668;8629;111
SpiceJet;9;4;2019;05:55;08:35;9;4;2h 40m;0;3971;8630;111
IndiGo;24;6;2019;04:00;06:50;24;6;2h 50m;0;3943;8631;111
Jet Airways;24;5;2019;06:00;08:45;24;5;2h 45m;0;4030;8632;111
GoAir;27;6;2019;11:40;14:30;27;6;2h 50m;0;3898;8633;111
IndiGo;3;3;2019;18:55;21:45;3;3;2h 50m;0;8855;8634;111
IndiGo;24;3;2019;00:40;03:25;24;3;2h 45m;0;4777;8635;111
SpiceJet;21;5;2019;05:55;08:35;21;5;2h 40m;0;3311;8636;111
IndiGo;27;5;2019;01:30;04:15;27;5;2h 45m;0;3419;8637;111
Air Asia;12;6;2019;11:10;13:55;12;6;2h 45m;0;3383;8638;111
Jet Airways;27;6;2019;18:55;22:00;27;6;3h 5m;0;8016;8639;111
Air India;18;3;2019;13:20;16:10;18;3;2h 50m;0;4441;8640;111
Air India;3;6;2019;21:05;23:55;3;6;2h 50m;0;6961;8641;111
Jet Airways;18;4;2019;15:15;18:10;18;4;2h 55m;0;7229;8642;111
Vistara;27;6;2019;17:00;19:35;27;6;2h 35m;0;4878;8643;111
IndiGo;12;5;2019;00:30;03:25;12;5;2h 55m;0;3943;8644;111
IndiGo;1;6;2019;01:30;04:15;1;6;2h 45m;0;4077;8645;111
Jet Airways;12;5;2019;15:15;18:10;12;5;2h 55m;0;7229;8646;111
Air India;12;4;2019;10:00;12:45;12;4;2h 45m;0;5911;8647;111
IndiGo;27;4;2019;23:30;02:20;28;4;2h 50m;0;3943;8648;111
IndiGo;15;3;2019;18:25;21:20;15;3;2h 55m;0;8855;8649;111
IndiGo;24;4;2019;23:30;02:20;25;4;2h 50m;0;3943;8650;111
Air India;9;5;2019;10:00;12:45;9;5;2h 45m;0;5228;8651;111
Jet Airways;21;6;2019;07:10;10:10;21;6;3h;0;5769;8652;111
IndiGo;3;6;2019;22:10;01:00;4;6;2h 50m;0;3359;8653;111
GoAir;3;3;2019;20:55;23:50;3;3;2h 55m;0;6722;8654;111
Jet Airways;24;5;2019;11:10;14:05;24;5;2h 55m;0;4030;8655;111
IndiGo;12;5;2019;16:55;19:55;12;5;3h;0;4823;8656;111
Jet Airways;6;5;2019;08:20;11:20;6;5;3h;0;7229;8657;111
Vistara;9;5;2019;17:00;19:35;9;5;2h 35m;0;4878;8658;111
Vistara;27;6;2019;07:00;09:40;27;6;2h 40m;0;4668;8659;111
Jet Airways;27;6;2019;15:15;18:10;27;6;2h 55m;0;8016;8660;111
IndiGo;24;3;2019;18:25;21:20;24;3;2h 55m;0;7303;8661;111
GoAir;9;4;2019;20:55;23:40;9;4;2h 45m;0;4239;8662;111
SpiceJet;24;5;2019;21:10;00:05;25;5;2h 55m;0;3971;8663;111
Jet Airways;15;6;2019;19:50;22:50;15;6;3h;0;7229;8664;111
Jet Airways;24;4;2019;17:45;20:45;24;4;3h;0;7229;8665;111
Jet Airways;27;4;2019;06:00;08:45;27;4;2h 45m;0;4544;8666;111
IndiGo;1;6;2019;23:30;02:20;2;6;2h 50m;0;4591;8667;111
Jet Airways;21;6;2019;17:45;20:45;21;6;3h;0;7754;8668;111
Jet Airways;9;6;2019;18:55;22:00;9;6;3h 5m;0;8016;8669;111
Vistara;27;6;2019;11:30;14:20;27;6;2h 50m;0;4668;8670;111
IndiGo;9;3;2019;18:25;21:20;9;3;2h 55m;0;6860;8671;111
IndiGo;9;4;2019;20:00;22:50;9;4;2h 50m;0;4823;8672;111
SpiceJet;3;4;2019;09:30;12:20;3;4;2h 50m;0;3919;8673;111
IndiGo;9;4;2019;16:55;19:55;9;4;3h;0;4823;8674;111
SpiceJet;6;6;2019;09:30;12:20;6;6;2h 50m;0;3919;8675;111
Air India;9;3;2019;17:00;19:45;9;3;2h 45m;0;10741;8676;111
GoAir;9;3;2019;07:45;10:40;9;3;2h 55m;0;7631;8677;111
IndiGo;18;4;2019;23:30;02:20;19;4;2h 50m;0;4591;8678;111
IndiGo;18;5;2019;10:10;13:00;18;5;2h 50m;0;3943;8679;111
IndiGo;12;4;2019;23:30;02:20;13;4;2h 50m;0;6906;8680;111
Vistara Premium economy;3;3;2019;16:00;18:35;3;3;2h 35m;0;11793;8681;111
SpiceJet;9;4;2019;21:10;00:05;10;4;2h 55m;0;3971;8682;111
Vistara;12;4;2019;07:00;09:40;12;4;2h 40m;0;5403;8683;111
Jet Airways;18;4;2019;15:15;18:10;18;4;2h 55m;0;5198;8684;111
Vistara;1;6;2019;19:30;22:15;1;6;2h 45m;0;4878;8685;111
Air India;21;4;2019;21:05;23:55;21;4;2h 50m;0;5228;8686;111
IndiGo;6;4;2019;18:25;21:20;6;4;2h 55m;0;4823;8687;111
GoAir;18;4;2019;11:40;14:30;18;4;2h 50m;0;4937;8688;111
Jet Airways;1;5;2019;19:50;22:50;1;5;3h;0;7229;8689;111
IndiGo;9;3;2019;06:00;08:45;9;3;2h 45m;0;7648;8690;111
Vistara;3;5;2019;07:00;09:40;3;5;2h 40m;0;4668;8691;111
Vistara;9;3;2019;16:10;18:50;9;3;2h 40m;0;7923;8692;111
Vistara;3;6;2019;19:30;22:15;3;6;2h 45m;0;4878;8693;111
Jet Airways;3;4;2019;08:20;11:20;3;4;3h;0;7229;8694;111
IndiGo;9;6;2019;07:10;10:05;9;6;2h 55m;0;4823;8695;111
IndiGo;27;4;2019;04:00;06:50;27;4;2h 50m;0;4423;8696;111
GoAir;24;5;2019;11:40;14:30;24;5;2h 50m;0;3398;8697;111
Jet Airways;6;4;2019;15:15;18:10;6;4;2h 55m;0;7229;8698;111
GoAir;1;6;2019;07:45;10:40;1;6;2h 55m;0;5048;8699;111
Jet Airways;15;6;2019;18:55;22:00;15;6;3h 5m;0;7229;8700;111
Air India;9;6;2019;13:20;16:10;9;6;2h 50m;0;6961;8701;111
Jet Airways;21;5;2019;07:10;10:10;21;5;3h;0;7229;8702;111
Air India;3;3;2019;21:10;23:55;3;3;2h 45m;0;7591;8703;111
Air India;9;3;2019;21:10;23:55;9;3;2h 45m;0;4966;8704;111
Jet Airways;21;4;2019;11:10;14:05;21;4;2h 55m;0;7229;8705;111
Vistara;18;5;2019;07:00;09:40;18;5;2h 40m;0;4878;8706;111
Jet Airways;1;6;2019;07:10;10:10;1;6;3h;0;7229;8707;111
Jet Airways;21;4;2019;07:10;10:10;21;4;3h;0;6144;8708;111
Air India;18;5;2019;10:00;12:45;18;5;2h 45m;0;6961;8709;111
SpiceJet;1;5;2019;21:10;00:05;2;5;2h 55m;0;4991;8710;111
Air Asia;3;5;2019;04:55;07:45;3;5;2h 50m;0;6181;8711;111
SpiceJet;15;6;2019;21:10;00:05;16;6;2h 55m;0;3971;8712;111
Jet Airways;1;5;2019;08:20;11:20;1;5;3h;0;5198;8713;111
Vistara;3;5;2019;21:00;23:50;3;5;2h 50m;0;5613;8714;111
Air India;27;4;2019;13:20;16:10;27;4;2h 50m;0;5228;8715;111
Vistara;21;4;2019;09:45;12:35;21;4;2h 50m;0;5403;8716;111
IndiGo;24;5;2019;20:00;22:50;24;5;2h 50m;0;4823;8717;111
Air India;3;3;2019;06:10;08:55;3;3;2h 45m;0;7591;8718;111
Vistara;24;6;2019;09:45;12:35;24;6;2h 50m;0;4668;8719;111
Air Asia;24;4;2019;11:10;13:55;24;4;2h 45m;0;3383;8720;111
Vistara;27;4;2019;21:00;23:50;27;4;2h 50m;0;5403;8721;111
GoAir;18;6;2019;20:55;23:40;18;6;2h 45m;0;3419;8722;111
IndiGo;27;5;2019;21:15;00:15;28;5;3h;0;3943;8723;111
IndiGo;18;6;2019;18:25;21:20;18;6;2h 55m;0;4823;8724;111
Air India;6;5;2019;10:00;12:45;6;5;2h 45m;0;5228;8725;111
GoAir;3;5;2019;11:40;14:30;3;5;2h 50m;0;3898;8726;111
Vistara;15;6;2019;17:00;19:35;15;6;2h 35m;0;4878;8727;111
Jet Airways;3;4;2019;15:15;18:10;3;4;2h 55m;0;4544;8728;111
IndiGo;9;3;2019;21:20;00:15;10;3;2h 55m;0;6144;8729;111
Air Asia;18;4;2019;11:10;13:55;18;4;2h 45m;0;4483;8730;111
SpiceJet;27;6;2019;09:30;12:20;27;6;2h 50m;0;3573;8731;111
IndiGo;24;6;2019;13:00;15:50;24;6;2h 50m;0;3943;8732;111
IndiGo;9;4;2019;10:10;13:00;9;4;2h 50m;0;4423;8733;111
SpiceJet;21;5;2019;09:30;12:20;21;5;2h 50m;0;3573;8734;111
Vistara;21;3;2019;07:00;09:40;21;3;2h 40m;0;5403;8735;111
Jet Airways;21;5;2019;15:50;18:45;21;5;2h 55m;0;3359;8736;111
Air India;15;6;2019;13:20;16:10;15;6;2h 50m;0;6961;8737;111
Jet Airways;6;6;2019;19:50;22:50;6;6;3h;0;7229;8738;111
Vistara;9;3;2019;07:00;09:40;9;3;2h 40m;0;7398;8739;111
Jet Airways;9;4;2019;07:10;10:10;9;4;3h;0;7229;8740;111
IndiGo;1;6;2019;22:10;01:00;2;6;2h 50m;0;3419;8741;111
Vistara;3;3;2019;11:30;14:10;3;3;2h 40m;0;8028;8742;111
Air India;1;6;2019;21:05;23:55;1;6;2h 50m;0;5228;8743;111
Vistara;6;5;2019;07:00;09:40;6;5;2h 40m;0;4668;8744;111
IndiGo;18;6;2019;01:30;04:15;18;6;2h 45m;0;3419;8745;111
IndiGo;6;4;2019;22:10;01:00;7;4;2h 50m;0;3943;8746;111
Jet Airways;21;5;2019;17:45;20:45;21;5;3h;0;7229;8747;111
Jet Airways;21;6;2019;15:15;18:10;21;6;2h 55m;0;8016;8748;111
Jet Airways;1;4;2019;06:00;08:45;1;4;2h 45m;0;4544;8749;111
Air India;12;6;2019;13:20;16:10;12;6;2h 50m;0;6961;8750;111
IndiGo;9;5;2019;23:30;02:20;10;5;2h 50m;0;3943;8751;111
IndiGo;18;6;2019;05:30;08:20;18;6;2h 50m;0;3943;8752;111
Vistara;9;6;2019;19:30;22:15;9;6;2h 45m;0;4878;8753;111
IndiGo;6;6;2019;00:25;03:15;6;6;2h 50m;0;3943;8754;111
IndiGo;24;3;2019;21:20;00:15;28;3;2h 55m;0;5694;8755;111
IndiGo;3;3;2019;00:40;03:25;3;3;2h 45m;0;6144;8756;111
Jet Airways;3;6;2019;15:15;18:10;3;6;2h 55m;0;8016;8757;111
Air India;15;5;2019;13:20;16:10;15;5;2h 50m;0;5228;8758;111
Vistara;3;4;2019;09:45;12:35;3;4;2h 50m;0;5403;8759;111
IndiGo;1;6;2019;21:15;00:15;2;6;3h;0;3943;8760;111
Jet Airways;24;3;2019;11:10;14:05;24;3;2h 55m;0;7229;8761;111
IndiGo;12;5;2019;04:00;06:50;12;5;2h 50m;0;3943;8762;111
IndiGo;15;5;2019;01:30;04:15;15;5;2h 45m;0;3419;8763;111
IndiGo;15;3;2019;21:20;00:15;16;3;2h 55m;0;8033;8764;111
IndiGo;3;3;2019;04:00;06:50;3;3;2h 50m;0;6144;8765;111
SpiceJet;9;3;2019;05:45;08:35;9;3;2h 50m;0;5126;8766;111
IndiGo;18;6;2019;23:30;02:20;19;6;2h 50m;0;3943;8767;111
IndiGo;21;4;2019;16:55;19:55;21;4;3h;0;4990;8768;111
Jet Airways;24;6;2019;07:10;10:10;24;6;3h;0;8016;8769;111
IndiGo;24;3;2019;18:55;21:45;24;3;2h 50m;0;7303;8770;111
Jet Airways;21;4;2019;18:55;22:00;21;4;3h 5m;0;7229;8771;111
Air Asia;24;3;2019;23:25;02:10;28;3;2h 45m;0;4482;8772;111
Jet Airways;12;5;2019;08:20;11:20;12;5;3h;0;6144;8773;111
IndiGo;3;4;2019;20:00;22:50;3;4;2h 50m;0;4823;8774;111
IndiGo;9;6;2019;08:30;11:20;9;6;2h 50m;0;4823;8775;111
Air India;3;3;2019;13:20;16:10;3;3;2h 50m;0;10216;8776;111
Jet Airways;18;5;2019;08:20;11:20;18;5;3h;0;6144;8777;111
Air India;27;6;2019;17:00;19:45;27;6;2h 45m;0;6961;8778;111
Jet Airways;3;5;2019;08:20;11:20;3;5;3h;0;5198;8779;111
Jet Airways;21;6;2019;15:15;18:10;21;6;2h 55m;0;7229;8780;111
Vistara;9;5;2019;07:00;09:40;9;5;2h 40m;0;4668;8781;111
IndiGo;6;5;2019;13:00;15:50;6;5;2h 50m;0;3943;8782;111
Air India;3;5;2019;06:10;08:55;3;5;2h 45m;0;5228;8783;111
IndiGo;9;3;2019;21:20;00:15;13;3;2h 55m;0;4777;8784;111
Air Asia;24;3;2019;05:50;08:40;24;3;2h 50m;0;3383;8785;111
IndiGo;27;5;2019;23:30;02:20;28;5;2h 50m;0;3943;8786;111
Jet Airways;21;6;2019;11:10;14:05;21;6;2h 55m;0;8016;8787;111
Air Asia;15;3;2019;05:50;08:40;15;3;2h 50m;0;5615;8788;111
IndiGo;6;4;2019;13:00;15:50;6;4;2h 50m;0;4423;8789;111
IndiGo;3;5;2019;23:30;02:20;4;5;2h 50m;0;4591;8790;111
Air India;24;3;2019;17:00;19:45;24;3;2h 45m;0;5176;8791;111
Jet Airways;18;4;2019;06:00;08:45;18;4;2h 45m;0;7229;8792;111
GoAir;24;5;2019;07:45;10:40;24;5;2h 55m;0;3419;8793;111
Jet Airways;27;4;2019;11:10;14:05;27;4;2h 55m;0;7229;8794;111
Vistara;27;5;2019;11:30;14:20;27;5;2h 50m;0;4668;8795;111
Jet Airways;3;4;2019;19:50;22:50;3;4;3h;0;4544;8796;111
Air India;18;4;2019;13:20;16:10;18;4;2h 50m;0;6121;8797;111
SpiceJet;24;4;2019;05:55;08:35;24;4;2h 40m;0;3919;8798;111
Vistara;1;6;2019;07:00;09:40;1;6;2h 40m;0;4878;8799;111
GoAir;3;5;2019;07:45;10:40;3;5;2h 55m;0;3898;8800;111
Air Asia;6;5;2019;23:55;02:45;7;5;2h 50m;0;3383;8801;111
IndiGo;3;5;2019;16:55;19:55;3;5;3h;0;4823;8802;111
IndiGo;18;5;2019;08:30;11:20;18;5;2h 50m;0;4823;8803;111
Air India;24;3;2019;10:00;12:45;24;3;2h 45m;0;4441;8804;111
Jet Airways;9;6;2019;06:00;08:45;9;6;2h 45m;0;8016;8805;111
IndiGo;24;5;2019;23:30;02:20;25;5;2h 50m;0;4591;8806;111
IndiGo;6;5;2019;07:10;10:05;6;5;2h 55m;0;4823;8807;111
Jet Airways;24;4;2019;17:45;20:45;24;4;3h;0;4544;8808;111
Jet Airways;1;4;2019;15:15;18:10;1;4;2h 55m;0;4544;8809;111
Air India;18;3;2019;17:00;19:45;18;3;2h 45m;0;4441;8810;111
Jet Airways;21;4;2019;06:00;08:45;21;4;2h 45m;0;4544;8811;111
IndiGo;24;5;2019;08:30;11:20;24;5;2h 50m;0;4823;8812;111
IndiGo;21;6;2019;20:00;22:50;21;6;2h 50m;0;4823;8813;111
Air India;1;4;2019;06:10;08:55;1;4;2h 45m;0;5176;8814;111
IndiGo;18;5;2019;23:30;02:20;19;5;2h 50m;0;4591;8815;111
Jet Airways;9;4;2019;08:20;11:20;9;4;3h;0;7229;8816;111
Air India;6;5;2019;21:05;23:55;6;5;2h 50m;0;5228;8817;111
Jet Airways;6;5;2019;15:15;18:10;6;5;2h 55m;0;3702;8818;111
Air Asia;24;5;2019;11:10;13:55;24;5;2h 45m;0;3383;8819;111
Air India;15;4;2019;13:20;16:10;15;4;2h 50m;0;5228;8820;111
Jet Airways;1;5;2019;18:55;22:00;1;5;3h 5m;0;4030;8821;111
Jet Airways;15;5;2019;15:15;18:10;15;5;2h 55m;0;3502;8822;111
Air India;24;6;2019;10:00;12:45;24;6;2h 45m;0;6961;8823;111
Jet Airways;9;4;2019;15:50;18:45;9;4;2h 55m;0;4544;8824;111
SpiceJet;15;4;2019;05:55;08:35;15;4;2h 40m;0;4319;8825;111
Jet Airways;9;6;2019;18:55;22:00;9;6;3h 5m;0;7229;8826;111
SpiceJet;9;6;2019;21:10;00:05;10;6;2h 55m;0;3919;8827;111
IndiGo;15;4;2019;18:25;21:20;15;4;2h 55m;0;4823;8828;111
IndiGo;3;6;2019;23:30;02:20;4;6;2h 50m;0;4591;8829;111
Air Asia;9;3;2019;05:50;08:40;9;3;2h 50m;0;4284;8830;111
Jet Airways;21;6;2019;06:00;08:45;21;6;2h 45m;0;8016;8831;111
Jet Airways;21;5;2019;18:55;22:00;21;5;3h 5m;0;7229;8832;111
Air India;18;5;2019;13:20;16:10;18;5;2h 50m;0;6121;8833;111
Jet Airways;9;5;2019;15:15;18:10;9;5;2h 55m;0;7229;8834;111
Jet Airways;27;4;2019;15:15;18:10;27;4;2h 55m;0;4544;8835;111
GoAir;1;3;2019;07:45;10:40;1;3;2h 55m;0;13663;8836;111
Air Asia;18;6;2019;23:55;02:45;19;6;2h 50m;0;3383;8837;111
IndiGo;9;6;2019;01:30;04:15;9;6;2h 45m;0;4077;8838;111
IndiGo;24;4;2019;06:05;08:50;24;4;2h 45m;0;4423;8839;111
Jet Airways;9;6;2019;19:50;22:50;9;6;3h;0;7229;8840;111
IndiGo;3;3;2019;23:30;02:20;4;3;2h 50m;0;6144;8841;111
SpiceJet;24;3;2019;20:30;23:20;24;3;2h 50m;0;3873;8842;111
IndiGo;15;5;2019;10:10;13:00;15;5;2h 50m;0;3943;8843;111
SpiceJet;9;5;2019;09:30;12:20;9;5;2h 50m;0;4991;8844;111
IndiGo;3;3;2019;16:55;19:45;3;3;2h 50m;0;8855;8845;111
IndiGo;24;6;2019;06:05;08:50;24;6;2h 45m;0;3943;8846;111
Jet Airways;24;4;2019;07:10;10:10;24;4;3h;0;7229;8847;111
IndiGo;9;5;2019;01:30;04:15;9;5;2h 45m;0;3419;8848;111
Air India;15;3;2019;10:00;12:45;15;3;2h 45m;0;7276;8849;111
IndiGo;6;4;2019;06:05;08:50;6;4;2h 45m;0;4423;8850;111
Air India;3;6;2019;17:00;19:45;3;6;2h 45m;0;6961;8851;111
IndiGo;3;6;2019;21:15;00:15;4;6;3h;0;3943;8852;111
Jet Airways;3;5;2019;08:20;11:20;3;5;3h;0;7229;8853;111
SpiceJet;15;5;2019;09:30;12:20;15;5;2h 50m;0;4319;8854;111
IndiGo;24;4;2019;13:00;15:50;24;4;2h 50m;0;4423;8855;111
Jet Airways;21;6;2019;19:50;22:50;21;6;3h;0;7754;8856;111
Jet Airways;15;6;2019;15:15;18:10;15;6;2h 55m;0;7229;8857;111
IndiGo;6;5;2019;20:00;22:50;6;5;2h 50m;0;4823;8858;111
Air Asia;24;5;2019;23:55;02:45;25;5;2h 50m;0;4483;8859;111
Air India;12;6;2019;06:10;08:55;12;6;2h 45m;0;6961;8860;111
IndiGo;21;4;2019;20:00;22:50;21;4;2h 50m;0;4823;8861;111
Air Asia;15;5;2019;23:55;02:45;16;5;2h 50m;0;3383;8862;111
IndiGo;1;5;2019;04:00;06:50;1;5;2h 50m;0;3943;8863;111
SpiceJet;27;6;2019;05:55;08:35;27;6;2h 40m;0;3625;8864;111
Jet Airways;21;4;2019;17:45;20:45;21;4;3h;0;4544;8865;111
IndiGo;24;3;2019;18:25;21:20;24;3;2h 55m;0;7303;8866;111
GoAir;6;6;2019;07:45;10:40;6;6;2h 55m;0;3898;8867;111
IndiGo;15;3;2019;16:55;19:45;15;3;2h 50m;0;8033;8868;111
IndiGo;9;3;2019;18:25;21:20;9;3;2h 55m;0;6860;8869;111
IndiGo;12;5;2019;07:10;10:05;12;5;2h 55m;0;4823;8870;111
SpiceJet;9;5;2019;21:10;00:05;10;5;2h 55m;0;4423;8871;111
Jet Airways;12;6;2019;08:20;11:20;12;6;3h;0;8016;8872;111
IndiGo;21;3;2019;16:55;19:45;21;3;2h 50m;0;6860;8873;111
IndiGo;18;6;2019;10:10;13:00;18;6;2h 50m;0;3943;8874;111
Jet Airways;18;6;2019;18:55;22:00;18;6;3h 5m;0;8016;8875;111
IndiGo;12;4;2019;10:10;13:00;12;4;2h 50m;0;4591;8876;111
Vistara;21;4;2019;17:00;19:35;21;4;2h 35m;0;5613;8877;111
Jet Airways;24;4;2019;15:15;18:10;24;4;2h 55m;0;7229;8878;111
Air Asia;18;3;2019;05:50;08:40;18;3;2h 50m;0;4284;8879;111
IndiGo;21;6;2019;06:05;08:50;21;6;2h 45m;0;3943;8880;111
Jet Airways;27;6;2019;11:10;14:05;27;6;2h 55m;0;8016;8881;111
IndiGo;27;6;2019;18:25;21:20;27;6;2h 55m;0;4823;8882;111
Vistara;9;4;2019;09:45;12:35;9;4;2h 50m;0;5403;8883;111
IndiGo;24;3;2019;06:00;08:45;24;3;2h 45m;0;4777;8884;111
IndiGo;3;4;2019;22:10;01:00;4;4;2h 50m;0;3943;8885;111
Jet Airways;6;6;2019;11:10;14:05;6;6;2h 55m;0;8016;8886;111
Jet Airways;15;5;2019;06:00;08:45;15;5;2h 45m;0;4030;8887;111
Vistara;1;5;2019;09:45;12:35;1;5;2h 50m;0;4668;8888;111
Air India;9;4;2019;05:45;08:45;9;4;3h;0;4441;8889;111
IndiGo;12;4;2019;13:00;15:50;12;4;2h 50m;0;4823;8890;111
Vistara;24;4;2019;19:30;22:15;24;4;2h 45m;0;5613;8891;111
IndiGo;1;3;2019;20:00;22:55;1;3;2h 55m;0;14306;8892;111
IndiGo;27;5;2019;22:10;01:00;28;5;2h 50m;0;3749;8893;111
Jet Airways;6;4;2019;06:00;08:45;6;4;2h 45m;0;4544;8894;111
Jet Airways;12;4;2019;11:10;14:05;12;4;2h 55m;0;5198;8895;111
Jet Airways;24;6;2019;19:50;22:50;24;6;3h;0;8016;8896;111
SpiceJet;6;4;2019;09:30;12:20;6;4;2h 50m;0;4319;8897;111
IndiGo;3;4;2019;21:15;00:15;4;4;3h;0;3943;8898;111
SpiceJet;9;6;2019;21:10;00:05;10;6;2h 55m;0;3971;8899;111
Air India;24;5;2019;06:10;08:55;24;5;2h 45m;0;8273;8900;111
GoAir;1;5;2019;11:40;14:30;1;5;2h 50m;0;4340;8901;111
Air Asia;15;5;2019;11:10;13:55;15;5;2h 45m;0;3383;8902;111
GoAir;1;3;2019;11:40;14:35;1;3;2h 55m;0;11111;8903;111
Jet Airways;1;4;2019;17:45;20:45;1;4;3h;0;7229;8904;111
Jet Airways;6;5;2019;17:45;20:45;6;5;3h;0;4030;8905;111
Air India;24;4;2019;06:10;08:55;24;4;2h 45m;0;5228;8906;111
Air Asia;3;4;2019;04:55;07:45;3;4;2h 50m;0;4282;8907;111
Jet Airways;27;6;2019;08:20;11:20;27;6;3h;0;8016;8908;111
Jet Airways;1;6;2019;19:50;22:50;1;6;3h;0;8016;8909;111
Jet Airways;27;5;2019;08:20;11:20;27;5;3h;0;7229;8910;111
Vistara;24;3;2019;21:10;00:05;28;3;2h 55m;0;4353;8911;111
Air Asia;15;4;2019;23:55;02:45;16;4;2h 50m;0;4483;8912;111
IndiGo;24;3;2019;04:00;06:50;24;3;2h 50m;0;4777;8913;111
IndiGo;15;6;2019;21:15;00:15;16;6;3h;0;3943;8914;111
IndiGo;15;4;2019;10:10;13:00;15;4;2h 50m;0;4423;8915;111
GoAir;12;4;2019;07:45;10:40;12;4;2h 55m;0;6722;8916;111
IndiGo;18;5;2019;18:55;21:50;18;5;2h 55m;0;4823;8917;111
Jet Airways;9;5;2019;08:20;11:20;9;5;3h;0;4544;8918;111
IndiGo;1;3;2019;18:55;21:45;1;3;2h 50m;0;14306;8919;111
Air Asia;9;3;2019;23:25;02:10;10;3;2h 45m;0;5615;8920;111
SpiceJet;24;3;2019;20:30;23:20;24;3;2h 50m;0;5469;8921;111
Jet Airways;27;6;2019;06:00;08:45;27;6;2h 45m;0;6478;8922;111
Vistara;3;3;2019;19:40;22:20;3;3;2h 40m;0;11913;8923;111
Vistara;27;4;2019;07:00;09:40;27;4;2h 40m;0;5613;8924;111
Jet Airways;1;4;2019;19:50;22:50;1;4;3h;0;7229;8925;111
IndiGo;21;6;2019;19:30;22:15;21;6;2h 45m;0;5780;8926;111
IndiGo;15;5;2019;07:10;10:05;15;5;2h 55m;0;4823;8927;111
IndiGo;3;3;2019;13:00;15:50;3;3;2h 50m;0;12649;8928;111
IndiGo;1;4;2019;01:30;04:15;1;4;2h 45m;0;4423;8929;111
IndiGo;27;6;2019;21:15;00:15;28;6;3h;0;3943;8930;111
SpiceJet;12;5;2019;05:55;08:35;12;5;2h 40m;0;3257;8931;111
GoAir;6;6;2019;20:55;23:40;6;6;2h 45m;0;3419;8932;111
Jet Airways;1;6;2019;07:10;10:10;1;6;3h;0;8016;8933;111
Jet Airways;6;4;2019;17:45;20:45;6;4;3h;0;7229;8934;111
Jet Airways;15;5;2019;07:10;10:10;15;5;3h;0;5198;8935;111
Jet Airways;21;5;2019;06:00;08:45;21;5;2h 45m;0;7229;8936;111
IndiGo;6;4;2019;23:30;02:20;7;4;2h 50m;0;4591;8937;111
Air India;6;4;2019;10:00;12:45;6;4;2h 45m;0;5176;8938;111
Jet Airways;9;4;2019;06:00;08:45;9;4;2h 45m;0;7229;8939;111
Jet Airways;24;4;2019;07:10;10:10;24;4;3h;0;6144;8940;111
Jet Airways;9;5;2019;18:55;22:00;9;5;3h 5m;0;3702;8941;111
IndiGo;12;6;2019;07:10;10:05;12;6;2h 55m;0;4823;8942;111
SpiceJet;24;4;2019;21:10;00:05;25;4;2h 55m;0;3573;8943;111
IndiGo;9;4;2019;07:10;10:05;9;4;2h 55m;0;4823;8944;111
Air Asia;3;3;2019;05:50;08:40;3;3;2h 50m;0;7074;8945;111
IndiGo;1;5;2019;08:30;11:20;1;5;2h 50m;0;4823;8946;111
IndiGo;27;4;2019;20:00;22:50;27;4;2h 50m;0;4823;8947;111
Air Asia;12;5;2019;23:55;02:45;13;5;2h 50m;0;4483;8948;111
Air India;1;6;2019;17:00;19:45;1;6;2h 45m;0;7171;8949;111
Jet Airways;21;5;2019;11:10;14:05;21;5;2h 55m;0;4030;8950;111
Air India;21;5;2019;10:00;12:45;21;5;2h 45m;0;6961;8951;111
IndiGo;24;4;2019;01:30;04:15;24;4;2h 45m;0;3419;8952;111
IndiGo;15;5;2019;06:05;08:50;15;5;2h 45m;0;4423;8953;111
Jet Airways;24;5;2019;19:50;22:50;24;5;3h;0;6144;8954;111
Jet Airways;3;6;2019;11:10;14:05;3;6;2h 55m;0;5769;8955;111
IndiGo;1;6;2019;07:10;10:05;1;6;2h 55m;0;4823;8956;111
Air India;27;4;2019;21:05;23:55;27;4;2h 50m;0;5228;8957;111
SpiceJet;6;4;2019;21:10;00:05;7;4;2h 55m;0;3971;8958;111
IndiGo;21;6;2019;22:10;01:00;22;6;2h 50m;0;3943;8959;111
Vistara;12;4;2019;09:45;12:35;12;4;2h 50m;0;5403;8960;111
Jet Airways;15;5;2019;18:55;22:00;15;5;3h 5m;0;7229;8961;111
Vistara;12;5;2019;17:00;19:35;12;5;2h 35m;0;4878;8962;111
IndiGo;3;5;2019;04:00;06:50;3;5;2h 50m;0;3943;8963;111
IndiGo;3;6;2019;13:00;15:50;3;6;2h 50m;0;3943;8964;111
GoAir;15;5;2019;11:40;14:30;15;5;2h 50m;0;3398;8965;111
Jet Airways;21;6;2019;17:45;20:45;21;6;3h;0;8541;8966;111
IndiGo;21;3;2019;04:00;06:50;21;3;2h 50m;0;4777;8967;111
Vistara;27;5;2019;21:00;23:50;27;5;2h 50m;0;4668;8968;111
Jet Airways;24;5;2019;08:20;11:20;24;5;3h;0;7229;8969;111
Air India;9;5;2019;21:05;23:55;9;5;2h 50m;0;6121;8970;111
IndiGo;9;3;2019;22:20;01:10;13;3;2h 50m;0;4377;8971;111
Air India;6;6;2019;06:10;08:55;6;6;2h 45m;0;6961;8972;111
IndiGo;9;5;2019;18:55;21:50;9;5;2h 55m;0;4823;8973;111
Vistara;27;4;2019;17:00;19:35;27;4;2h 35m;0;5613;8974;111
IndiGo;3;6;2019;16:55;19:55;3;6;3h;0;4823;8975;111
Jet Airways;18;5;2019;15:15;18:10;18;5;2h 55m;0;7229;8976;111
Vistara;9;4;2019;11:30;14:20;9;4;2h 50m;0;5403;8977;111
GoAir;9;3;2019;20:55;23:50;9;3;2h 55m;0;5706;8978;111
IndiGo;1;6;2019;16:55;19:45;1;6;2h 50m;0;4823;8979;111
IndiGo;18;4;2019;04:00;06:50;18;4;2h 50m;0;4423;8980;111
GoAir;6;4;2019;20:55;23:40;6;4;2h 45m;0;3419;8981;111
SpiceJet;18;6;2019;21:10;00:05;19;6;2h 55m;0;3971;8982;111
SpiceJet;6;6;2019;05:55;08:35;6;6;2h 40m;0;3573;8983;111
Jet Airways;27;5;2019;11:10;14:05;27;5;2h 55m;0;4030;8984;111
Jet Airways;9;4;2019;06:00;08:45;9;4;2h 45m;0;4544;8985;111
Jet Airways;1;4;2019;17:45;20:45;1;4;3h;0;4544;8986;111
Air India;1;3;2019;06:10;08:55;1;3;2h 45m;0;15676;8987;111
IndiGo;9;4;2019;05:30;08:20;9;4;2h 50m;0;3943;8988;111
Vistara;9;6;2019;17:00;19:35;9;6;2h 35m;0;4878;8989;111
GoAir;15;5;2019;07:45;10:40;15;5;2h 55m;0;3419;8990;111
IndiGo;1;4;2019;06:05;08:50;1;4;2h 45m;0;3943;8991;111
IndiGo;21;6;2019;00:25;03:15;21;6;2h 50m;0;3419;8992;111
Jet Airways;12;6;2019;17:45;20:45;12;6;3h;0;5769;8993;111
SpiceJet;12;4;2019;05:55;08:35;12;4;2h 40m;0;4319;8994;111
SpiceJet;21;5;2019;21:10;00:05;22;5;2h 55m;0;3625;8995;111
Vistara;1;4;2019;19:30;22:15;1;4;2h 45m;0;5613;8996;111
IndiGo;3;4;2019;06:05;08:50;3;4;2h 45m;0;4077;8997;111
Air India;3;3;2019;17:00;19:45;3;3;2h 45m;0;19508;8998;111
Vistara;24;3;2019;11:30;14:10;24;3;2h 40m;0;5403;8999;111
IndiGo;6;6;2019;18:55;21:50;6;6;2h 55m;0;4990;9000;111
GoAir;1;5;2019;20:55;23:40;1;5;2h 45m;0;3898;9001;111
SpiceJet;24;3;2019;05:45;08:35;24;3;2h 50m;0;4377;9002;111
SpiceJet;9;6;2019;09:30;12:20;9;6;2h 50m;0;4423;9003;111
GoAir;27;5;2019;11:40;14:30;27;5;2h 50m;0;3398;9004;111
Jet Airways;6;4;2019;06:00;08:45;6;4;2h 45m;0;7229;9005;111
IndiGo;18;6;2019;00:25;03:15;18;6;2h 50m;0;3419;9006;111
SpiceJet;24;3;2019;05:45;08:35;24;3;2h 50m;0;4273;9007;111
GoAir;1;4;2019;07:45;10:40;1;4;2h 55m;0;4239;9008;111
SpiceJet;27;4;2019;09:30;12:20;27;4;2h 50m;0;4885;9009;111
Jet Airways;1;6;2019;08:20;11:20;1;6;3h;0;8016;9010;111
SpiceJet;1;4;2019;21:10;00:05;2;4;2h 55m;0;3625;9011;111
IndiGo;3;3;2019;10:05;13:00;3;3;2h 55m;0;7648;9012;111
Air India;3;6;2019;10:00;12:45;3;6;2h 45m;0;6961;9013;111
IndiGo;12;5;2019;10:10;13:00;12;5;2h 50m;0;3943;9014;111
Air India;12;5;2019;10:00;12:45;12;5;2h 45m;0;5228;9015;111
Vistara;6;6;2019;09:45;12:35;6;6;2h 50m;0;4668;9016;111
IndiGo;18;4;2019;21:15;00:15;19;4;3h;0;4591;9017;111
IndiGo;12;5;2019;21:15;00:15;13;5;3h;0;3943;9018;111
Air India;21;4;2019;10:00;12:45;21;4;2h 45m;0;5228;9019;111
Air Asia;3;3;2019;05:50;08:40;3;3;2h 50m;0;7652;9020;111
SpiceJet;12;6;2019;09:30;12:20;12;6;2h 50m;0;4319;9021;111
IndiGo;3;6;2019;06:05;08:50;3;6;2h 45m;0;3943;9022;111
Air India;12;4;2019;13:20;16:10;12;4;2h 50m;0;5911;9023;111
Jet Airways;6;5;2019;06:00;08:45;6;5;2h 45m;0;5198;9024;111
Vistara;27;5;2019;19:30;22:15;27;5;2h 45m;0;4878;9025;111
IndiGo;18;5;2019;10:30;13:20;18;5;2h 50m;0;3943;9026;111
Vistara;6;5;2019;19:30;22:15;6;5;2h 45m;0;4878;9027;111
SpiceJet;9;4;2019;21:10;00:05;10;4;2h 55m;0;3919;9028;111
Vistara;9;3;2019;16:00;18:35;9;3;2h 35m;0;7923;9029;111
IndiGo;9;3;2019;05:30;08:20;9;3;2h 50m;0;4777;9030;111
IndiGo;3;5;2019;10:10;13:00;3;5;2h 50m;0;3943;9031;111
SpiceJet;3;4;2019;21:10;00:05;4;4;2h 55m;0;3919;9032;111
Jet Airways;6;4;2019;15:15;18:10;6;4;2h 55m;0;5198;9033;111
SpiceJet;24;3;2019;05:45;08:35;24;3;2h 50m;0;4273;9034;111
Jet Airways;1;4;2019;18:55;22:00;1;4;3h 5m;0;4544;9035;111
Jet Airways;3;5;2019;11:10;14:05;3;5;2h 55m;0;7229;9036;111
Jet Airways;1;5;2019;08:20;11:20;1;5;3h;0;7229;9037;111
IndiGo;27;4;2019;07:10;10:05;27;4;2h 55m;0;4823;9038;111
Air India;1;6;2019;13:20;16:10;1;6;2h 50m;0;6961;9039;111
Air India;18;6;2019;10:00;12:45;18;6;2h 45m;0;6961;9040;111
Air India;24;4;2019;17:00;19:45;24;4;2h 45m;0;6121;9041;111
Air India;12;4;2019;06:10;08:55;12;4;2h 45m;0;5911;9042;111
GoAir;6;5;2019;11:40;14:30;6;5;2h 50m;0;3398;9043;111
GoAir;24;5;2019;20:55;23:40;24;5;2h 45m;0;3419;9044;111
Vistara;24;3;2019;21:10;00:05;25;3;2h 55m;0;6558;9045;111
SpiceJet;24;3;2019;20:30;23:20;24;3;2h 50m;0;5575;9046;111
GoAir;6;5;2019;20:55;23:40;6;5;2h 45m;0;3419;9047;111
SpiceJet;21;4;2019;05:55;08:35;21;4;2h 40m;0;4423;9048;111
IndiGo;24;5;2019;01:30;04:15;24;5;2h 45m;0;3419;9049;111
Jet Airways;18;6;2019;11:10;14:05;18;6;2h 55m;0;8016;9050;111
Jet Airways;9;4;2019;18:55;22:00;9;4;3h 5m;0;7229;9051;111
Vistara;9;3;2019;19:40;22:20;9;3;2h 40m;0;7450;9052;111
SpiceJet;6;6;2019;21:10;00:05;7;6;2h 55m;0;3311;9053;111
IndiGo;27;4;2019;21:15;00:15;28;4;3h;0;3943;9054;111
Jet Airways;3;6;2019;15:15;18:10;3;6;2h 55m;0;5769;9055;111
SpiceJet;12;6;2019;09:30;12:20;12;6;2h 50m;0;4423;9056;111
IndiGo;18;4;2019;06:05;08:50;18;4;2h 45m;0;4591;9057;111
Jet Airways;24;5;2019;15:15;18:10;24;5;2h 55m;0;4544;9058;111
Jet Airways;15;4;2019;06:00;08:45;15;4;2h 45m;0;7229;9059;111
Jet Airways;15;5;2019;19:50;22:50;15;5;3h;0;7229;9060;111
IndiGo;24;6;2019;10:10;13:00;24;6;2h 50m;0;3943;9061;111
IndiGo;15;4;2019;23:30;02:20;16;4;2h 50m;0;4591;9062;111
Jet Airways;21;3;2019;19:55;22:35;21;3;2h 40m;0;7229;9063;111
Jet Airways;18;6;2019;08:20;11:20;18;6;3h;0;8016;9064;111
IndiGo;24;6;2019;08:30;11:20;24;6;2h 50m;0;4823;9065;111
IndiGo;6;6;2019;01:30;04:15;6;6;2h 45m;0;3943;9066;111
Jet Airways;12;6;2019;17:45;20:45;12;6;3h;0;8016;9067;111
IndiGo;1;6;2019;06:05;08:50;1;6;2h 45m;0;3943;9068;111
GoAir;6;6;2019;11:40;14:30;6;6;2h 50m;0;3898;9069;111
IndiGo;3;3;2019;18:25;21:20;3;3;2h 55m;0;7648;9070;111
IndiGo;15;5;2019;20:00;22:50;15;5;2h 50m;0;4823;9071;111
IndiGo;3;3;2019;10:05;13:00;3;3;2h 55m;0;7648;9072;111
Vistara;12;6;2019;11:30;14:20;12;6;2h 50m;0;4668;9073;111
IndiGo;1;4;2019;20:00;22:50;1;4;2h 50m;0;4823;9074;111
IndiGo;6;6;2019;18:25;21:20;6;6;2h 55m;0;4823;9075;111
IndiGo;15;6;2019;04:00;06:50;15;6;2h 50m;0;4423;9076;111
IndiGo;27;6;2019;08:30;11:20;27;6;2h 50m;0;4823;9077;111
IndiGo;1;5;2019;13:00;15:50;1;5;2h 50m;0;4423;9078;111
Jet Airways;27;5;2019;18:55;22:00;27;5;3h 5m;0;7229;9079;111
IndiGo;21;4;2019;21:15;00:15;22;4;3h;0;4423;9080;111
Jet Airways;21;4;2019;19:50;22:50;21;4;3h;0;4544;9081;111
Jet Airways;27;6;2019;17:45;20:45;27;6;3h;0;8016;9082;111
IndiGo;9;3;2019;04:00;06:50;9;3;2h 50m;0;8033;9083;111
GoAir;3;4;2019;07:45;10:40;3;4;2h 55m;0;4239;9084;111
Jet Airways;1;6;2019;18:55;22:00;1;6;3h 5m;0;8016;9085;111
IndiGo;6;4;2019;07:10;10:05;6;4;2h 55m;0;4823;9086;111
Air India;24;3;2019;10:00;12:45;24;3;2h 45m;0;7276;9087;111
IndiGo;21;6;2019;07:10;10:05;21;6;2h 55m;0;4823;9088;111
GoAir;15;6;2019;20:55;23:40;15;6;2h 45m;0;3898;9089;111
Jet Airways;18;6;2019;06:00;08:45;18;6;2h 45m;0;8016;9090;111
Vistara;3;3;2019;19:40;22:20;3;3;2h 40m;0;8553;9091;111
GoAir;21;6;2019;20:55;23:40;21;6;2h 45m;0;3898;9092;111
Air India;21;6;2019;17:00;19:45;21;6;2h 45m;0;7171;9093;111
SpiceJet;27;4;2019;05:55;08:35;27;4;2h 40m;0;4423;9094;111
GoAir;21;4;2019;07:45;10:40;21;4;2h 55m;0;4632;9095;111
Jet Airways;1;6;2019;15:15;18:10;1;6;2h 55m;0;8016;9096;111
Air Asia;15;6;2019;04:55;07:45;15;6;2h 50m;0;4282;9097;111
IndiGo;1;5;2019;16:55;19:55;1;5;3h;0;4823;9098;111
IndiGo;3;5;2019;18:25;21:20;3;5;2h 55m;0;4823;9099;111
SpiceJet;12;4;2019;21:10;00:05;13;4;2h 55m;0;5621;9100;111
IndiGo;21;3;2019;01:30;04:15;21;3;2h 45m;0;4777;9101;111
SpiceJet;3;3;2019;09:35;12:30;3;3;2h 55m;0;7648;9102;111
SpiceJet;18;3;2019;20:30;23:20;18;3;2h 50m;0;4273;9103;111
Jet Airways;3;6;2019;17:45;20:45;3;6;3h;0;8016;9104;111
Jet Airways;9;6;2019;15:15;18:10;9;6;2h 55m;0;8016;9105;111
IndiGo;15;4;2019;06:05;08:50;15;4;2h 45m;0;4423;9106;111
Vistara;12;4;2019;21:00;23:50;12;4;2h 50m;0;5613;9107;111
SpiceJet;3;3;2019;09:35;12:30;3;3;2h 55m;0;6860;9108;111
IndiGo;9;3;2019;01:30;04:15;9;3;2h 45m;0;4545;9109;111
Air Asia;12;4;2019;11:10;13:55;12;4;2h 45m;0;4483;9110;111
IndiGo;24;3;2019;23:30;02:20;25;3;2h 50m;0;6860;9111;111
SpiceJet;6;6;2019;05:55;08:35;6;6;2h 40m;0;3625;9112;111
IndiGo;12;6;2019;20:00;22:50;12;6;2h 50m;0;4823;9113;111
Vistara;24;3;2019;12:00;14:40;24;3;2h 40m;0;7608;9114;111
Vistara;15;5;2019;19:30;22:15;15;5;2h 45m;0;4878;9115;111
IndiGo;3;4;2019;13:00;15:50;3;4;2h 50m;0;4077;9116;111
IndiGo;18;3;2019;22:20;01:10;19;3;2h 50m;0;4545;9117;111
Air India;9;6;2019;06:10;08:55;9;6;2h 45m;0;6961;9118;111
Air India;21;4;2019;13:20;16:10;21;4;2h 50m;0;6121;9119;111
Jet Airways;18;5;2019;18:55;22:00;18;5;3h 5m;0;5198;9120;111
Jet Airways;6;5;2019;08:20;11:20;6;5;3h;0;4544;9121;111
SpiceJet;9;6;2019;05:55;08:35;9;6;2h 40m;0;3625;9122;111
IndiGo;27;5;2019;18:25;21:20;27;5;2h 55m;0;4823;9123;111
IndiGo;24;6;2019;18:55;21:50;24;6;2h 55m;0;4823;9124;111
Jet Airways;9;4;2019;15:50;18:45;9;4;2h 55m;0;7229;9125;111
SpiceJet;24;3;2019;09:35;12:30;24;3;2h 55m;0;4273;9126;111
Jet Airways;27;6;2019;07:10;10:10;27;6;3h;0;6478;9127;111
Jet Airways;12;5;2019;07:10;10:10;12;5;3h;0;5198;9128;111
SpiceJet;27;4;2019;05:55;08:35;27;4;2h 40m;0;4319;9129;111
IndiGo;1;3;2019;10:05;13:00;1;3;2h 55m;0;10067;9130;111
SpiceJet;18;5;2019;09:30;12:20;18;5;2h 50m;0;4319;9131;111
SpiceJet;1;4;2019;21:10;00:05;2;4;2h 55m;0;3573;9132;111
Vistara;24;3;2019;19:40;22:20;24;3;2h 40m;0;4563;9133;111
IndiGo;3;6;2019;04:00;06:50;3;6;2h 50m;0;3943;9134;111
Jet Airways;18;6;2019;08:20;11:20;18;6;3h;0;5769;9135;111
IndiGo;15;3;2019;20:00;22:55;15;3;2h 55m;0;8855;9136;111
IndiGo;27;6;2019;06:05;08:50;27;6;2h 45m;0;3943;9137;111
Air India;18;4;2019;06:10;08:55;18;4;2h 45m;0;5228;9138;111
Jet Airways;24;6;2019;07:10;10:10;24;6;3h;0;5769;9139;111
IndiGo;9;4;2019;23:30;02:20;10;4;2h 50m;0;4591;9140;111
Air Asia;6;6;2019;11:10;13:55;6;6;2h 45m;0;4483;9141;111
IndiGo;15;4;2019;16:55;19:55;15;4;3h;0;4823;9142;111
Jet Airways;21;6;2019;18:55;22:00;21;6;3h 5m;0;8541;9143;111
Vistara;18;3;2019;19:40;22:20;18;3;2h 40m;0;12123;9144;111
SpiceJet;12;4;2019;09:30;12:20;12;4;2h 50m;0;4991;9145;111
GoAir;12;6;2019;20:55;23:40;12;6;2h 45m;0;3419;9146;111
IndiGo;3;4;2019;08:30;11:20;3;4;2h 50m;0;4823;9147;111
Vistara;24;5;2019;11:30;14:20;24;5;2h 50m;0;4668;9148;111
IndiGo;27;4;2019;00:30;03:25;27;4;2h 55m;0;4591;9149;111
SpiceJet;24;3;2019;20:30;23:20;24;3;2h 50m;0;3873;9150;111
SpiceJet;15;6;2019;21:10;00:05;16;6;2h 55m;0;3919;9151;111
Jet Airways;12;5;2019;18:55;22:00;12;5;3h 5m;0;7229;9152;111
IndiGo;27;4;2019;18:55;21:50;27;4;2h 55m;0;4823;9153;111
IndiGo;15;5;2019;18:55;21:50;15;5;2h 55m;0;4823;9154;111
IndiGo;21;4;2019;18:55;21:50;21;4;2h 55m;0;4823;9155;111
Jet Airways;18;6;2019;06:00;08:45;18;6;2h 45m;0;6478;9156;111
Vistara;27;5;2019;17:00;19:35;27;5;2h 35m;0;4878;9157;111
SpiceJet;18;5;2019;05:55;08:35;18;5;2h 40m;0;3573;9158;111
IndiGo;3;5;2019;01:30;04:15;3;5;2h 45m;0;3943;9159;111
SpiceJet;24;3;2019;20:30;23:20;24;3;2h 50m;0;3925;9160;111
Jet Airways;6;6;2019;17:45;20:45;6;6;3h;0;8016;9161;111
IndiGo;9;6;2019;22:10;01:00;10;6;2h 50m;0;3749;9162;111
Jet Airways;24;5;2019;06:00;08:45;24;5;2h 45m;0;7229;9163;111
IndiGo;27;5;2019;20:00;22:50;27;5;2h 50m;0;4823;9164;111
Jet Airways;15;5;2019;11:10;14:05;15;5;2h 55m;0;4030;9165;111
IndiGo;12;5;2019;01:30;04:15;12;5;2h 45m;0;3943;9166;111
Vistara;15;5;2019;11:30;14:20;15;5;2h 50m;0;4668;9167;111
Vistara;21;4;2019;11:30;14:20;21;4;2h 50m;0;5403;9168;111
Jet Airways;9;4;2019;11:10;14:05;9;4;2h 55m;0;4544;9169;111
Vistara;21;5;2019;09:45;12:35;21;5;2h 50m;0;4668;9170;111
IndiGo;12;5;2019;13:00;15:50;12;5;2h 50m;0;4591;9171;111
IndiGo;18;4;2019;01:30;04:15;18;4;2h 45m;0;4591;9172;111
IndiGo;9;5;2019;06:05;08:50;9;5;2h 45m;0;4077;9173;111
Vistara;15;5;2019;07:00;09:40;15;5;2h 40m;0;4668;9174;111
Air India;24;6;2019;13:20;16:10;24;6;2h 50m;0;6961;9175;111
Jet Airways;18;5;2019;06:00;08:45;18;5;2h 45m;0;7229;9176;111
SpiceJet;1;4;2019;09:30;12:20;1;4;2h 50m;0;3919;9177;111
Jet Airways;3;6;2019;06:00;08:45;3;6;2h 45m;0;5769;9178;111
Vistara;3;6;2019;11:30;14:20;3;6;2h 50m;0;4668;9179;111
IndiGo;1;4;2019;13:00;15:50;1;4;2h 50m;0;4591;9180;111
GoAir;18;3;2019;11:40;14:35;18;3;2h 55m;0;4340;9181;111
Vistara;1;6;2019;17:00;19:35;1;6;2h 35m;0;4878;9182;111
Vistara;9;3;2019;21:10;00:05;13;3;2h 55m;0;7240;9183;111
Jet Airways;24;6;2019;15:15;18:10;24;6;2h 55m;0;8016;9184;111
Vistara;6;5;2019;17:00;19:35;6;5;2h 35m;0;4878;9185;111
SpiceJet;27;5;2019;05:55;08:35;27;5;2h 40m;0;3311;9186;111
SpiceJet;15;3;2019;05:45;08:35;15;3;2h 50m;0;5575;9187;111
SpiceJet;9;5;2019;21:10;00:05;10;5;2h 55m;0;4319;9188;111
IndiGo;27;5;2019;06:05;08:50;27;5;2h 45m;0;4423;9189;111
Air Asia;21;5;2019;11:10;13:55;21;5;2h 45m;0;3383;9190;111
IndiGo;3;6;2019;07:10;10:05;3;6;2h 55m;0;4823;9191;111
Air India;1;3;2019;17:00;19:45;1;3;2h 45m;0;25913;9192;111
GoAir;27;5;2019;20:55;23:40;27;5;2h 45m;0;3419;9193;111
Jet Airways;3;4;2019;18:55;22:00;3;4;3h 5m;0;7229;9194;111
Jet Airways;1;5;2019;06:00;08:45;1;5;2h 45m;0;4030;9195;111
Vistara;24;3;2019;09:50;12:35;24;3;2h 45m;0;6138;9196;111
Air India;6;4;2019;13:20;16:10;6;4;2h 50m;0;5176;9197;111
SpiceJet;3;4;2019;09:30;12:20;3;4;2h 50m;0;3971;9198;111
SpiceJet;21;5;2019;09:30;12:20;21;5;2h 50m;0;3625;9199;111
IndiGo;12;5;2019;18:55;21:50;12;5;2h 55m;0;4823;9200;111
IndiGo;21;3;2019;07:10;10:05;21;3;2h 55m;0;6860;9201;111
Jet Airways;27;5;2019;15:15;18:10;27;5;2h 55m;0;3502;9202;111
SpiceJet;18;4;2019;05:55;08:35;18;4;2h 40m;0;4319;9203;111
GoAir;3;6;2019;20:55;23:40;3;6;2h 45m;0;3419;9204;111
Air India;3;3;2019;10:00;12:45;3;3;2h 45m;0;8588;9205;111
Jet Airways;27;5;2019;19:50;22:50;27;5;3h;0;7229;9206;111
IndiGo;6;5;2019;21:15;00:15;7;5;3h;0;3943;9207;111
Air Asia;3;5;2019;23:55;02:45;4;5;2h 50m;0;4483;9208;111
IndiGo;18;6;2019;22:10;01:00;19;6;2h 50m;0;3419;9209;111
GoAir;15;6;2019;11:40;14:30;15;6;2h 50m;0;3898;9210;111
Air Asia;27;4;2019;23:55;02:45;28;4;2h 50m;0;3383;9211;111
IndiGo;18;4;2019;08:30;11:20;18;4;2h 50m;0;5740;9212;111
GoAir;3;3;2019;11:40;14:35;3;3;2h 55m;0;7646;9213;111
Jet Airways;12;5;2019;19:50;22:50;12;5;3h;0;7229;9214;111
Air Asia;21;6;2019;04:55;07:45;21;6;2h 50m;0;4282;9215;111
GoAir;18;5;2019;11:40;14:30;18;5;2h 50m;0;4340;9216;111
IndiGo;3;5;2019;22:10;01:00;4;5;2h 50m;0;4284;9217;111
Jet Airways;21;4;2019;08:20;11:20;21;4;3h;0;7229;9218;111
Jet Airways;12;6;2019;07:10;10:10;12;6;3h;0;8016;9219;111
Vistara;9;3;2019;11:30;14:10;9;3;2h 40m;0;7240;9220;111
Vistara;15;4;2019;09:45;12:35;15;4;2h 50m;0;5403;9221;111
SpiceJet;1;3;2019;09:35;12:30;1;3;2h 55m;0;11690;9222;111
Jet Airways;21;4;2019;18:55;22:00;21;4;3h 5m;0;4544;9223;111
IndiGo;15;4;2019;21:15;00:15;16;4;3h;0;3943;9224;111
Air India;15;6;2019;21:05;23:55;15;6;2h 50m;0;5228;9225;111
SpiceJet;3;4;2019;21:10;00:05;4;4;2h 55m;0;3971;9226;111
IndiGo;3;5;2019;18:55;21:50;3;5;2h 55m;0;4823;9227;111
Jet Airways;3;6;2019;11:10;14:05;3;6;2h 55m;0;8016;9228;111
IndiGo;21;3;2019;18:25;21:20;21;3;2h 55m;0;6144;9229;111
IndiGo;15;4;2019;00:30;03:25;15;4;2h 55m;0;4284;9230;111
IndiGo;15;6;2019;01:30;04:15;15;6;2h 45m;0;3419;9231;111
Air India;3;5;2019;10:00;12:45;3;5;2h 45m;0;6121;9232;111
IndiGo;12;5;2019;06:05;08:50;12;5;2h 45m;0;4423;9233;111
Jet Airways;9;4;2019;07:10;10:10;9;4;3h;0;4544;9234;111
Jet Airways;21;5;2019;06:00;08:45;21;5;2h 45m;0;4030;9235;111
IndiGo;1;4;2019;08:30;11:20;1;4;2h 50m;0;4823;9236;111
Vistara;18;6;2019;17:00;19:35;18;6;2h 35m;0;4878;9237;111
SpiceJet;1;4;2019;05:55;08:35;1;4;2h 40m;0;3971;9238;111
Jet Airways;27;6;2019;18:55;22:00;27;6;3h 5m;0;7229;9239;111
Air India;3;5;2019;21:05;23:55;3;5;2h 50m;0;6121;9240;111
GoAir;1;6;2019;11:40;14:30;1;6;2h 50m;0;3898;9241;111
Air Asia;12;4;2019;04:55;07:45;12;4;2h 50m;0;4282;9242;111
Jet Airways;3;6;2019;17:45;20:45;3;6;3h;0;6478;9243;111
GoAir;24;6;2019;07:45;10:40;24;6;2h 55m;0;3898;9244;111
IndiGo;6;4;2019;18:55;21:50;6;4;2h 55m;0;4823;9245;111
GoAir;1;5;2019;07:45;10:40;1;5;2h 55m;0;3898;9246;111
IndiGo;3;4;2019;23:30;02:20;4;4;2h 50m;0;4591;9247;111
IndiGo;18;6;2019;08:30;11:20;18;6;2h 50m;0;4823;9248;111
Vistara;3;5;2019;17:00;19:35;3;5;2h 35m;0;5613;9249;111
IndiGo;12;6;2019;13:00;15:50;12;6;2h 50m;0;3943;9250;111
IndiGo;21;3;2019;00:40;03:25;21;3;2h 45m;0;4944;9251;111
Vistara;21;3;2019;09:50;12:35;21;3;2h 45m;0;4878;9252;111
GoAir;27;5;2019;07:45;10:40;27;5;2h 55m;0;3419;9253;111
Vistara;24;3;2019;07:00;09:40;24;3;2h 40m;0;5403;9254;111
Jet Airways;24;5;2019;17:45;20:45;24;5;3h;0;6144;9255;111
SpiceJet;24;5;2019;05:55;08:35;24;5;2h 40m;0;3257;9256;111
SpiceJet;6;5;2019;05:55;08:35;6;5;2h 40m;0;3311;9257;111
Air India;3;6;2019;13:20;16:10;3;6;2h 50m;0;6961;9258;111
Jet Airways;18;4;2019;17:45;20:45;18;4;3h;0;7229;9259;111
Jet Airways;3;5;2019;07:10;10:10;3;5;3h;0;7229;9260;111
Air India;24;5;2019;17:00;19:45;24;5;2h 45m;0;7171;9261;111
IndiGo;15;5;2019;13:00;15:50;15;5;2h 50m;0;3943;9262;111
Air India;15;4;2019;06:10;08:55;15;4;2h 45m;0;5228;9263;111
Vistara;24;3;2019;16:00;18:35;24;3;2h 35m;0;5088;9264;111
IndiGo;9;5;2019;10:10;13:00;9;5;2h 50m;0;3943;9265;111
IndiGo;27;6;2019;07:10;10:05;27;6;2h 55m;0;4823;9266;111
IndiGo;9;5;2019;04:00;06:50;9;5;2h 50m;0;3943;9267;111
Jet Airways;3;4;2019;11:10;14:05;3;4;2h 55m;0;4544;9268;111
Air Asia;3;5;2019;11:10;13:55;3;5;2h 45m;0;4483;9269;111
IndiGo;3;4;2019;01:30;04:15;3;4;2h 45m;0;3419;9270;111
Air India;24;6;2019;21:05;23:55;24;6;2h 50m;0;6961;9271;111
Jet Airways;27;5;2019;15:15;18:10;27;5;2h 55m;0;7229;9272;111
GoAir;18;4;2019;20:55;23:40;18;4;2h 45m;0;5048;9273;111
GoAir;21;5;2019;07:45;10:40;21;5;2h 55m;0;5048;9274;111
Vistara;6;6;2019;17:00;19:35;6;6;2h 35m;0;4878;9275;111
Air India;24;3;2019;13:20;16:10;24;3;2h 50m;0;4441;9276;111
Jet Airways;15;4;2019;11:10;14:05;15;4;2h 55m;0;4544;9277;111
IndiGo;6;4;2019;16:55;19:55;6;4;3h;0;4823;9278;111
SpiceJet;21;4;2019;09:30;12:20;21;4;2h 50m;0;4885;9279;111
Air Asia;21;6;2019;11:10;13:55;21;6;2h 45m;0;3383;9280;111
Jet Airways;27;4;2019;07:10;10:10;27;4;3h;0;4544;9281;111
GoAir;3;6;2019;11:40;14:30;3;6;2h 50m;0;3898;9282;111
Air India;15;5;2019;21:05;23:55;15;5;2h 50m;0;5228;9283;111
IndiGo;21;6;2019;04:00;06:50;21;6;2h 50m;0;3943;9284;111
SpiceJet;3;6;2019;21:10;00:05;4;6;2h 55m;0;3311;9285;111
IndiGo;1;4;2019;07:10;10:05;1;4;2h 55m;0;4823;9286;111
IndiGo;12;4;2019;01:30;04:15;12;4;2h 45m;0;4591;9287;111
IndiGo;21;5;2019;18:25;21:20;21;5;2h 55m;0;4823;9288;111
IndiGo;6;6;2019;08:30;11:20;6;6;2h 50m;0;4823;9289;111
Vistara;24;6;2019;07:00;09:40;24;6;2h 40m;0;4668;9290;111
Air India;12;5;2019;17:00;19:45;12;5;2h 45m;0;5438;9291;111
IndiGo;18;4;2019;18:55;21:50;18;4;2h 55m;0;5780;9292;111
IndiGo;1;3;2019;07:10;10:05;1;3;2h 55m;0;11934;9293;111
SpiceJet;24;5;2019;09:30;12:20;24;5;2h 50m;0;3573;9294;111
IndiGo;24;3;2019;21:20;00:15;25;3;2h 55m;0;6144;9295;111
SpiceJet;15;6;2019;09:30;12:20;15;6;2h 50m;0;4885;9296;111
IndiGo;6;6;2019;20:00;22:50;6;6;2h 50m;0;4823;9297;111
Vistara;1;4;2019;11:30;14:20;1;4;2h 50m;0;5403;9298;111
SpiceJet;15;3;2019;05:45;08:35;15;3;2h 50m;0;5469;9299;111
IndiGo;24;3;2019;10:10;13:00;24;3;2h 50m;0;4777;9300;111
Jet Airways;21;4;2019;08:20;11:20;21;4;3h;0;5198;9301;111
Air India;18;5;2019;17:00;19:45;18;5;2h 45m;0;7171;9302;111
IndiGo;27;4;2019;10:30;13:20;27;4;2h 50m;0;4423;9303;111
Air Asia;24;3;2019;05:50;08:40;24;3;2h 50m;0;4284;9304;111
SpiceJet;3;3;2019;05:45;08:35;3;3;2h 50m;0;6860;9305;111
IndiGo;9;3;2019;08:30;11:30;9;3;3h;0;7648;9306;111
Air India;15;3;2019;21:10;23:55;15;3;2h 45m;0;8851;9307;111
Air India;21;4;2019;17:00;19:45;21;4;2h 45m;0;5438;9308;111
Air India;6;4;2019;06:10;08:55;6;4;2h 45m;0;5176;9309;111
Jet Airways;21;5;2019;19:50;22:50;21;5;3h;0;7229;9310;111
Vistara;9;3;2019;19:40;22:20;9;3;2h 40m;0;8290;9311;111
Jet Airways;18;6;2019;07:10;10:10;18;6;3h;0;5769;9312;111
IndiGo;12;4;2019;21:15;00:15;13;4;3h;0;4990;9313;111
Air Asia;3;3;2019;23:25;02:10;4;3;2h 45m;0;6135;9314;111
IndiGo;3;5;2019;20:00;22:50;3;5;2h 50m;0;4823;9315;111
SpiceJet;21;5;2019;21:10;00:05;22;5;2h 55m;0;3573;9316;111
Jet Airways;6;6;2019;18:55;22:00;6;6;3h 5m;0;7229;9317;111
IndiGo;15;4;2019;22:10;01:00;16;4;2h 50m;0;3943;9318;111
SpiceJet;24;3;2019;09:35;12:30;24;3;2h 55m;0;6205;9319;111
Jet Airways;6;5;2019;06:00;08:45;6;5;2h 45m;0;7229;9320;111
Vistara;9;6;2019;21:00;23:50;9;6;2h 50m;0;4668;9321;111
IndiGo;18;4;2019;18:25;21:20;18;4;2h 55m;0;4990;9322;111
IndiGo;3;4;2019;16:55;19:55;3;4;3h;0;4823;9323;111
Jet Airways;21;4;2019;15:15;18:10;21;4;2h 55m;0;7229;9324;111
Jet Airways;12;6;2019;18:55;22:00;12;6;3h 5m;0;8016;9325;111
IndiGo;27;6;2019;23:30;02:20;28;6;2h 50m;0;3943;9326;111
IndiGo;24;3;2019;07:10;10:05;24;3;2h 55m;0;6860;9327;111
IndiGo;12;5;2019;18:25;21:20;12;5;2h 55m;0;4823;9328;111
Air India;6;5;2019;17:00;19:45;6;5;2h 45m;0;5228;9329;111
Jet Airways;6;6;2019;06:00;08:45;6;6;2h 45m;0;8016;9330;111
Air India;24;5;2019;21:05;23:55;24;5;2h 50m;0;5228;9331;111
SpiceJet;3;5;2019;09:30;12:20;3;5;2h 50m;0;4423;9332;111
IndiGo;15;6;2019;23:30;02:20;16;6;2h 50m;0;4077;9333;111
Jet Airways;1;5;2019;07:10;10:10;1;5;3h;0;7229;9334;111
IndiGo;15;3;2019;04:00;06:50;15;3;2h 50m;0;5694;9335;111
Air Asia;21;4;2019;11:10;13:55;21;4;2h 45m;0;4483;9336;111
IndiGo;12;4;2019;07:10;10:05;12;4;2h 55m;0;4823;9337;111
SpiceJet;24;6;2019;21:10;00:05;25;6;2h 55m;0;3971;9338;111
Jet Airways;21;5;2019;17:45;20:45;21;5;3h;0;4030;9339;111
Vistara;24;4;2019;11:30;14:20;24;4;2h 50m;0;5403;9340;111
IndiGo;21;6;2019;16:55;19:55;21;6;3h;0;4990;9341;111
IndiGo;9;3;2019;10:05;13:00;9;3;2h 55m;0;6860;9342;111
IndiGo;27;6;2019;00:25;03:15;27;6;2h 50m;0;3419;9343;111
Air India;27;5;2019;17:00;19:45;27;5;2h 45m;0;6961;9344;111
Vistara;3;4;2019;07:00;09:40;3;4;2h 40m;0;5403;9345;111
Jet Airways;6;6;2019;07:10;10:10;6;6;3h;0;6478;9346;111
GoAir;18;4;2019;07:45;10:40;18;4;2h 55m;0;5048;9347;111
SpiceJet;12;5;2019;21:10;00:05;13;5;2h 55m;0;4423;9348;111
SpiceJet;9;3;2019;05:45;08:35;9;3;2h 50m;0;7110;9349;111
IndiGo;15;6;2019;07:10;10:05;15;6;2h 55m;0;4823;9350;111
Vistara;24;6;2019;21:00;23:50;24;6;2h 50m;0;4668;9351;111
IndiGo;24;5;2019;13:00;15:50;24;5;2h 50m;0;4990;9352;111
IndiGo;12;4;2019;20:00;22:50;12;4;2h 50m;0;4990;9353;111
Vistara;21;5;2019;19:30;22:15;21;5;2h 45m;0;4878;9354;111
Vistara;27;6;2019;09:45;12:35;27;6;2h 50m;0;4668;9355;111
Jet Airways;3;4;2019;11:10;14:05;3;4;2h 55m;0;7229;9356;111
Vistara;1;3;2019;21:10;00:05;2;3;2h 55m;0;21730;9357;111
Jet Airways;3;4;2019;17:45;20:45;3;4;3h;0;7229;9358;111
IndiGo;9;3;2019;13:10;16:10;9;3;3h;0;8033;9359;111
Jet Airways;18;5;2019;11:10;14:05;18;5;2h 55m;0;7229;9360;111
IndiGo;24;5;2019;04:00;06:50;24;5;2h 50m;0;3943;9361;111
SpiceJet;9;3;2019;09:35;12:30;9;3;2h 55m;0;6205;9362;111
SpiceJet;12;5;2019;05:55;08:35;12;5;2h 40m;0;3311;9363;111
IndiGo;9;6;2019;16:55;19:45;9;6;2h 50m;0;4823;9364;111
Jet Airways;15;5;2019;11:10;14:05;15;5;2h 55m;0;7229;9365;111
IndiGo;12;4;2019;08:30;11:20;12;4;2h 50m;0;4823;9366;111
GoAir;15;6;2019;07:45;10:40;15;6;2h 55m;0;3898;9367;111
Jet Airways;12;6;2019;18:55;22:00;12;6;3h 5m;0;5769;9368;111
IndiGo;3;4;2019;18:55;21:50;3;4;2h 55m;0;4823;9369;111
Jet Airways;24;5;2019;07:10;10:10;24;5;3h;0;7229;9370;111
SpiceJet;3;5;2019;05:55;08:35;3;5;2h 40m;0;3625;9371;111
Jet Airways;12;5;2019;11:10;14:05;12;5;2h 55m;0;7229;9372;111
GoAir;24;6;2019;11:40;14:30;24;6;2h 50m;0;3898;9373;111
IndiGo;3;3;2019;01:30;04:15;3;3;2h 45m;0;6860;9374;111
Jet Airways;15;6;2019;18:55;22:00;15;6;3h 5m;0;8016;9375;111
Vistara;21;5;2019;17:00;19:35;21;5;2h 35m;0;4878;9376;111
Air Asia;12;4;2019;23:55;02:45;13;4;2h 50m;0;7080;9377;111
Vistara;15;6;2019;07:00;09:40;15;6;2h 40m;0;4878;9378;111
Air India;1;4;2019;21:05;23:55;1;4;2h 50m;0;4441;9379;111
IndiGo;21;5;2019;22:10;01:00;22;5;2h 50m;0;3625;9380;111
IndiGo;21;5;2019;00:30;03:25;21;5;2h 55m;0;3419;9381;111
IndiGo;21;6;2019;21:15;00:15;22;6;3h;0;3943;9382;111
Jet Airways;6;3;2019;19:55;22:35;6;3;2h 40m;0;18308;9383;111
IndiGo;1;4;2019;00:30;03:25;1;4;2h 55m;0;4423;9384;111
Jet Airways;18;4;2019;18:55;22:00;18;4;3h 5m;0;7229;9385;111
Vistara;18;6;2019;11:30;14:20;18;6;2h 50m;0;4668;9386;111
IndiGo;27;4;2019;13:00;15:50;27;4;2h 50m;0;4423;9387;111
SpiceJet;27;4;2019;21:10;00:05;28;4;2h 55m;0;3971;9388;111
Air India;1;5;2019;10:00;12:45;1;5;2h 45m;0;6121;9389;111
IndiGo;9;4;2019;21:15;00:15;10;4;3h;0;3943;9390;111
Vistara;3;3;2019;21:10;00:05;4;3;2h 55m;0;7608;9391;111
Air India;27;5;2019;10:00;12:45;27;5;2h 45m;0;6961;9392;111
GoAir;1;3;2019;20:55;23:50;1;3;2h 55m;0;18558;9393;111
SpiceJet;6;5;2019;21:10;00:05;7;5;2h 55m;0;3573;9394;111
Vistara;15;5;2019;17:00;19:35;15;5;2h 35m;0;4878;9395;111
IndiGo;3;3;2019;18:25;21:20;3;3;2h 55m;0;8855;9396;111
IndiGo;15;5;2019;04:00;06:50;15;5;2h 50m;0;3943;9397;111
GoAir;12;4;2019;11:40;14:30;12;4;2h 50m;0;4937;9398;111
SpiceJet;6;6;2019;21:10;00:05;7;6;2h 55m;0;3257;9399;111
IndiGo;6;5;2019;08:30;11:20;6;5;2h 50m;0;4823;9400;111
IndiGo;3;5;2019;06:05;08:50;3;5;2h 45m;0;3943;9401;111
IndiGo;15;5;2019;21:15;00:15;16;5;3h;0;3943;9402;111
Vistara;15;4;2019;17:00;19:35;15;4;2h 35m;0;5613;9403;111
Jet Airways;3;4;2019;06:00;08:45;3;4;2h 45m;0;7229;9404;111
IndiGo;15;6;2019;13:00;15:50;15;6;2h 50m;0;3943;9405;111
Jet Airways;12;5;2019;06:00;08:45;12;5;2h 45m;0;5198;9406;111
Jet Airways;27;6;2019;17:45;20:45;27;6;3h;0;7229;9407;111
Air India;6;5;2019;13:20;16:10;6;5;2h 50m;0;5228;9408;111
Air Asia;18;5;2019;11:10;13:55;18;5;2h 45m;0;4483;9409;111
SpiceJet;15;3;2019;09:35;12:30;15;3;2h 55m;0;6309;9410;111
Vistara;24;5;2019;19:30;22:15;24;5;2h 45m;0;5823;9411;111
Vistara;24;3;2019;11:30;14:10;24;3;2h 40m;0;5403;9412;111
Jet Airways;3;5;2019;11:10;14:05;3;5;2h 55m;0;4030;9413;111
SpiceJet;24;3;2019;05:45;08:35;24;3;2h 50m;0;3579;9414;111
Jet Airways;9;4;2019;08:20;11:20;9;4;3h;0;4544;9415;111
Vistara;9;4;2019;21:00;23:50;9;4;2h 50m;0;5403;9416;111
IndiGo;24;5;2019;21:15;00:15;25;5;3h;0;3943;9417;111
Jet Airways;1;4;2019;11:10;14:05;1;4;2h 55m;0;7229;9418;111
IndiGo;15;3;2019;22:20;01:10;16;3;2h 50m;0;8855;9419;111
IndiGo;24;6;2019;07:10;10:05;24;6;2h 55m;0;4823;9420;111
IndiGo;27;4;2019;10:10;13:00;27;4;2h 50m;0;4423;9421;111
Jet Airways;6;4;2019;08:20;11:20;6;4;3h;0;7229;9422;111
Jet Airways;9;6;2019;06:00;08:45;9;6;2h 45m;0;7229;9423;111
Jet Airways;12;5;2019;17:45;20:45;12;5;3h;0;7229;9424;111
Air India;3;4;2019;13:20;16:10;3;4;2h 50m;0;5176;9425;111
Air Asia;27;4;2019;04:55;07:45;27;4;2h 50m;0;4282;9426;111
IndiGo;27;4;2019;22:10;01:00;28;4;2h 50m;0;3943;9427;111
Air Asia;9;3;2019;23:25;02:10;13;3;2h 45m;0;4482;9428;111
IndiGo;1;5;2019;07:10;10:05;1;5;2h 55m;0;4823;9429;111
Jet Airways;6;6;2019;08:20;11:20;6;6;3h;0;6478;9430;111
Air India;9;6;2019;10:00;12:45;9;6;2h 45m;0;6961;9431;111
GoAir;27;4;2019;20:55;23:40;27;4;2h 45m;0;3898;9432;111
Air Asia;6;4;2019;23:55;02:45;7;4;2h 50m;0;3383;9433;111
IndiGo;1;5;2019;23:30;02:20;2;5;2h 50m;0;4591;9434;111
Air India;21;4;2019;06:10;08:55;21;4;2h 45m;0;6121;9435;111
Vistara;21;3;2019;16:00;18:35;21;3;2h 35m;0;5613;9436;111
Jet Airways;12;6;2019;19:50;22:50;12;6;3h;0;5769;9437;111
Air India;12;4;2019;21:05;23:55;12;4;2h 50m;0;5911;9438;111
IndiGo;9;4;2019;18:25;21:20;9;4;2h 55m;0;4823;9439;111
Jet Airways;21;5;2019;18:55;22:00;21;5;3h 5m;0;4030;9440;111
IndiGo;1;6;2019;20:00;22:50;1;6;2h 50m;0;4823;9441;111
Jet Airways;27;4;2019;15:15;18:10;27;4;2h 55m;0;7229;9442;111
Jet Airways;15;4;2019;07:10;10:10;15;4;3h;0;7229;9443;111
IndiGo;1;6;2019;08:30;11:20;1;6;2h 50m;0;4823;9444;111
SpiceJet;27;6;2019;21:10;00:05;28;6;2h 55m;0;4319;9445;111
Jet Airways;12;4;2019;17:45;20:45;12;4;3h;0;7229;9446;111
IndiGo;3;3;2019;20:00;22:55;3;3;2h 55m;0;7303;9447;111
Jet Airways;6;4;2019;07:10;10:10;6;4;3h;0;7229;9448;111
IndiGo;1;5;2019;22:10;01:00;2;5;2h 50m;0;3943;9449;111
Air India;1;6;2019;10:00;12:45;1;6;2h 45m;0;6961;9450;111
SpiceJet;27;5;2019;05:55;08:35;27;5;2h 40m;0;3257;9451;111
Jet Airways;24;6;2019;17:45;20:45;24;6;3h;0;8016;9452;111
Jet Airways;18;5;2019;07:10;10:10;18;5;3h;0;5198;9453;111
IndiGo;3;6;2019;08:30;11:20;3;6;2h 50m;0;4823;9454;111
IndiGo;24;3;2019;23:30;02:20;22;3;2h 50m;0;4944;9455;111
SpiceJet;1;6;2019;05:55;08:35;1;6;2h 40m;0;3625;9456;111
IndiGo;27;5;2019;10:10;13:00;27;5;2h 50m;0;3943;9457;111
IndiGo;21;6;2019;18:15;21:20;21;6;3h 5m;0;4990;9458;111
Vistara;3;3;2019;09:50;12:35;3;3;2h 45m;0;8028;9459;111
Jet Airways;15;5;2019;17:45;20:45;15;5;3h;0;4030;9460;111
IndiGo;15;3;2019;01:30;04:15;15;3;2h 45m;0;5694;9461;111
Vistara;3;3;2019;07:00;09:40;3;3;2h 40m;0;8028;9462;111
Jet Airways;15;6;2019;19:50;22:50;15;6;3h;0;8016;9463;111
IndiGo;18;5;2019;13:00;15:50;18;5;2h 50m;0;4423;9464;111
Vistara;24;3;2019;07:00;09:40;24;3;2h 40m;0;4878;9465;111
Jet Airways;12;4;2019;15:15;18:10;12;4;2h 55m;0;7229;9466;111
Jet Airways;21;4;2019;07:10;10:10;21;4;3h;0;7229;9467;111
Jet Airways;24;6;2019;18:55;22:00;24;6;3h 5m;0;8016;9468;111
Jet Airways;1;5;2019;17:45;20:45;1;5;3h;0;4030;9469;111
Jet Airways;12;5;2019;17:45;20:45;12;5;3h;0;5198;9470;111
SpiceJet;3;4;2019;05:55;08:35;3;4;2h 40m;0;3971;9471;111
SpiceJet;9;5;2019;05:55;08:35;9;5;2h 40m;0;3573;9472;111
IndiGo;27;4;2019;06:05;08:50;27;4;2h 45m;0;4423;9473;111
Air India;27;5;2019;13:20;16:10;27;5;2h 50m;0;5228;9474;111
Jet Airways;9;6;2019;11:10;14:05;9;6;2h 55m;0;7229;9475;111
Jet Airways;1;5;2019;15:15;18:10;1;5;2h 55m;0;4544;9476;111
IndiGo;3;6;2019;18:55;21:50;3;6;2h 55m;0;4823;9477;111
IndiGo;27;6;2019;01:30;04:15;27;6;2h 45m;0;3419;9478;111
IndiGo;1;4;2019;10:10;13:00;1;4;2h 50m;0;3943;9479;111
Air Asia;21;6;2019;23:55;02:45;22;6;2h 50m;0;3383;9480;111
Air Asia;27;5;2019;04:55;07:45;27;5;2h 50m;0;3383;9481;111
IndiGo;24;3;2019;00:40;03:25;24;3;2h 45m;0;4238;9482;111
Air India;15;4;2019;17:00;19:45;15;4;2h 45m;0;6121;9483;111
Air Asia;1;3;2019;05:50;08:40;1;3;2h 50m;0;10715;9484;111
Jet Airways;3;5;2019;18:55;22:00;3;5;3h 5m;0;6144;9485;111
Air Asia;12;5;2019;04:55;07:45;12;5;2h 50m;0;4282;9486;111
SpiceJet;9;3;2019;20:30;23:20;9;3;2h 50m;0;5126;9487;111
SpiceJet;15;3;2019;09:35;12:30;15;3;2h 55m;0;6205;9488;111
IndiGo;6;5;2019;00:30;03:25;6;5;2h 55m;0;4284;9489;111
IndiGo;1;6;2019;13:00;15:50;1;6;2h 50m;0;3943;9490;111
IndiGo;24;3;2019;18:25;21:20;24;3;2h 55m;0;8033;9491;111
IndiGo;27;6;2019;16:55;19:55;27;6;3h;0;4823;9492;111
IndiGo;15;6;2019;06:05;08:50;15;6;2h 45m;0;4423;9493;111
Jet Airways;12;4;2019;08:20;11:20;12;4;3h;0;7229;9494;111
IndiGo;27;5;2019;07:10;10:05;27;5;2h 55m;0;4823;9495;111
Jet Airways;21;6;2019;08:20;11:20;21;6;3h;0;5769;9496;111
Air Asia;9;6;2019;04:55;07:45;9;6;2h 50m;0;8420;9497;111
Jet Airways;6;5;2019;11:10;14:05;6;5;2h 55m;0;4030;9498;111
Jet Airways;3;5;2019;19:50;22:50;3;5;3h;0;7229;9499;111
IndiGo;24;3;2019;07:10;10:05;24;3;2h 55m;0;6144;9500;111
Jet Airways;24;4;2019;11:10;14:05;24;4;2h 55m;0;4544;9501;111
Vistara;12;6;2019;21:00;23:50;12;6;2h 50m;0;4668;9502;111
IndiGo;18;5;2019;07:10;10:05;18;5;2h 55m;0;4823;9503;111
SpiceJet;12;4;2019;05:55;08:35;12;4;2h 40m;0;4423;9504;111
SpiceJet;6;5;2019;09:30;12:20;6;5;2h 50m;0;3971;9505;111
IndiGo;12;5;2019;08:30;11:20;12;5;2h 50m;0;5740;9506;111
IndiGo;9;6;2019;10:10;13:00;9;6;2h 50m;0;4423;9507;111
Vistara;3;4;2019;11:30;14:20;3;4;2h 50m;0;5403;9508;111
Jet Airways;24;4;2019;19:50;22:50;24;4;3h;0;7229;9509;111
IndiGo;27;5;2019;16:55;19:55;27;5;3h;0;4823;9510;111
Jet Airways;12;5;2019;06:00;08:45;12;5;2h 45m;0;7229;9511;111
IndiGo;15;4;2019;07:10;10:05;15;4;2h 55m;0;4823;9512;111
IndiGo;12;5;2019;23:30;02:20;13;5;2h 50m;0;4591;9513;111
IndiGo;3;3;2019;08:30;11:30;3;3;3h;0;6860;9514;111
Vistara;27;4;2019;19:30;22:15;27;4;2h 45m;0;5613;9515;111
Jet Airways;21;5;2019;19:50;22:50;21;5;3h;0;4030;9516;111
Air India;9;3;2019;13:20;16:10;9;3;2h 50m;0;8851;9517;111
Air Asia;24;6;2019;04:55;07:45;24;6;2h 50m;0;4282;9518;111
Vistara;18;6;2019;07:00;09:40;18;6;2h 40m;0;4668;9519;111
Jet Airways;24;3;2019;19:55;22:35;24;3;2h 40m;0;8016;9520;111
IndiGo;12;6;2019;08:30;11:20;12;6;2h 50m;0;4823;9521;111
Air India;18;6;2019;17:00;19:50;18;6;2h 50m;0;6961;9522;111
IndiGo;21;4;2019;01:30;04:15;21;4;2h 45m;0;4591;9523;111
Vistara;15;4;2019;21:00;23:50;15;4;2h 50m;0;5403;9524;111
Air Asia;3;6;2019;04:55;07:45;3;6;2h 50m;0;4282;9525;111
IndiGo;6;5;2019;18:55;21:50;6;5;2h 55m;0;4823;9526;111
IndiGo;9;6;2019;23:30;02:20;10;6;2h 50m;0;4591;9527;111
Air India;9;6;2019;17:00;19:45;9;6;2h 45m;0;7171;9528;111
SpiceJet;24;4;2019;09:30;12:20;24;4;2h 50m;0;3919;9529;111
Air Asia;18;4;2019;04:55;07:45;18;4;2h 50m;0;4282;9530;111
GoAir;12;4;2019;20:55;23:40;12;4;2h 45m;0;6722;9531;111
Jet Airways;12;5;2019;18:55;22:00;12;5;3h 5m;0;4030;9532;111
SpiceJet;3;5;2019;21:10;00:05;4;5;2h 55m;0;4991;9533;111
Jet Airways;9;6;2019;15:15;18:10;9;6;2h 55m;0;7229;9534;111
Jet Airways;6;4;2019;11:10;14:05;6;4;2h 55m;0;7229;9535;111
Jet Airways;15;4;2019;19:50;22:50;15;4;3h;0;7229;9536;111
IndiGo;21;4;2019;23:30;02:20;22;4;2h 50m;0;4591;9537;111
IndiGo;3;4;2019;10:10;13:00;3;4;2h 50m;0;3943;9538;111
IndiGo;24;6;2019;18:15;21:20;24;6;3h 5m;0;4823;9539;111
IndiGo;1;6;2019;10:10;13:00;1;6;2h 50m;0;3943;9540;111
Air India;3;4;2019;06:10;08:55;3;4;2h 45m;0;4441;9541;111
IndiGo;3;5;2019;07:10;10:05;3;5;2h 55m;0;4823;9542;111
Jet Airways;6;5;2019;19:50;22:50;6;5;3h;0;7229;9543;111
SpiceJet;24;5;2019;21:10;00:05;25;5;2h 55m;0;3919;9544;111
IndiGo;3;4;2019;07:10;10:05;3;4;2h 55m;0;4823;9545;111
IndiGo;18;5;2019;18:25;21:20;18;5;2h 55m;0;4823;9546;111
SpiceJet;15;4;2019;21:10;00:05;16;4;2h 55m;0;3919;9547;111
Vistara;18;5;2019;19:30;22:15;18;5;2h 45m;0;4878;9548;111
IndiGo;1;5;2019;01:30;04:15;1;5;2h 45m;0;4077;9549;111
Air India;9;3;2019;17:00;19:50;9;3;2h 50m;0;9481;9550;111
GoAir;9;6;2019;07:45;10:40;9;6;2h 55m;0;3898;9551;111
GoAir;18;5;2019;07:45;10:40;18;5;2h 55m;0;4239;9552;111
Jet Airways;1;3;2019;19:55;22:35;1;3;2h 40m;0;18308;9553;111
Air Asia;9;4;2019;04:55;07:45;9;4;2h 50m;0;4282;9554;111
SpiceJet;15;4;2019;05:55;08:35;15;4;2h 40m;0;4423;9555;111
SpiceJet;18;6;2019;05:55;08:35;18;6;2h 40m;0;3625;9556;111
Vistara;24;4;2019;17:00;19:35;24;4;2h 35m;0;5613;9557;111
GoAir;24;6;2019;20:55;23:40;24;6;2h 45m;0;3419;9558;111
Jet Airways;27;5;2019;07:10;10:10;27;5;3h;0;7229;9559;111
SpiceJet;21;6;2019;05:55;08:35;21;6;2h 40m;0;3971;9560;111
Jet Airways;12;4;2019;06:00;08:45;12;4;2h 45m;0;5198;9561;111
Air Asia;24;4;2019;04:55;07:45;24;4;2h 50m;0;3383;9562;111
GoAir;3;5;2019;20:55;23:40;3;5;2h 45m;0;4239;9563;111
Vistara;1;3;2019;07:00;09:40;1;3;2h 40m;0;21520;9564;111
IndiGo;18;6;2019;20:00;22:50;18;6;2h 50m;0;4823;9565;111
Jet Airways;15;6;2019;11:10;14:05;15;6;2h 55m;0;8016;9566;111
Air Asia;1;4;2019;04:55;07:45;1;4;2h 50m;0;4282;9567;111
IndiGo;21;6;2019;08:30;11:20;21;6;2h 50m;0;4823;9568;111
IndiGo;24;3;2019;20:00;22:55;24;3;2h 55m;0;6144;9569;111
IndiGo;1;3;2019;22:20;01:10;2;3;2h 50m;0;11934;9570;111
Jet Airways;6;5;2019;18:55;22:00;6;5;3h 5m;0;7229;9571;111
SpiceJet;24;3;2019;09:35;12:30;24;3;2h 55m;0;3873;9572;111
Jet Airways;18;5;2019;08:20;11:20;18;5;3h;0;7229;9573;111
IndiGo;1;3;2019;23:30;02:20;2;3;2h 50m;0;10067;9574;111
Vistara;24;3;2019;16:00;18:35;24;3;2h 35m;0;5613;9575;111
IndiGo;1;5;2019;00:30;03:25;1;5;2h 55m;0;4284;9576;111
Vistara;6;5;2019;21:00;23:50;6;5;2h 50m;0;4668;9577;111
Jet Airways;12;4;2019;07:10;10:10;12;4;3h;0;5198;9578;111
Jet Airways;1;5;2019;17:45;20:45;1;5;3h;0;7229;9579;111
Jet Airways;1;4;2019;06:00;08:45;1;4;2h 45m;0;7229;9580;111
Vistara;1;6;2019;21:00;23:50;1;6;2h 50m;0;4668;9581;111
GoAir;24;3;2019;11:40;14:35;24;3;2h 55m;0;3898;9582;111
IndiGo;18;4;2019;22:10;01:00;19;4;2h 50m;0;4591;9583;111
Jet Airways;27;4;2019;17:45;20:45;27;4;3h;0;7229;9584;111
IndiGo;6;5;2019;23:30;02:20;7;5;2h 50m;0;4077;9585;111
GoAir;18;5;2019;20:55;23:40;18;5;2h 45m;0;4632;9586;111
Jet Airways;9;3;2019;19:55;22:35;9;3;2h 40m;0;7229;9587;111
Jet Airways;9;6;2019;07:10;10:10;9;6;3h;0;7229;9588;111
IndiGo;27;5;2019;00:30;03:25;27;5;2h 55m;0;3419;9589;111
Air Asia;12;5;2019;11:10;13:55;12;5;2h 45m;0;3383;9590;111
Jet Airways;18;4;2019;07:10;10:10;18;4;3h;0;7229;9591;111
IndiGo;12;6;2019;06:05;08:50;12;6;2h 45m;0;3943;9592;111
Jet Airways;1;6;2019;11:10;14:05;1;6;2h 55m;0;7229;9593;111
IndiGo;9;3;2019;07:10;10:05;9;3;2h 55m;0;7303;9594;111
Jet Airways;15;5;2019;17:45;20:45;15;5;3h;0;7229;9595;111
Jet Airways;12;6;2019;15:15;18:10;12;6;2h 55m;0;5769;9596;111
Jet Airways;3;6;2019;07:10;10:10;3;6;3h;0;5769;9597;111
Jet Airways;15;5;2019;06:00;08:45;15;5;2h 45m;0;7229;9598;111
Jet Airways;27;6;2019;07:10;10:10;27;6;3h;0;8016;9599;111
Vistara;18;4;2019;09:45;12:35;18;4;2h 50m;0;5403;9600;111
Air Asia;24;5;2019;04:55;07:45;24;5;2h 50m;0;3383;9601;111
Jet Airways;3;4;2019;07:10;10:10;3;4;3h;0;4544;9602;111
IndiGo;24;6;2019;23:30;02:20;25;6;2h 50m;0;3943;9603;111
IndiGo;27;5;2019;13:00;15:50;27;5;2h 50m;0;3943;9604;111
IndiGo;24;3;2019;06:00;08:45;24;3;2h 45m;0;4777;9605;111
Air India;18;4;2019;21:05;23:55;18;4;2h 50m;0;5228;9606;111
Air India;6;6;2019;21:05;23:55;6;6;2h 50m;0;6121;9607;111
IndiGo;9;6;2019;00:25;03:15;9;6;2h 50m;0;3943;9608;111
SpiceJet;1;6;2019;21:10;00:05;2;6;2h 55m;0;3573;9609;111
Jet Airways;24;5;2019;07:10;10:10;24;5;3h;0;4030;9610;111
Vistara;6;4;2019;19:30;22:15;6;4;2h 45m;0;5613;9611;111
IndiGo;24;3;2019;08:30;11:30;24;3;3h;0;6144;9612;111
Vistara;3;3;2019;21:10;00:05;7;3;2h 55m;0;7608;9613;111
Vistara;24;6;2019;17:00;19:35;24;6;2h 35m;0;4878;9614;111
SpiceJet;27;5;2019;21:10;00:05;28;5;2h 55m;0;3257;9615;111
Jet Airways;15;6;2019;06:00;08:45;15;6;2h 45m;0;7229;9616;111
IndiGo;24;3;2019;10:10;13:00;24;3;2h 50m;0;10067;9617;111
Air India;24;3;2019;17:00;19:45;24;3;2h 45m;0;7486;9618;111
IndiGo;24;4;2019;00:30;03:25;24;4;2h 55m;0;3419;9619;111
Jet Airways;18;4;2019;08:20;11:20;18;4;3h;0;7229;9620;111
Jet Airways;3;4;2019;08:20;11:20;3;4;3h;0;4544;9621;111
Jet Airways;27;5;2019;18:55;22:00;27;5;3h 5m;0;3359;9622;111
IndiGo;24;3;2019;07:10;10:05;24;3;2h 55m;0;6144;9623;111
Air India;24;3;2019;21:05;23:55;24;3;2h 50m;0;4441;9624;111
SpiceJet;3;6;2019;21:10;00:05;4;6;2h 55m;0;3257;9625;111
SpiceJet;15;4;2019;09:30;12:20;15;4;2h 50m;0;4423;9626;111
Air Asia;18;6;2019;11:10;13:55;18;6;2h 45m;0;3383;9627;111
Jet Airways;1;4;2019;18:55;22:00;1;4;3h 5m;0;7229;9628;111
Vistara;1;5;2019;07:00;09:40;1;5;2h 40m;0;4668;9629;111
Air India;18;4;2019;17:00;19:45;18;4;2h 45m;0;6121;9630;111
IndiGo;3;3;2019;22:20;01:10;7;3;2h 50m;0;7648;9631;111
SpiceJet;24;3;2019;09:35;12:30;24;3;2h 55m;0;3925;9632;111
Vistara;6;5;2019;09:45;12:35;6;5;2h 50m;0;4668;9633;111
Vistara;9;4;2019;19:30;22:15;9;4;2h 45m;0;5613;9634;111
IndiGo;24;3;2019;04:00;06:50;24;3;2h 50m;0;5694;9635;111
Air India;9;5;2019;13:20;16:10;9;5;2h 50m;0;6121;9636;111
IndiGo;3;3;2019;20:00;22:55;3;3;2h 55m;0;6860;9637;111
Air India;15;4;2019;21:05;23:55;15;4;2h 50m;0;5228;9638;111
Air India;3;4;2019;21:05;23:55;3;4;2h 50m;0;4441;9639;111
SpiceJet;18;6;2019;09:30;12:20;18;6;2h 50m;0;3257;9640;111
Jet Airways;15;5;2019;19:50;22:50;15;5;3h;0;4030;9641;111
Jet Airways;15;4;2019;11:10;14:05;15;4;2h 55m;0;7229;9642;111
IndiGo;24;3;2019;13:00;15:50;24;3;2h 50m;0;8033;9643;111
SpiceJet;3;6;2019;09:30;12:20;3;6;2h 50m;0;3971;9644;111
IndiGo;27;4;2019;01:30;04:15;27;4;2h 45m;0;4591;9645;111
Jet Airways;18;6;2019;17:45;20:45;18;6;3h;0;8016;9646;111
Jet Airways;1;6;2019;06:00;08:45;1;6;2h 45m;0;8016;9647;111
IndiGo;1;5;2019;18:25;21:20;1;5;2h 55m;0;4823;9648;111
Vistara;9;6;2019;09:45;12:35;9;6;2h 50m;0;4668;9649;111
Air Asia;9;4;2019;23:55;02:45;10;4;2h 50m;0;4483;9650;111
IndiGo;18;4;2019;13:00;15:50;18;4;2h 50m;0;4990;9651;111
IndiGo;6;5;2019;22:10;01:00;7;5;2h 50m;0;3419;9652;111
Air India;6;5;2019;06:10;08:55;6;5;2h 45m;0;6121;9653;111
Vistara;18;4;2019;21:00;23:50;18;4;2h 50m;0;5613;9654;111
IndiGo;6;6;2019;23:30;02:20;7;6;2h 50m;0;4591;9655;111
Air India;3;3;2019;06:10;08:55;3;3;2h 45m;0;8851;9656;111
IndiGo;18;5;2019;01:30;04:15;18;5;2h 45m;0;5780;9657;111
SpiceJet;6;4;2019;05:55;08:35;6;4;2h 40m;0;4423;9658;111
Air India;21;6;2019;10:00;12:45;21;6;2h 45m;0;6961;9659;111
GoAir;24;3;2019;07:45;10:40;24;3;2h 55m;0;4239;9660;111
Air India;21;6;2019;13:20;16:10;21;6;2h 50m;0;6961;9661;111
Jet Airways;12;4;2019;11:10;14:05;12;4;2h 55m;0;7229;9662;111
Air Asia;1;5;2019;04:55;07:45;1;5;2h 50m;0;4282;9663;111
IndiGo;15;6;2019;10:30;13:20;15;6;2h 50m;0;3943;9664;111
GoAir;9;4;2019;07:45;10:40;9;4;2h 55m;0;4632;9665;111
IndiGo;1;3;2019;21:20;00:15;2;3;2h 55m;0;12649;9666;111
IndiGo;21;5;2019;08:30;11:20;21;5;2h 50m;0;4823;9667;111
SpiceJet;15;5;2019;09:30;12:20;15;5;2h 50m;0;4423;9668;111
Vistara;15;3;2019;07:00;09:40;15;3;2h 40m;0;6138;9669;111
Air India;1;5;2019;13:20;16:10;1;5;2h 50m;0;6121;9670;111
Jet Airways;9;4;2019;17:45;20:45;9;4;3h;0;4544;9671;111
Jet Airways;12;5;2019;07:10;10:10;12;5;3h;0;7229;9672;111
Jet Airways;1;5;2019;15:15;18:10;1;5;2h 55m;0;7229;9673;111
Air India;6;6;2019;10:00;12:45;6;6;2h 45m;0;6961;9674;111
IndiGo;18;5;2019;22:10;01:00;19;5;2h 50m;0;3943;9675;111
Jet Airways;15;5;2019;18:55;22:00;15;5;3h 5m;0;4030;9676;111
SpiceJet;18;5;2019;05:55;08:35;18;5;2h 40m;0;3625;9677;111
Vistara;18;4;2019;17:00;19:35;18;4;2h 35m;0;5613;9678;111
Jet Airways;3;5;2019;15:15;18:10;3;5;2h 55m;0;4544;9679;111
IndiGo;18;4;2019;16:55;19:55;18;4;3h;0;4990;9680;111
IndiGo;24;5;2019;22:10;01:00;25;5;2h 50m;0;3419;9681;111
IndiGo;9;5;2019;08:30;11:20;9;5;2h 50m;0;4823;9682;111
IndiGo;3;3;2019;21:20;00:15;4;3;2h 55m;0;6144;9683;111
Air Asia;9;5;2019;04:55;07:45;9;5;2h 50m;0;4282;9684;111
Vistara;1;6;2019;11:30;14:20;1;6;2h 50m;0;4668;9685;111
Jet Airways;1;6;2019;17:45;20:45;1;6;3h;0;7229;9686;111
Air Asia;3;6;2019;23:55;02:45;4;6;2h 50m;0;7120;9687;111
IndiGo;21;4;2019;06:05;08:50;21;4;2h 45m;0;4423;9688;111
Air India;21;5;2019;21:05;23:55;21;5;2h 50m;0;5228;9689;111
SpiceJet;24;5;2019;09:30;12:20;24;5;2h 50m;0;3625;9690;111
SpiceJet;24;3;2019;09:35;12:30;24;3;2h 55m;0;4377;9691;111
IndiGo;12;6;2019;23:30;02:20;13;6;2h 50m;0;3943;9692;111
Jet Airways;27;4;2019;07:10;10:10;27;4;3h;0;7229;9693;111
IndiGo;18;6;2019;18:55;21:50;18;6;2h 55m;0;4823;9694;111
IndiGo;21;3;2019;13:00;15:50;21;3;2h 50m;0;5694;9695;111
IndiGo;27;4;2019;16:55;19:55;27;4;3h;0;4823;9696;111
IndiGo;24;6;2019;16:55;19:55;24;6;3h;0;4823;9697;111
Air Asia;6;6;2019;23:55;02:45;7;6;2h 50m;0;7120;9698;111
Vistara;9;6;2019;11:30;14:20;9;6;2h 50m;0;4668;9699;111
Vistara;24;5;2019;07:00;09:40;24;5;2h 40m;0;4668;9700;111
Vistara;12;5;2019;09:45;12:35;12;5;2h 50m;0;4668;9701;111
Jet Airways;24;6;2019;11:10;14:05;24;6;2h 55m;0;5769;9702;111
IndiGo;3;4;2019;18:25;21:20;3;4;2h 55m;0;4823;9703;111
Jet Airways;1;4;2019;07:10;10:10;1;4;3h;0;7229;9704;111
Vistara;21;6;2019;21:00;23:50;21;6;2h 50m;0;5613;9705;111
GoAir;9;3;2019;11:40;14:35;9;3;2h 55m;0;7305;9706;111
Jet Airways;12;4;2019;18:55;22:00;12;4;3h 5m;0;7229;9707;111
SpiceJet;3;3;2019;20:30;23:20;3;3;2h 50m;0;6860;9708;111
Vistara;1;5;2019;11:30;14:20;1;5;2h 50m;0;4668;9709;111
SpiceJet;27;4;2019;09:30;12:20;27;4;2h 50m;0;4991;9710;111
IndiGo;18;5;2019;20:00;22:50;18;5;2h 50m;0;4823;9711;111
SpiceJet;24;4;2019;05:55;08:35;24;4;2h 40m;0;3971;9712;111
Air India;21;5;2019;17:00;19:50;21;5;2h 50m;0;6961;9713;111
SpiceJet;12;6;2019;05:55;08:35;12;6;2h 40m;0;4423;9714;111
IndiGo;24;3;2019;13:00;15:50;24;3;2h 50m;0;5694;9715;111
Jet Airways;9;5;2019;17:45;20:45;9;5;3h;0;5198;9716;111
IndiGo;15;6;2019;18:25;21:20;15;6;2h 55m;0;4823;9717;111
Air India;9;4;2019;17:00;19:50;9;4;2h 50m;0;5911;9718;111
Air India;18;6;2019;21:05;23:55;18;6;2h 50m;0;5228;9719;111
Air Asia;9;3;2019;05:50;08:40;9;3;2h 50m;0;7652;9720;111
Jet Airways;24;3;2019;08:20;11:15;24;3;2h 55m;0;7229;9721;111
IndiGo;15;3;2019;08:30;11:30;15;3;3h;0;6860;9722;111
IndiGo;24;3;2019;01:30;04:15;24;3;2h 45m;0;4238;9723;111
SpiceJet;3;3;2019;20:30;23:20;3;3;2h 50m;0;6860;9724;111
Jet Airways;15;6;2019;15:15;18:10;15;6;2h 55m;0;8016;9725;111
Jet Airways;12;6;2019;06:00;08:45;12;6;2h 45m;0;8016;9726;111
Jet Airways;9;5;2019;11:10;14:05;9;5;2h 55m;0;7229;9727;111
IndiGo;3;3;2019;07:10;10:05;3;3;2h 55m;0;6860;9728;111
Air India;24;6;2019;06:10;08:55;24;6;2h 45m;0;6961;9729;111
Air Asia;6;5;2019;04:55;07:45;6;5;2h 50m;0;4282;9730;111
IndiGo;18;5;2019;16:55;19:55;18;5;3h;0;4823;9731;111
Jet Airways;3;5;2019;19:50;22:50;3;5;3h;0;6144;9732;111
Jet Airways;1;5;2019;11:10;14:05;1;5;2h 55m;0;7229;9733;111
Jet Airways;6;5;2019;15:15;18:10;6;5;2h 55m;0;7229;9734;111
IndiGo;15;3;2019;10:10;13:00;15;3;2h 50m;0;6144;9735;111
Jet Airways;3;5;2019;17:45;20:45;3;5;3h;0;7229;9736;111
IndiGo;12;4;2019;18:25;21:20;12;4;2h 55m;0;4990;9737;111
GoAir;24;3;2019;07:45;10:40;24;3;2h 55m;0;3898;9738;111
Jet Airways;9;5;2019;15:15;18:10;9;5;2h 55m;0;4544;9739;111
IndiGo;9;4;2019;08:30;11:20;9;4;2h 50m;0;4823;9740;111
GoAir;15;3;2019;20:55;23:50;15;3;2h 55m;0;8722;9741;111
Air India;9;6;2019;21:05;23:55;9;6;2h 50m;0;5228;9742;111
Jet Airways;18;5;2019;11:10;14:05;18;5;2h 55m;0;5198;9743;111
Vistara;27;4;2019;09:45;12:35;27;4;2h 50m;0;5613;9744;111
IndiGo;9;3;2019;16:55;19:45;9;3;2h 50m;0;10067;9745;111
SpiceJet;12;4;2019;09:30;12:20;12;4;2h 50m;0;4885;9746;111
IndiGo;24;3;2019;16:55;19:45;24;3;2h 50m;0;7303;9747;111
IndiGo;24;4;2019;16:55;19:55;24;4;3h;0;4823;9748;111
IndiGo;24;3;2019;08:30;11:30;24;3;3h;0;7303;9749;111
IndiGo;6;6;2019;13:00;15:50;6;6;2h 50m;0;3943;9750;111
Air Asia;1;5;2019;23:55;02:45;2;5;2h 50m;0;4483;9751;111
Jet Airways;3;6;2019;08:20;11:20;3;6;3h;0;5769;9752;111
Vistara;1;4;2019;07:00;09:40;1;4;2h 40m;0;5403;9753;111
Jet Airways;9;4;2019;19:50;22:50;9;4;3h;0;4544;9754;111
Jet Airways;15;4;2019;17:45;20:45;15;4;3h;0;4544;9755;111
IndiGo;3;4;2019;00:30;03:25;3;4;2h 55m;0;3419;9756;111
Jet Airways;24;3;2019;18:55;21:55;24;3;3h;0;7229;9757;111
IndiGo;21;6;2019;23:30;02:20;22;6;2h 50m;0;4077;9758;111
IndiGo;6;6;2019;07:10;10:05;6;6;2h 55m;0;4823;9759;111
IndiGo;15;5;2019;00:30;03:25;15;5;2h 55m;0;3419;9760;111
SpiceJet;1;6;2019;09:30;12:20;1;6;2h 50m;0;3971;9761;111
IndiGo;1;5;2019;06:05;08:50;1;5;2h 45m;0;4423;9762;111
Vistara;27;5;2019;09:45;12:35;27;5;2h 50m;0;4668;9763;111
IndiGo;21;4;2019;10:10;13:00;21;4;2h 50m;0;4591;9764;111
IndiGo;1;6;2019;04:00;06:50;1;6;2h 50m;0;3943;9765;111
Jet Airways;3;5;2019;06:00;08:45;3;5;2h 45m;0;7229;9766;111
GoAir;1;6;2019;20:55;23:40;1;6;2h 45m;0;3898;9767;111
IndiGo;1;5;2019;10:10;13:00;1;5;2h 50m;0;3943;9768;111
IndiGo;9;3;2019;20:00;22:55;9;3;2h 55m;0;6144;9769;111
GoAir;27;4;2019;07:45;10:40;27;4;2h 55m;0;5048;9770;111
Jet Airways;1;5;2019;18:55;22:00;1;5;3h 5m;0;7229;9771;111
Jet Airways;24;6;2019;08:20;11:20;24;6;3h;0;5769;9772;111
IndiGo;27;6;2019;13:00;15:50;27;6;2h 50m;0;3943;9773;111
Air India;24;3;2019;21:10;23:55;24;3;2h 45m;0;4441;9774;111
IndiGo;1;3;2019;08:30;11:30;1;3;3h;0;10067;9775;111
Jet Airways;9;3;2019;18:20;21:00;9;3;2h 40m;0;8016;9776;111
SpiceJet;21;3;2019;09:35;12:30;21;3;2h 55m;0;4839;9777;111
Air India;3;4;2019;17:00;19:45;3;4;2h 45m;0;5176;9778;111
Vistara;9;3;2019;09:50;12:35;9;3;2h 45m;0;11598;9779;111
Jet Airways;15;6;2019;11:10;14:05;15;6;2h 55m;0;7229;9780;111
IndiGo;6;5;2019;01:30;04:15;6;5;2h 45m;0;4284;9781;111
Jet Airways;27;6;2019;11:10;14:05;27;6;2h 55m;0;5769;9782;111
Jet Airways;15;4;2019;15:15;18:10;15;4;2h 55m;0;4544;9783;111
SpiceJet;18;5;2019;09:30;12:20;18;5;2h 50m;0;4423;9784;111
IndiGo;6;5;2019;06:05;08:50;6;5;2h 45m;0;4423;9785;111
IndiGo;18;6;2019;16:55;19:55;18;6;3h;0;4823;9786;111
Vistara;18;4;2019;19:30;22:15;18;4;2h 45m;0;5823;9787;111
Air India;18;3;2019;17:00;19:45;18;3;2h 45m;0;11633;9788;111
Air India;21;6;2019;06:10;08:55;21;6;2h 45m;0;6961;9789;111
Air India;15;6;2019;10:00;12:45;15;6;2h 45m;0;6961;9790;111
Air India;9;4;2019;21:05;23:55;9;4;2h 50m;0;4441;9791;111
Vistara;27;6;2019;19:30;22:15;27;6;2h 45m;0;5088;9792;111
Air India;24;3;2019;06:10;08:55;24;3;2h 45m;0;4441;9793;111
IndiGo;24;3;2019;10:10;13:00;24;3;2h 50m;0;5734;9794;111
Jet Airways;21;4;2019;17:45;20:45;21;4;3h;0;7229;9795;111
IndiGo;3;5;2019;08:30;11:20;3;5;2h 50m;0;4823;9796;111
IndiGo;24;4;2019;18:55;21:50;24;4;2h 55m;0;4823;9797;111
Jet Airways;15;4;2019;18:55;22:00;15;4;3h 5m;0;4544;9798;111
Vistara;21;5;2019;07:00;09:40;21;5;2h 40m;0;4668;9799;111
Vistara;9;3;2019;07:00;09:40;9;3;2h 40m;0;7975;9800;111
Jet Airways;9;5;2019;19:50;22:50;9;5;3h;0;3502;9801;111
Air India;24;4;2019;13:20;16:10;24;4;2h 50m;0;6121;9802;111
IndiGo;9;4;2019;22:10;01:00;10;4;2h 50m;0;3943;9803;111
IndiGo;12;5;2019;22:10;01:00;13;5;2h 50m;0;4284;9804;111
Jet Airways;12;5;2019;19:50;22:50;12;5;3h;0;3502;9805;111
IndiGo;21;3;2019;06:00;08:45;21;3;2h 45m;0;5734;9806;111
Jet Airways;1;6;2019;06:00;08:45;1;6;2h 45m;0;7229;9807;111
IndiGo;15;4;2019;20:00;22:50;15;4;2h 50m;0;4823;9808;111
Jet Airways;27;5;2019;06:00;08:45;27;5;2h 45m;0;7229;9809;111
Jet Airways;9;4;2019;11:10;14:05;9;4;2h 55m;0;7229;9810;111
Vistara;24;5;2019;21:00;23:50;24;5;2h 50m;0;5613;9811;111
Vistara;12;5;2019;11:30;14:20;12;5;2h 50m;0;4668;9812;111
IndiGo;9;3;2019;23:30;02:20;13;3;2h 50m;0;4777;9813;111
Air Asia;1;3;2019;23:25;02:10;2;3;2h 45m;0;10873;9814;111
IndiGo;27;5;2019;08:30;11:20;27;5;2h 50m;0;4823;9815;111
Jet Airways;27;4;2019;18:55;22:00;27;4;3h 5m;0;4544;9816;111
Jet Airways;6;4;2019;18:55;22:00;6;4;3h 5m;0;4544;9817;111
Vistara;18;3;2019;16:00;18:35;18;3;2h 35m;0;11913;9818;111
Air Asia;1;6;2019;23:55;02:45;2;6;2h 50m;0;7120;9819;111
IndiGo;6;6;2019;21:15;00:15;7;6;3h;0;3943;9820;111
Jet Airways;21;5;2019;07:10;10:10;21;5;3h;0;4030;9821;111
Air India;3;3;2019;21:10;23:55;3;3;2h 45m;0;7591;9822;111
IndiGo;3;6;2019;00:25;03:15;3;6;2h 50m;0;3943;9823;111
GoAir;24;3;2019;07:45;10:40;24;3;2h 55m;0;5048;9824;111
SpiceJet;1;6;2019;09:30;12:20;1;6;2h 50m;0;3919;9825;111
IndiGo;27;6;2019;22:10;01:00;28;6;2h 50m;0;3419;9826;111
IndiGo;9;6;2019;21:15;00:15;10;6;3h;0;3943;9827;111
Jet Airways;18;5;2019;17:45;20:45;18;5;3h;0;7229;9828;111
Air India;18;3;2019;10:00;12:45;18;3;2h 45m;0;4441;9829;111
Jet Airways;6;4;2019;18:55;22:00;6;4;3h 5m;0;7229;9830;111
SpiceJet;18;4;2019;21:10;00:05;19;4;2h 55m;0;5515;9831;111
Air India;24;4;2019;10:00;12:45;24;4;2h 45m;0;6121;9832;111
Jet Airways;6;4;2019;19:50;22:50;6;4;3h;0;4544;9833;111
GoAir;6;4;2019;07:45;10:40;6;4;2h 55m;0;4632;9834;111
Jet Airways;27;5;2019;07:10;10:10;27;5;3h;0;4030;9835;111
GoAir;24;4;2019;20:55;23:40;24;4;2h 45m;0;3419;9836;111
Vistara;12;6;2019;19:30;22:15;12;6;2h 45m;0;4878;9837;111
IndiGo;1;3;2019;18:25;21:20;1;3;2h 55m;0;12649;9838;111
Jet Airways;27;4;2019;17:45;20:45;27;4;3h;0;4544;9839;111
IndiGo;15;6;2019;10:10;13:00;15;6;2h 50m;0;3943;9840;111
SpiceJet;15;5;2019;05:55;08:35;15;5;2h 40m;0;3311;9841;111
Jet Airways;27;5;2019;08:20;11:20;27;5;3h;0;4030;9842;111
IndiGo;24;6;2019;01:30;04:15;24;6;2h 45m;0;3943;9843;111
IndiGo;18;4;2019;00:30;03:25;18;4;2h 55m;0;4423;9844;111
IndiGo;24;3;2019;23:30;02:20;28;3;2h 50m;0;5694;9845;111
IndiGo;1;4;2019;04:00;06:50;1;4;2h 50m;0;3943;9846;111
IndiGo;9;3;2019;04:00;06:50;9;3;2h 50m;0;4777;9847;111
IndiGo;3;3;2019;00:40;03:25;3;3;2h 45m;0;6860;9848;111
Air India;3;3;2019;10:00;12:45;3;3;2h 45m;0;11423;9849;111
SpiceJet;18;4;2019;21:10;00:05;19;4;2h 55m;0;5621;9850;111
Air India;9;5;2019;17:00;19:45;9;5;2h 45m;0;5228;9851;111
Air Asia;27;4;2019;11:10;13:55;27;4;2h 45m;0;4483;9852;111
Jet Airways;15;5;2019;15:15;18:10;15;5;2h 55m;0;7229;9853;111
Vistara;24;4;2019;07:00;09:40;24;4;2h 40m;0;5403;9854;111
SpiceJet;6;4;2019;09:30;12:20;6;4;2h 50m;0;4423;9855;111
SpiceJet;21;4;2019;09:30;12:20;21;4;2h 50m;0;4991;9856;111
SpiceJet;18;3;2019;20:30;23:20;18;3;2h 50m;0;4377;9857;111
SpiceJet;27;6;2019;05:55;08:35;27;6;2h 40m;0;3573;9858;111
Air Asia;21;5;2019;04:55;07:45;21;5;2h 50m;0;3383;9859;111
Jet Airways;12;5;2019;08:20;11:20;12;5;3h;0;7229;9860;111
Air India;12;5;2019;06:10;08:55;12;5;2h 45m;0;5228;9861;111
Air India;15;3;2019;06:10;08:55;15;3;2h 45m;0;7276;9862;111
Air India;18;6;2019;05:45;08:45;18;6;3h;0;6961;9863;111
IndiGo;21;3;2019;10:10;13:00;21;3;2h 50m;0;4777;9864;111
IndiGo;27;4;2019;18:25;21:20;27;4;2h 55m;0;4823;9865;111
IndiGo;15;5;2019;08:30;11:20;15;5;2h 50m;0;4823;9866;111
SpiceJet;1;4;2019;05:55;08:35;1;4;2h 40m;0;3919;9867;111
Air Asia;27;6;2019;23:55;02:45;28;6;2h 50m;0;3383;9868;111
IndiGo;15;4;2019;18:55;21:50;15;4;2h 55m;0;4823;9869;111
Air India;1;5;2019;21:05;23:55;1;5;2h 50m;0;6121;9870;111
IndiGo;9;3;2019;01:30;04:15;9;3;2h 45m;0;6860;9871;111
Air India;15;5;2019;10:00;12:45;15;5;2h 45m;0;6961;9872;111
Vistara;3;5;2019;11:30;14:20;3;5;2h 50m;0;4668;9873;111
Jet Airways;6;4;2019;08:20;11:20;6;4;3h;0;4544;9874;111
Vistara Premium economy;6;4;2019;11:30;14:20;6;4;2h 50m;0;5969;9875;111
Air Asia;24;6;2019;11:10;13:55;24;6;2h 45m;0;3383;9876;111
Vistara;6;6;2019;11:30;14:20;6;6;2h 50m;0;4668;9877;111
IndiGo;21;4;2019;04:00;06:50;21;4;2h 50m;0;4423;9878;111
IndiGo;12;4;2019;16:55;19:55;12;4;3h;0;4990;9879;111
IndiGo;21;4;2019;00:30;03:25;21;4;2h 55m;0;3943;9880;111
Vistara;24;3;2019;16:00;18:35;24;3;2h 35m;0;11913;9881;111
IndiGo;9;3;2019;18:55;21:45;9;3;2h 50m;0;6860;9882;111
Vistara;18;5;2019;17:00;19:35;18;5;2h 35m;0;4878;9883;111
IndiGo;21;6;2019;13:00;15:50;21;6;2h 50m;0;3943;9884;111
IndiGo;1;3;2019;16:55;19:45;1;3;2h 50m;0;12649;9885;111
IndiGo;6;4;2019;20:00;22:50;6;4;2h 50m;0;4823;9886;111
IndiGo;9;6;2019;20:00;22:50;9;6;2h 50m;0;4823;9887;111
Air Asia;24;3;2019;23:25;02:10;25;3;2h 45m;0;4482;9888;111
GoAir;18;6;2019;07:45;10:40;18;6;2h 55m;0;3419;9889;111
Air Asia;9;6;2019;23:55;02:45;10;6;2h 50m;0;7120;9890;111
SpiceJet;9;4;2019;09:30;12:20;9;4;2h 50m;0;4423;9891;111
SpiceJet;15;4;2019;09:30;12:20;15;4;2h 50m;0;4319;9892;111
Jet Airways;15;5;2019;08:20;11:20;15;5;3h;0;7229;9893;111
SpiceJet;18;4;2019;09:30;12:20;18;4;2h 50m;0;5515;9894;111
Air Asia;1;6;2019;11:10;13:55;1;6;2h 45m;0;4483;9895;111
IndiGo;12;4;2019;04:00;06:50;12;4;2h 50m;0;4423;9896;111
Vistara;15;6;2019;09:45;12:35;15;6;2h 50m;0;4878;9897;111
Jet Airways;18;5;2019;15:15;18:10;18;5;2h 55m;0;4544;9898;111
Jet Airways;24;5;2019;18:55;22:00;24;5;3h 5m;0;6144;9899;111
GoAir;15;3;2019;07:45;10:40;15;3;2h 55m;0;5706;9900;111
Jet Airways;1;6;2019;15:15;18:10;1;6;2h 55m;0;7229;9901;111
Jet Airways;24;4;2019;18:55;22:00;24;4;3h 5m;0;4544;9902;111
Jet Airways;27;5;2019;17:45;20:45;27;5;3h;0;7229;9903;111
Jet Airways;6;4;2019;07:10;10:10;6;4;3h;0;4544;9904;111
Jet Airways;24;3;2019;02:00;04:45;24;3;2h 45m;0;7229;9905;111
Vistara;1;6;2019;09:45;12:35;1;6;2h 50m;0;4878;9906;111
IndiGo;15;4;2019;08:30;11:20;15;4;2h 50m;0;4823;9907;111
Jet Airways;21;6;2019;11:10;14:05;21;6;2h 55m;0;5769;9908;111
SpiceJet;24;6;2019;05:55;08:35;24;6;2h 40m;0;3625;9909;111
Jet Airways;6;6;2019;18:55;22:00;6;6;3h 5m;0;8016;9910;111
IndiGo;9;3;2019;10:30;13:20;9;3;2h 50m;0;6860;9911;111
IndiGo;27;6;2019;18:55;21:50;27;6;2h 55m;0;4990;9912;111
IndiGo;24;3;2019;16:55;19:45;24;3;2h 50m;0;7303;9913;111
Jet Airways;9;6;2019;08:20;11:20;9;6;3h;0;7229;9914;111
IndiGo;6;4;2019;08:30;11:20;6;4;2h 50m;0;4823;9915;111
Jet Airways;24;6;2019;15:15;18:10;24;6;2h 55m;0;5769;9916;111
IndiGo;1;3;2019;13:00;15:50;1;3;2h 50m;0;19685;9917;111
Air India;1;3;2019;21:10;23:55;1;3;2h 45m;0;25703;9918;111
SpiceJet;27;5;2019;21:10;00:05;28;5;2h 55m;0;3311;9919;111
Vistara;12;6;2019;09:45;12:35;12;6;2h 50m;0;4668;9920;111
SpiceJet;24;6;2019;09:30;12:20;24;6;2h 50m;0;3625;9921;111
Jet Airways;6;6;2019;07:10;10:10;6;6;3h;0;8016;9922;111
GoAir;15;4;2019;20:55;23:40;15;4;2h 45m;0;3898;9923;111
SpiceJet;18;3;2019;05:45;08:35;18;3;2h 50m;0;4273;9924;111
SpiceJet;24;5;2019;05:55;08:35;24;5;2h 40m;0;3311;9925;111
Air Asia;18;5;2019;23:55;02:45;19;5;2h 50m;0;4483;9926;111
IndiGo;3;3;2019;07:10;10:05;3;3;2h 55m;0;7648;9927;111
Jet Airways;21;6;2019;19:50;22:50;21;6;3h;0;8541;9928;111
SpiceJet;27;5;2019;09:30;12:20;27;5;2h 50m;0;3573;9929;111
Vistara;12;4;2019;11:30;14:20;12;4;2h 50m;0;5403;9930;111
Jet Airways;24;6;2019;06:00;08:45;24;6;2h 45m;0;5769;9931;111
Jet Airways;27;4;2019;08:20;11:20;27;4;3h;0;5198;9932;111
Air India;12;6;2019;21:05;23:55;12;6;2h 50m;0;5228;9933;111
Jet Airways;6;6;2019;19:50;22:50;6;6;3h;0;8016;9934;111
Vistara;12;6;2019;17:00;19:35;12;6;2h 35m;0;4878;9935;111
SpiceJet;1;4;2019;09:30;12:20;1;4;2h 50m;0;3971;9936;111
SpiceJet;1;5;2019;09:30;12:20;1;5;2h 50m;0;4423;9937;111
IndiGo;21;5;2019;10:10;13:00;21;5;2h 50m;0;3943;9938;111
IndiGo;24;3;2019;04:00;06:50;24;3;2h 50m;0;4777;9939;111
Vistara;3;3;2019;16:00;18:35;3;3;2h 35m;0;13383;9940;111
Air Asia;3;3;2019;23:25;02:10;7;3;2h 45m;0;6477;9941;111
Jet Airways;18;5;2019;19:50;22:50;18;5;3h;0;5198;9942;111
Air Asia;15;6;2019;11:10;13:55;15;6;2h 45m;0;3383;9943;111
Jet Airways;9;6;2019;08:20;11:20;9;6;3h;0;8016;9944;111
GoAir;12;5;2019;20:55;23:40;12;5;2h 45m;0;3419;9945;111
Vistara;3;6;2019;07:00;09:40;3;6;2h 40m;0;4668;9946;111
IndiGo;3;3;2019;13:00;15:50;3;3;2h 50m;0;7648;9947;111
Air India;15;4;2019;10:00;12:45;15;4;2h 45m;0;6121;9948;111
IndiGo;3;5;2019;21:15;00:15;4;5;3h;0;3943;9949;111
Vistara;9;4;2019;07:00;09:40;9;4;2h 40m;0;5403;9950;111
Vistara;27;4;2019;11:30;14:20;27;4;2h 50m;0;5403;9951;111
Vistara;27;6;2019;21:00;23:50;27;6;2h 50m;0;4878;9952;111
IndiGo;24;3;2019;01:30;04:15;24;3;2h 45m;0;4777;9953;111
IndiGo;24;5;2019;18:25;21:20;24;5;2h 55m;0;4823;9954;111
IndiGo;9;3;2019;00:40;03:25;9;3;2h 45m;0;4545;9955;111
Jet Airways;24;5;2019;08:20;11:20;24;5;3h;0;4030;9956;111
Jet Airways;1;6;2019;18:55;22:00;1;6;3h 5m;0;7229;9957;111
Air India;15;6;2019;17:00;19:45;15;6;2h 45m;0;7171;9958;111
Jet Airways;9;6;2019;17:45;20:45;9;6;3h;0;8016;9959;111
Air Asia;3;6;2019;11:10;13:55;3;6;2h 45m;0;4483;9960;111
Jet Airways;12;6;2019;06:00;08:45;12;6;2h 45m;0;6478;9961;111
Jet Airways;3;6;2019;19:50;22:50;3;6;3h;0;8016;9962;111
Air India;15;5;2019;06:10;08:55;15;5;2h 45m;0;6961;9963;111
IndiGo;3;6;2019;18:25;21:20;3;6;2h 55m;0;4823;9964;111
GoAir;27;6;2019;07:45;10:40;27;6;2h 55m;0;3419;9965;111
Jet Airways;24;4;2019;19:50;22:50;24;4;3h;0;4544;9966;111
Jet Airways;27;4;2019;19:50;22:50;27;4;3h;0;4544;9967;111
Vistara;1;3;2019;19:40;22:20;1;3;2h 40m;0;21730;9968;111
IndiGo;18;6;2019;04:00;06:50;18;6;2h 50m;0;3943;9969;111
SpiceJet;18;6;2019;05:55;08:35;18;6;2h 40m;0;3573;9970;111
IndiGo;3;5;2019;00:30;03:25;3;5;2h 55m;0;3943;9971;111
Vistara;6;6;2019;07:00;09:40;6;6;2h 40m;0;4668;9972;111
Air India;27;4;2019;10:00;12:45;27;4;2h 45m;0;5228;9973;111
IndiGo;12;6;2019;18:55;21:50;12;6;2h 55m;0;4823;9974;111
Air India;21;6;2019;21:05;23:55;21;6;2h 50m;0;5228;9975;111
Jet Airways;18;6;2019;07:10;10:10;18;6;3h;0;8016;9976;111
Jet Airways;15;6;2019;17:45;20:45;15;6;3h;0;8016;9977;111
Air India;1;4;2019;17:00;19:45;1;4;2h 45m;0;5176;9978;111
Air Asia;21;5;2019;23:55;02:45;22;5;2h 50m;0;3383;9979;111
Vistara;9;5;2019;09:45;12:35;9;5;2h 50m;0;4668;9980;111
SpiceJet;9;4;2019;09:30;12:20;9;4;2h 50m;0;4319;9981;111
Vistara;27;5;2019;07:00;09:40;27;5;2h 40m;0;4668;9982;111
Jet Airways;1;5;2019;11:10;14:05;1;5;2h 55m;0;4030;9983;111
Jet Airways;9;5;2019;19:50;22:50;9;5;3h;0;7229;9984;111
Jet Airways;27;6;2019;19:50;22:50;27;6;3h;0;7229;9985;111
Air Asia;6;6;2019;04:55;07:45;6;6;2h 50m;0;4282;9986;111
Air India;15;6;2019;06:10;08:55;15;6;2h 45m;0;6961;9987;111
Jet Airways;15;5;2019;08:20;11:20;15;5;3h;0;4030;9988;111
Air India;24;4;2019;21:05;23:55;24;4;2h 50m;0;5228;9989;111
Vistara;1;4;2019;09:45;12:35;1;4;2h 50m;0;5403;9990;111
IndiGo;9;3;2019;16:55;19:45;9;3;2h 50m;0;7648;9991;111
IndiGo;6;5;2019;10:10;13:00;6;5;2h 50m;0;3943;9992;111
GoAir;12;6;2019;07:45;10:40;12;6;2h 55m;0;3419;9993;111
Air India;12;6;2019;10:00;12:45;12;6;2h 45m;0;6961;9994;111
IndiGo;24;5;2019;07:10;10:05;24;5;2h 55m;0;4823;9995;111
Air Asia;21;4;2019;23:55;02:45;22;4;2h 50m;0;4483;9996;111
IndiGo;21;5;2019;20:00;22:50;21;5;2h 50m;0;4823;9997;111
IndiGo;27;6;2019;04:00;06:50;27;6;2h 50m;0;3943;9998;111
Air Asia;27;5;2019;23:55;02:45;28;5;2h 50m;0;3383;9999;111
Jet Airways;12;6;2019;15:15;18:10;12;6;2h 55m;0;8016;10000;111
IndiGo;15;5;2019;22:10;01:00;16;5;2h 50m;0;3419;10001;111
Air India;1;3;2019;13:20;16:10;1;3;2h 50m;0;12526;10002;111
Vistara;9;3;2019;11:30;14:10;9;3;2h 40m;0;9918;10003;111
Air India;24;3;2019;13:20;16:10;24;3;2h 50m;0;7276;10004;111
Vistara;3;6;2019;17:00;19:35;3;6;2h 35m;0;4878;10005;111
IndiGo;1;4;2019;16:55;19:55;1;4;3h;0;4823;10006;111
Jet Airways;24;6;2019;18:55;22:00;24;6;3h 5m;0;6478;10007;111
Jet Airways;15;4;2019;17:45;20:45;15;4;3h;0;7229;10008;111
Air Asia;15;5;2019;04:55;07:45;15;5;2h 50m;0;4282;10009;111
Jet Airways;12;5;2019;11:10;14:05;12;5;2h 55m;0;5198;10010;111
Jet Airways;18;6;2019;19:50;22:50;18;6;3h;0;8016;10011;111
SpiceJet;9;5;2019;09:30;12:20;9;5;2h 50m;0;4885;10012;111
IndiGo;12;6;2019;00:30;03:25;12;6;2h 55m;0;3419;10013;111
IndiGo;6;6;2019;04:00;06:50;6;6;2h 50m;0;3943;10014;111
IndiGo;3;3;2019;16:55;19:45;3;3;2h 50m;0;8855;10015;111
SpiceJet;3;6;2019;09:30;12:20;3;6;2h 50m;0;3919;10016;111
SpiceJet;21;4;2019;05:55;08:35;21;4;2h 40m;0;4319;10017;111
Jet Airways;21;5;2019;11:10;14:05;21;5;2h 55m;0;7229;10018;111
Jet Airways;9;6;2019;17:45;20:45;9;6;3h;0;7229;10019;111
Jet Airways;15;6;2019;08:20;11:20;15;6;3h;0;8016;10020;111
Jet Airways;21;6;2019;08:20;11:20;21;6;3h;0;8016;10021;111
SpiceJet;15;6;2019;05:55;08:35;15;6;2h 40m;0;4423;10022;111
SpiceJet;27;5;2019;09:30;12:20;27;5;2h 50m;0;3625;10023;111
Jet Airways;1;6;2019;08:20;11:20;1;6;3h;0;7229;10024;111
Vistara;15;3;2019;09:50;12:35;15;3;2h 45m;0;6138;10025;111
IndiGo;21;5;2019;07:10;10:05;21;5;2h 55m;0;4823;10026;111
Jet Airways;27;6;2019;08:20;11:20;27;6;3h;0;6478;10027;111
IndiGo;9;6;2019;18:55;21:50;9;6;2h 55m;0;4823;10028;111
GoAir;12;5;2019;07:45;10:40;12;5;2h 55m;0;3898;10029;111
IndiGo;1;6;2019;00:25;03:15;1;6;2h 50m;0;4077;10030;111
SpiceJet;9;3;2019;20:30;23:20;9;3;2h 50m;0;6205;10031;111
IndiGo;15;4;2019;13:00;15:50;15;4;2h 50m;0;4591;10032;111
Air Asia;24;3;2019;11:10;13:55;24;3;2h 45m;0;3383;10033;111
IndiGo;24;5;2019;18:55;21:50;24;5;2h 55m;0;4823;10034;111
Jet Airways;24;6;2019;19:50;22:50;24;6;3h;0;6478;10035;111
Air India;18;3;2019;21:05;23:55;18;3;2h 50m;0;4441;10036;111
Jet Airways;9;6;2019;11:10;14:05;9;6;2h 55m;0;8016;10037;111
Air India;6;4;2019;17:00;19:45;6;4;2h 45m;0;4651;10038;111
GoAir;3;3;2019;20:55;23:50;3;3;2h 55m;0;7222;10039;111
SpiceJet;24;4;2019;21:10;00:05;25;4;2h 55m;0;3625;10040;111
Jet Airways;6;5;2019;17:45;20:45;6;5;3h;0;7229;10041;111
IndiGo;24;3;2019;21:20;00:15;22;3;2h 55m;0;4777;10042;111
IndiGo;9;3;2019;22:20;01:10;10;3;2h 50m;0;6144;10043;111
Air India;1;4;2019;13:20;16:10;1;4;2h 50m;0;5911;10044;111
IndiGo;6;4;2019;10:30;13:20;6;4;2h 50m;0;4423;10045;111
Air Asia;27;5;2019;11:10;13:55;27;5;2h 45m;0;3383;10046;111
Jet Airways;18;4;2019;11:10;14:05;18;4;2h 55m;0;7229;10047;111
Jet Airways;9;4;2019;19:50;22:50;9;4;3h;0;7229;10048;111
Air Asia;9;5;2019;11:10;13:55;9;5;2h 45m;0;3383;10049;111
Air Asia;18;5;2019;04:55;07:45;18;5;2h 50m;0;4282;10050;111
SpiceJet;21;6;2019;21:10;00:05;22;6;2h 55m;0;3919;10051;111
GoAir;1;4;2019;20:55;23:40;1;4;2h 45m;0;4239;10052;111
Jet Airways;9;5;2019;07:10;10:10;9;5;3h;0;7229;10053;111
GoAir;15;4;2019;07:45;10:40;15;4;2h 55m;0;4632;10054;111
IndiGo;18;4;2019;20:00;22:50;18;4;2h 50m;0;4823;10055;111
Jet Airways;27;4;2019;19:50;22:50;27;4;3h;0;7229;10056;111
IndiGo;3;6;2019;01:30;04:15;3;6;2h 45m;0;3943;10057;111
SpiceJet;15;5;2019;21:10;00:05;16;5;2h 55m;0;3573;10058;111
Jet Airways;9;5;2019;08:20;11:20;9;5;3h;0;7229;10059;111
Air India;12;5;2019;13:20;16:10;12;5;2h 50m;0;6121;10060;111
IndiGo;24;4;2019;22:10;01:00;25;4;2h 50m;0;3625;10061;111
Vistara;18;3;2019;21:10;00:05;16;3;2h 55m;0;11598;10062;111
Air India;15;3;2019;13:20;16:10;15;3;2h 50m;0;7276;10063;111
Air India;3;3;2019;13:20;16:10;3;3;2h 50m;0;12841;10064;111
IndiGo;6;4;2019;10:10;13:00;6;4;2h 50m;0;4423;10065;111
Vistara;6;4;2019;17:00;19:35;6;4;2h 35m;0;5613;10066;111
Jet Airways;15;4;2019;18:55;22:00;15;4;3h 5m;0;7229;10067;111
SpiceJet;24;4;2019;09:30;12:20;24;4;2h 50m;0;3971;10068;111
IndiGo;12;6;2019;10:10;13:00;12;6;2h 50m;0;3943;10069;111
SpiceJet;21;6;2019;09:30;12:20;21;6;2h 50m;0;3625;10070;111
IndiGo;18;4;2019;10:10;13:00;18;4;2h 50m;0;4591;10071;111
IndiGo;1;6;2019;10:30;13:20;1;6;2h 50m;0;3943;10072;111
GoAir;24;4;2019;07:45;10:40;24;4;2h 55m;0;4632;10073;111
IndiGo;15;4;2019;04:00;06:50;15;4;2h 50m;0;4423;10074;111
Vistara;21;3;2019;11:30;14:10;21;3;2h 40m;0;5403;10075;111
Air India;9;3;2019;10:00;12:45;9;3;2h 45m;0;7801;10076;111
IndiGo;21;4;2019;18:25;21:20;21;4;2h 55m;0;4823;10077;111
SpiceJet;21;6;2019;05:55;08:35;21;6;2h 40m;0;3919;10078;111
IndiGo;9;3;2019;10:05;13:00;9;3;2h 55m;0;6860;10079;111
IndiGo;3;3;2019;06:00;08:45;3;3;2h 45m;0;6144;10080;111
IndiGo;9;4;2019;01:30;04:15;9;4;2h 45m;0;3419;10081;111
GoAir;24;4;2019;11:40;14:30;24;4;2h 50m;0;3898;10082;111
IndiGo;24;3;2019;22:20;01:10;25;3;2h 50m;0;7303;10083;111
Jet Airways;9;5;2019;06:00;08:45;9;5;2h 45m;0;4030;10084;111
Jet Airways;1;4;2019;19:50;22:50;1;4;3h;0;4544;10085;111
Jet Airways;9;5;2019;18:55;22:00;9;5;3h 5m;0;7229;10086;111
IndiGo;15;3;2019;23:30;02:20;16;3;2h 50m;0;8033;10087;111
Jet Airways;21;5;2019;15:50;18:45;21;5;2h 55m;0;7229;10088;111
IndiGo;21;5;2019;21:15;00:15;22;5;3h;0;3943;10089;111
IndiGo;3;3;2019;01:30;04:15;3;3;2h 45m;0;6144;10090;111
Air Asia;6;4;2019;11:10;13:55;6;4;2h 45m;0;3383;10091;111
GoAir;9;6;2019;20:55;23:40;9;6;2h 45m;0;3898;10092;111
Jet Airways;6;5;2019;07:10;10:10;6;5;3h;0;7229;10093;111
Air Asia;18;4;2019;23:55;02:45;19;4;2h 50m;0;4483;10094;111
Jet Airways;21;6;2019;18:55;22:00;21;6;3h 5m;0;7754;10095;111
IndiGo;3;3;2019;08:30;11:30;3;3;3h;0;6860;10096;111
IndiGo;12;6;2019;04:00;06:50;12;6;2h 50m;0;3943;10097;111
Jet Airways;6;4;2019;19:50;22:50;6;4;3h;0;7229;10098;111
IndiGo;9;3;2019;23:30;02:20;10;3;2h 50m;0;5694;10099;111
Vistara;6;5;2019;11:30;14:20;6;5;2h 50m;0;4668;10100;111
SpiceJet;21;3;2019;09:35;12:30;21;3;2h 55m;0;4945;10101;111
GoAir;3;4;2019;20:55;23:40;3;4;2h 45m;0;4239;10102;111
Jet Airways;24;5;2019;17:45;20:45;24;5;3h;0;7229;10103;111
IndiGo;12;4;2019;06:05;08:50;12;4;2h 45m;0;4990;10104;111
Vistara;1;4;2019;21:00;23:50;1;4;2h 50m;0;5403;10105;111
IndiGo;15;3;2019;13:00;15:50;15;3;2h 50m;0;6144;10106;111
Vistara;6;4;2019;09:45;12:35;6;4;2h 50m;0;5613;10107;111
Air India;27;6;2019;10:00;12:45;27;6;2h 45m;0;6961;10108;111
Air Asia;12;6;2019;23:55;02:45;13;6;2h 50m;0;3383;10109;111
GoAir;3;3;2019;07:45;10:40;3;3;2h 55m;0;7222;10110;111
Air India;9;3;2019;21:10;23:55;9;3;2h 45m;0;7591;10111;111
IndiGo;1;6;2019;18:55;21:50;1;6;2h 55m;0;4823;10112;111
Air India;21;5;2019;05:45;08:45;21;5;3h;0;6961;10113;111
SpiceJet;18;5;2019;21:10;00:05;19;5;2h 55m;0;3919;10114;111
Air India;3;5;2019;13:20;16:10;3;5;2h 50m;0;6121;10115;111
IndiGo;12;6;2019;16:55;19:55;12;6;3h;0;4823;10116;111
Jet Airways;3;4;2019;18:55;22:00;3;4;3h 5m;0;4544;10117;111
SpiceJet;6;4;2019;21:10;00:05;7;4;2h 55m;0;3919;10118;111
IndiGo;9;4;2019;04:00;06:50;9;4;2h 50m;0;3943;10119;111
Jet Airways;12;6;2019;08:20;11:20;12;6;3h;0;5769;10120;111
SpiceJet;24;3;2019;09:35;12:30;24;3;2h 55m;0;6309;10121;111
GoAir;24;3;2019;20:55;23:50;24;3;2h 55m;0;5706;10122;111
Jet Airways;24;4;2019;08:20;11:20;24;4;3h;0;4544;10123;111
IndiGo;12;6;2019;22:10;01:00;13;6;2h 50m;0;3419;10124;111
Vistara;18;5;2019;21:00;23:50;18;5;2h 50m;0;4668;10125;111
SpiceJet;15;5;2019;21:10;00:05;16;5;2h 55m;0;3625;10126;111
Jet Airways;18;6;2019;15:50;18:45;18;6;2h 55m;0;8016;10127;111
IndiGo;15;6;2019;08:30;11:20;15;6;2h 50m;0;4823;10128;111
Vistara;6;6;2019;19:30;22:15;6;6;2h 45m;0;5088;10129;111
SpiceJet;12;5;2019;09:30;12:20;12;5;2h 50m;0;4423;10130;111
Jet Airways;1;5;2019;07:10;10:10;1;5;3h;0;4030;10131;111
Vistara;15;4;2019;19:30;22:15;15;4;2h 45m;0;5613;10132;111
Air India;24;3;2019;06:10;08:55;24;3;2h 45m;0;3758;10133;111
GoAir;15;3;2019;11:40;14:35;15;3;2h 55m;0;6113;10134;111
Jet Airways;12;6;2019;07:10;10:10;12;6;3h;0;5769;10135;111
Air India;3;4;2019;10:00;12:45;3;4;2h 45m;0;5176;10136;111
GoAir;21;6;2019;11:40;14:30;21;6;2h 50m;0;3398;10137;111
Jet Airways;12;4;2019;07:10;10:10;12;4;3h;0;7229;10138;111
Jet Airways;24;3;2019;19:55;22:35;24;3;2h 40m;0;7229;10139;111
Jet Airways;21;4;2019;06:00;08:45;21;4;2h 45m;0;7229;10140;111
Jet Airways;12;6;2019;11:10;14:05;12;6;2h 55m;0;5769;10141;111
Vistara;12;5;2019;21:00;23:50;12;5;2h 50m;0;4668;10142;111
Jet Airways;12;5;2019;15:15;18:10;12;5;2h 55m;0;4544;10143;111
Air Asia;24;3;2019;23:25;02:10;22;3;2h 45m;0;3383;10144;111
Jet Airways;21;4;2019;15:15;18:10;21;4;2h 55m;0;4544;10145;111
SpiceJet;12;5;2019;09:30;12:20;12;5;2h 50m;0;4319;10146;111
IndiGo;21;3;2019;20:00;22:55;21;3;2h 55m;0;6144;10147;111
Jet Airways;3;6;2019;18:55;22:00;3;6;3h 5m;0;8016;10148;111
Jet Airways;1;4;2019;15:15;18:10;1;4;2h 55m;0;7229;10149;111
Vistara;12;4;2019;17:00;19:35;12;4;2h 35m;0;5613;10150;111
GoAir;24;3;2019;11:40;14:35;24;3;2h 55m;0;4340;10151;111
Jet Airways;24;4;2019;18:55;22:00;24;4;3h 5m;0;7229;10152;111
SpiceJet;12;6;2019;05:55;08:35;12;6;2h 40m;0;4319;10153;111
Vistara;6;4;2019;07:00;09:40;6;4;2h 40m;0;5613;10154;111
Jet Airways;18;6;2019;11:10;14:05;18;6;2h 55m;0;5769;10155;111
Vistara;1;5;2019;21:00;23:50;1;5;2h 50m;0;4668;10156;111
Vistara;21;3;2019;21:10;00:05;19;3;2h 55m;0;4878;10157;111
IndiGo;9;4;2019;18:55;21:50;9;4;2h 55m;0;4823;10158;111
SpiceJet;21;5;2019;05:55;08:35;21;5;2h 40m;0;3257;10159;111
Jet Airways;27;4;2019;08:20;11:20;27;4;3h;0;7229;10160;111
Vistara;1;3;2019;11:30;14:10;1;3;2h 40m;0;12648;10161;111
Air India;21;3;2019;22:00;13:20;19;3;15h 20m;1;6955;10162;112
Air India;21;3;2019;22:00;10:50;19;3;12h 50m;1;6955;10163;112
Air India;15;3;2019;06:55;10:50;16;3;27h 55m;1;7932;10164;112
Air India;15;3;2019;22:00;23:20;16;3;25h 20m;1;6850;10165;112
Air India;1;3;2019;22:00;23:20;2;3;25h 20m;1;14305;10166;112
Air India;1;3;2019;22:00;13:20;2;3;15h 20m;1;21130;10167;112
Air India;3;3;2019;06:55;13:20;3;3;6h 25m;1;10924;10168;112
Air India;9;3;2019;22:00;13:20;13;3;15h 20m;1;8425;10169;112
Air India;21;3;2019;22:00;23:20;19;3;25h 20m;1;6010;10170;112
Air India;9;3;2019;22:00;11:05;13;3;13h 5m;1;8425;10171;112
Air India;24;3;2019;06:55;13:20;24;3;6h 25m;1;7932;10172;112
Air India;21;3;2019;06:55;23:20;21;3;16h 25m;1;6987;10173;112
Air India;9;3;2019;22:00;23:20;13;3;25h 20m;1;8425;10174;112
Air India;15;3;2019;22:00;13:20;16;3;15h 20m;1;8845;10175;112
Air India;15;3;2019;06:55;23:20;15;3;16h 25m;1;6987;10176;112
Air India;18;3;2019;11:05;22:10;18;3;11h 5m;2;10846;10177;113
Air India;15;3;2019;05:50;22:10;15;3;16h 20m;2;9796;10178;113
Air India;3;3;2019;11:05;22:10;7;3;35h 5m;2;11791;10179;113
Air India;18;3;2019;11:05;22:10;16;3;35h 5m;2;11161;10180;113
Air India;1;3;2019;05:50;22:10;1;3;16h 20m;2;13366;10181;113
Air India;15;3;2019;05:50;22:10;15;3;16h 20m;2;10111;10182;113
Air India;1;3;2019;05:50;22:10;1;3;16h 20m;2;13576;10183;113
Air India;3;3;2019;11:05;22:10;7;3;35h 5m;2;11948;10184;113
Air India;12;3;2019;11:05;22:10;12;3;11h 5m;2;11948;10185;113
Air India;1;3;2019;11:05;22:10;1;3;11h 5m;2;13576;10186;113
Air India;3;3;2019;05:50;22:10;7;3;40h 20m;2;11791;10187;113
Air India;1;3;2019;11:05;09:15;2;3;22h 10m;1;13439;10188;114
Air India;1;3;2019;05:50;22:45;1;3;16h 55m;1;14069;10189;114
Air India;9;3;2019;05:50;22:45;9;3;16h 55m;1;10657;10190;114
Air India;1;3;2019;11:05;19:50;1;3;8h 45m;1;14594;10191;114
Air India;1;3;2019;05:50;09:15;2;3;27h 25m;1;13439;10192;114
Air India;9;3;2019;11:05;09:15;13;3;22h 10m;1;11077;10193;114
Air India;3;3;2019;05:50;12:55;3;3;7h 5m;1;12389;10194;114
Air India;3;3;2019;11:05;22:45;3;3;11h 40m;1;11444;10195;114
Air India;1;3;2019;11:05;22:45;1;3;11h 40m;1;14069;10196;114
Air India;15;3;2019;05:50;12:55;15;3;7h 5m;1;9029;10197;114
Air India;9;3;2019;11:05;22:45;9;3;11h 40m;1;10657;10198;114
Air India;1;3;2019;05:50;11:20;2;3;29h 30m;4;17686;10199;115
Air India;1;3;2019;05:50;12:15;2;3;30h 25m;3;12346;10200;116
Air India;1;3;2019;05:50;08:50;2;3;27h;3;13081;10201;116
Air India;15;3;2019;05:50;12:05;16;3;30h 15m;2;7664;10202;117
Air India;21;3;2019;05:50;16:20;21;3;10h 30m;2;7664;10203;117
Air India;15;3;2019;05:50;16:20;15;3;10h 30m;2;7664;10204;117
Air India;15;3;2019;05:50;23:45;15;3;17h 55m;2;7664;10205;117
Air India;1;3;2019;05:50;16:20;1;3;10h 30m;2;15119;10206;117
Air India;6;3;2019;08:50;16:30;7;3;31h 40m;2;14143;10207;118
Air India;18;3;2019;06:45;16:30;16;3;33h 45m;2;10835;10208;118
Air India;18;3;2019;08:50;16:30;16;3;31h 40m;2;10835;10209;118
Air India;1;3;2019;08:50;10:35;2;3;25h 45m;2;31783;10210;119
Air India;3;3;2019;19:10;10:35;7;3;15h 25m;2;13355;10211;119
Air India;18;3;2019;17:25;10:35;16;3;17h 10m;2;12568;10212;119
Air India;12;3;2019;08:50;10:15;13;3;25h 25m;2;12778;10213;119
Air India;18;3;2019;08:50;10:35;16;3;25h 45m;2;11885;10214;119
Air India;3;3;2019;06:45;10:35;7;3;27h 50m;2;12358;10215;119
Air India;3;3;2019;08:50;10:35;7;3;25h 45m;2;12358;10216;119
Air India;18;3;2019;06:45;10:35;16;3;27h 50m;2;12305;10217;119
Air India;12;3;2019;17:25;10:15;13;3;16h 50m;2;12778;10218;119
Air India;12;3;2019;08:50;10:15;13;3;25h 25m;2;12778;10219;119
Air India;12;3;2019;17:25;16:20;13;3;22h 55m;2;12778;10220;120
Jet Airways;18;3;2019;08:55;15:55;18;3;7h;2;11245;10221;120
Air India;12;3;2019;08:50;16:20;13;3;31h 30m;2;12778;10222;120
Jet Airways;18;3;2019;08:55;15:55;18;3;7h;2;16338;10223;120
Jet Airways;9;3;2019;08:55;15:55;9;3;7h;2;23001;10224;120
Air India;18;3;2019;06:45;16:20;18;3;9h 35m;2;12935;10225;120
Air India;12;3;2019;08:50;13:55;13;3;29h 5m;2;13303;10226;121
Air India;12;3;2019;17:25;18:05;13;3;24h 40m;3;13387;10227;122
Air India;12;3;2019;06:45;18:05;13;3;35h 20m;3;13387;10228;122
Air India;1;3;2019;06:45;11:10;2;3;28h 25m;2;20999;10229;123
Air India;18;3;2019;06:45;11:10;16;3;28h 25m;2;11234;10230;123
Air India;3;3;2019;06:45;11:10;7;3;28h 25m;2;12599;10231;123
Air India;1;3;2019;08:50;11:10;2;3;26h 20m;2;19372;10232;123
Air India;3;3;2019;08:50;11:10;7;3;26h 20m;2;12599;10233;123
Jet Airways;12;3;2019;18:55;10:25;13;3;15h 30m;1;11087;10234;124
Jet Airways;1;3;2019;08:00;05:05;2;3;21h 5m;1;22270;10235;124
Jet Airways;12;3;2019;08:55;10:25;13;3;25h 30m;1;11087;10236;124
Jet Airways;6;3;2019;07:00;13:15;6;3;6h 15m;1;19225;10237;124
Air India;15;3;2019;06:45;15:15;15;3;8h 30m;1;8714;10238;124
Jet Airways;9;3;2019;05:45;08:15;13;3;26h 30m;1;9134;10239;124
Jet Airways;6;3;2019;14:05;11:25;7;3;21h 20m;1;13712;10240;124
Jet Airways;12;3;2019;16:55;10:25;13;3;17h 30m;1;13817;10241;124
Jet Airways;18;3;2019;14:05;05:05;16;3;15h;1;13555;10242;124
Jet Airways;12;3;2019;20:35;15:15;13;3;18h 40m;1;11087;10243;124
Jet Airways;18;3;2019;11:40;20:20;18;3;8h 40m;1;13555;10244;124
Jet Airways;6;3;2019;14:05;05:05;7;3;15h;1;13502;10245;124
Jet Airways;21;3;2019;07:00;19:10;21;3;12h 10m;1;7832;10246;124
Jet Airways;15;3;2019;08:00;15:15;15;3;7h 15m;1;9134;10247;124
Jet Airways;18;3;2019;16:55;09:00;16;3;16h 5m;1;11087;10248;124
Jet Airways;12;3;2019;18:55;10:45;13;3;15h 50m;1;11087;10249;124
Jet Airways;1;3;2019;08:55;15:15;1;3;6h 20m;1;26890;10250;124
Jet Airways;1;3;2019;07:00;12:25;1;3;5h 25m;1;26890;10251;124
Jet Airways;21;3;2019;08:55;16:10;21;3;7h 15m;1;7832;10252;124
Jet Airways;21;3;2019;08:00;15:15;21;3;7h 15m;1;7832;10253;124
Jet Airways;6;3;2019;21:25;11:25;7;3;14h;1;17261;10254;124
Jet Airways;15;3;2019;05:45;10:45;15;3;5h;1;9134;10255;124
Jet Airways;15;3;2019;08:00;07:40;16;3;23h 40m;1;9134;10256;124
Jet Airways;12;3;2019;22:55;07:40;13;3;8h 45m;1;13817;10257;124
Jet Airways;12;3;2019;21:25;10:45;13;3;13h 20m;1;13817;10258;124
Jet Airways;15;3;2019;22:55;05:05;13;3;6h 10m;1;27210;10259;124
Jet Airways;6;3;2019;05:45;13:15;6;3;7h 30m;1;19225;10260;124
Jet Airways Business;1;3;2019;05:45;10:45;1;3;5h;1;52229;10261;124
Jet Airways;1;3;2019;05:45;16:10;1;3;10h 25m;1;26890;10262;124
Jet Airways;6;3;2019;08:55;09:00;7;3;24h 5m;1;13712;10263;124
Jet Airways;21;3;2019;08:00;20:20;21;3;12h 20m;1;7832;10264;124
Jet Airways;1;3;2019;22:50;19:10;2;3;20h 20m;1;25735;10265;124
Jet Airways;1;3;2019;05:45;19:10;1;3;13h 25m;1;27992;10266;124
Jet Airways;1;3;2019;11:40;00:45;2;3;13h 5m;1;26890;10267;124
Jet Airways;1;3;2019;22:50;00:45;3;3;25h 55m;1;26890;10268;124
Jet Airways;12;3;2019;05:45;11:25;12;3;5h 40m;1;13817;10269;124
Jet Airways;6;3;2019;16:55;10:25;7;3;17h 30m;1;17261;10270;124
Jet Airways;6;3;2019;11:40;07:40;7;3;20h;1;16736;10271;124
Jet Airways;1;3;2019;11:40;09:00;2;3;21h 20m;1;20800;10272;124
Jet Airways;24;3;2019;05:45;10:45;24;3;5h;1;8147;10273;124
Jet Airways;12;3;2019;21:25;12:25;13;3;15h;1;13817;10274;124
Jet Airways;18;3;2019;05:45;12:25;18;3;6h 40m;1;12284;10275;124
Jet Airways;6;3;2019;14:05;11:25;7;3;21h 20m;1;15025;10276;124
Jet Airways;1;3;2019;08:55;16:10;1;3;7h 15m;1;26890;10277;124
Jet Airways;18;3;2019;07:00;07:40;16;3;24h 40m;1;11455;10278;124
IndiGo;21;3;2019;19:35;00:35;19;3;5h;1;6575;10279;124
Jet Airways;21;3;2019;05:45;23:00;21;3;17h 15m;1;7832;10280;124
Jet Airways;9;3;2019;08:55;21:20;9;3;12h 25m;1;11087;10281;124
Jet Airways;18;3;2019;08:55;19:10;18;3;10h 15m;1;13555;10282;124
Jet Airways;6;3;2019;08:00;18:25;6;3;10h 25m;1;16736;10283;124
Jet Airways;15;3;2019;05:45;13:15;15;3;7h 30m;1;9134;10284;124
Jet Airways;21;3;2019;14:05;21:20;21;3;7h 15m;1;7832;10285;124
Jet Airways;6;3;2019;08:55;07:40;7;3;22h 45m;1;14815;10286;124
Jet Airways;1;3;2019;11:40;09:30;2;3;21h 50m;1;25735;10287;124
Jet Airways;12;3;2019;22:55;12:25;13;3;13h 30m;1;13817;10288;124
Jet Airways;18;3;2019;18:40;00:45;16;3;6h 5m;1;54826;10289;124
Jet Airways;9;3;2019;08:55;10:45;13;3;25h 50m;1;11087;10290;124
Jet Airways;12;3;2019;20:35;19:10;13;3;22h 35m;1;11087;10291;124
Jet Airways;12;3;2019;22:55;11:25;13;3;12h 30m;1;11087;10292;124
Jet Airways;15;3;2019;07:00;07:40;16;3;24h 40m;1;7832;10293;124
Jet Airways;6;3;2019;05:45;05:05;7;3;23h 20m;1;13555;10294;124
Jet Airways;1;3;2019;08:00;20:20;1;3;12h 20m;1;27992;10295;124
Air India;21;3;2019;08:50;23:15;21;3;14h 25m;1;6824;10296;124
Jet Airways;12;3;2019;18:55;12:25;13;3;17h 30m;1;11087;10297;124
Jet Airways;12;3;2019;08:55;21:20;12;3;12h 25m;1;13817;10298;124
Jet Airways;12;3;2019;18:55;09:30;13;3;14h 35m;1;13817;10299;124
Jet Airways;18;3;2019;08:55;15:15;18;3;6h 20m;1;12284;10300;124
Jet Airways;6;3;2019;21:25;20:20;7;3;22h 55m;1;17471;10301;124
Jet Airways;1;3;2019;11:40;18:25;1;3;6h 45m;1;26890;10302;124
Jet Airways;12;3;2019;05:45;20:20;12;3;14h 35m;1;13817;10303;124
Jet Airways;21;3;2019;08:55;23:00;21;3;14h 5m;1;6992;10304;124
Jet Airways;6;3;2019;05:45;23:00;6;3;17h 15m;1;16736;10305;124
Jet Airways;12;3;2019;20:35;16:10;13;3;19h 35m;1;11087;10306;124
Jet Airways;1;3;2019;16:55;08:15;2;3;15h 20m;1;26890;10307;124
Jet Airways;15;3;2019;07:00;13:15;15;3;6h 15m;1;9134;10308;124
Jet Airways;6;3;2019;22:50;21:20;7;3;22h 30m;1;17471;10309;124
Jet Airways;6;3;2019;11:40;18:25;6;3;6h 45m;1;19225;10310;124
Jet Airways;18;3;2019;21:25;09:30;16;3;12h 5m;1;13555;10311;124
Jet Airways;6;3;2019;22:50;10:25;7;3;11h 35m;1;17261;10312;124
Jet Airways;9;3;2019;21:25;07:40;13;3;10h 15m;1;7832;10313;124
Jet Airways;21;3;2019;11:40;07:40;19;3;20h;1;7832;10314;124
Jet Airways;21;3;2019;08:55;07:40;19;3;22h 45m;1;7412;10315;124
Jet Airways;1;3;2019;14:05;19:10;1;3;5h 5m;1;36235;10316;124
Jet Airways;15;3;2019;21:25;05:05;13;3;7h 40m;1;27210;10317;124
Jet Airways;1;3;2019;08:00;08:15;2;3;24h 15m;1;22270;10318;124
Jet Airways;18;3;2019;05:45;18:25;18;3;12h 40m;1;12284;10319;124
Jet Airways;6;3;2019;08:00;08:15;7;3;24h 15m;1;17996;10320;124
Jet Airways;18;3;2019;08:55;18:25;18;3;9h 30m;1;12284;10321;124
Jet Airways;6;3;2019;07:00;19:10;6;3;12h 10m;1;16736;10322;124
Jet Airways;18;3;2019;08:00;15:15;18;3;7h 15m;1;12284;10323;124
Jet Airways;15;3;2019;07:00;16:10;15;3;9h 10m;1;9134;10324;124
Jet Airways;21;3;2019;16:55;11:25;19;3;18h 30m;1;7832;10325;124
Jet Airways;18;3;2019;22:50;09:30;16;3;10h 40m;1;13555;10326;124
Jet Airways;1;3;2019;14:05;07:40;2;3;17h 35m;1;22270;10327;124
Jet Airways;6;3;2019;20:35;07:40;7;3;11h 5m;1;16736;10328;124
Jet Airways;6;3;2019;21:25;21:20;7;3;23h 55m;1;17471;10329;124
Jet Airways;1;3;2019;16:55;07:40;2;3;14h 45m;1;26890;10330;124
Jet Airways;9;3;2019;08:00;09:30;13;3;25h 30m;1;11087;10331;124
Jet Airways;18;3;2019;22:50;08:15;16;3;9h 25m;1;13555;10332;124
Air India;15;3;2019;06:45;12:15;15;3;5h 30m;1;8714;10333;124
Jet Airways;1;3;2019;16:55;10:25;2;3;17h 30m;1;25735;10334;124
Jet Airways;12;3;2019;21:25;09:30;13;3;12h 5m;1;13817;10335;124
Jet Airways;18;3;2019;22:50;20:20;16;3;21h 30m;1;11087;10336;124
Jet Airways;18;3;2019;11:40;09:00;16;3;21h 20m;1;11087;10337;124
Jet Airways;1;3;2019;11:40;07:40;2;3;20h;1;22270;10338;124
Jet Airways;18;3;2019;22:50;05:05;16;3;6h 15m;1;54826;10339;124
Jet Airways;12;3;2019;18:55;07:40;13;3;12h 45m;1;13817;10340;124
Air India;15;3;2019;08:50;23:15;15;3;14h 25m;1;8714;10341;124
Jet Airways;1;3;2019;07:00;16:10;1;3;9h 10m;1;26890;10342;124
Jet Airways;6;3;2019;08:00;20:20;6;3;12h 20m;1;16736;10343;124
Jet Airways;1;3;2019;18:40;00:45;2;3;6h 5m;1;35185;10344;124
Air India;12;3;2019;06:45;20:35;12;3;13h 50m;1;12127;10345;124
Jet Airways;6;3;2019;08:00;13:15;6;3;5h 15m;1;19225;10346;124
Jet Airways;6;3;2019;05:45;18:25;6;3;12h 40m;1;16736;10347;124
Jet Airways;6;3;2019;21:25;09:30;7;3;12h 5m;1;17261;10348;124
Jet Airways Business;1;3;2019;05:45;11:25;1;3;5h 40m;1;79512;10349;124
Jet Airways;12;3;2019;18:55;20:20;13;3;25h 25m;1;11087;10350;124
Jet Airways;6;3;2019;11:40;10:25;7;3;22h 45m;1;17261;10351;124
Jet Airways;6;3;2019;21:25;10:25;7;3;13h;1;17261;10352;124
Jet Airways;9;3;2019;05:45;11:25;9;3;5h 40m;1;11087;10353;124
Jet Airways;6;3;2019;16:55;09:30;7;3;16h 35m;1;17261;10354;124
Jet Airways;6;3;2019;08:00;19:10;6;3;11h 10m;1;16736;10355;124
Jet Airways;6;3;2019;16:55;05:05;7;3;12h 10m;1;16736;10356;124
Jet Airways;12;3;2019;16:55;23:00;12;3;6h 5m;1;11087;10357;124
Jet Airways;12;3;2019;08:00;21:20;12;3;13h 20m;1;13817;10358;124
Jet Airways;18;3;2019;16:55;23:00;18;3;6h 5m;1;13555;10359;124
Jet Airways;21;3;2019;11:40;21:20;21;3;9h 40m;1;7832;10360;124
Jet Airways;6;3;2019;20:35;19:10;7;3;22h 35m;1;17471;10361;124
Jet Airways;12;3;2019;18:55;13:15;13;3;18h 20m;1;13817;10362;124
Jet Airways;1;3;2019;11:40;21:20;1;3;9h 40m;1;27992;10363;124
Jet Airways;21;3;2019;16:55;10:25;19;3;17h 30m;1;7832;10364;124
Jet Airways;6;3;2019;11:40;08:15;7;3;20h 35m;1;16736;10365;124
Jet Airways;21;3;2019;05:45;21:20;21;3;15h 35m;1;7832;10366;124
Jet Airways;21;3;2019;20:35;10:25;19;3;13h 50m;1;7832;10367;124
Jet Airways;6;3;2019;05:45;11:25;6;3;5h 40m;1;19225;10368;124
Jet Airways;1;3;2019;05:45;15:15;1;3;9h 30m;1;26890;10369;124
Jet Airways;15;3;2019;08:00;13:15;15;3;5h 15m;1;9134;10370;124
Jet Airways;24;3;2019;11:40;09:00;19;3;21h 20m;1;8147;10371;124
Jet Airways;18;3;2019;14:05;20:20;18;3;6h 15m;1;13555;10372;124
Jet Airways;1;3;2019;22:50;20:20;2;3;21h 30m;1;25735;10373;124
Jet Airways;6;3;2019;07:00;18:25;6;3;11h 25m;1;16736;10374;124
Jet Airways;6;3;2019;11:40;05:05;7;3;17h 25m;1;16736;10375;124
Jet Airways;12;3;2019;08:55;23:00;12;3;14h 5m;1;13817;10376;124
Jet Airways;21;3;2019;08:00;23:00;21;3;15h;1;7832;10377;124
Jet Airways;3;3;2019;05:45;05:05;7;3;23h 20m;1;11087;10378;124
Jet Airways;21;3;2019;08:55;19:10;21;3;10h 15m;1;7832;10379;124
Jet Airways;21;3;2019;20:35;11:25;19;3;14h 50m;1;7832;10380;124
Jet Airways;21;3;2019;08:55;21:20;21;3;12h 25m;1;7832;10381;124
Jet Airways;15;3;2019;22:50;07:40;16;3;8h 50m;1;9134;10382;124
Jet Airways;1;3;2019;22:50;09:30;2;3;10h 40m;1;31825;10383;124
Jet Airways;6;3;2019;08:55;09:30;7;3;24h 35m;1;17261;10384;124
Jet Airways;12;3;2019;18:55;10:45;13;3;15h 50m;1;13817;10385;124
Jet Airways;12;3;2019;20:35;12:25;13;3;15h 50m;1;11087;10386;124
Jet Airways;18;3;2019;22:50;09:00;16;3;10h 10m;1;13555;10387;124
Jet Airways;18;3;2019;08:55;16:10;18;3;7h 15m;1;12284;10388;124
Jet Airways;18;3;2019;16:55;05:05;16;3;12h 10m;1;11087;10389;124
Jet Airways;18;3;2019;05:45;13:15;18;3;7h 30m;1;12284;10390;124
Jet Airways;6;3;2019;08:55;08:15;7;3;23h 20m;1;14815;10391;124
Jet Airways;18;3;2019;05:45;10:45;18;3;5h;1;12284;10392;124
Jet Airways;21;3;2019;11:40;10:25;19;3;22h 45m;1;7832;10393;124
Jet Airways;18;3;2019;05:45;15:15;18;3;9h 30m;1;12284;10394;124
Jet Airways;18;3;2019;22:50;09:30;16;3;10h 40m;1;11087;10395;124
Jet Airways;6;3;2019;05:45;16:10;6;3;10h 25m;1;16736;10396;124
Jet Airways;6;3;2019;22:50;05:05;7;3;6h 15m;1;19225;10397;124
Jet Airways;6;3;2019;16:55;09:00;7;3;16h 5m;1;17261;10398;124
Jet Airways;18;3;2019;07:00;13:15;18;3;6h 15m;1;12284;10399;124
Jet Airways;18;3;2019;07:00;12:25;18;3;5h 25m;1;12284;10400;124
Jet Airways;21;3;2019;08:00;07:40;19;3;23h 40m;1;7832;10401;124
Jet Airways;12;3;2019;22:55;09:30;13;3;10h 35m;1;13817;10402;124
Jet Airways;1;3;2019;16:55;09:00;2;3;16h 5m;1;25735;10403;124
Jet Airways;18;3;2019;11:40;19:10;18;3;7h 30m;1;14815;10404;124
Jet Airways;12;3;2019;16:55;09:30;13;3;16h 35m;1;13817;10405;124
Jet Airways;6;3;2019;14:05;05:05;7;3;15h;1;14815;10406;124
Jet Airways;18;3;2019;14:05;21:20;18;3;7h 15m;1;16946;10407;124
Jet Airways;18;3;2019;11:40;05:05;16;3;17h 25m;1;13555;10408;124
Jet Airways;21;3;2019;05:45;13:15;21;3;7h 30m;1;7832;10409;124
Jet Airways;6;3;2019;22:50;00:45;8;3;25h 55m;1;14815;10410;124
Jet Airways;21;3;2019;14:05;07:40;19;3;17h 35m;1;7832;10411;124
Jet Airways;6;3;2019;22:50;20:20;7;3;21h 30m;1;17471;10412;124
Jet Airways;21;3;2019;14:05;10:25;19;3;20h 20m;1;7832;10413;124
Jet Airways;1;3;2019;08:00;16:10;1;3;8h 10m;1;22270;10414;124
Jet Airways;6;3;2019;21:25;19:10;7;3;21h 45m;1;17471;10415;124
Jet Airways;1;3;2019;05:45;20:20;1;3;14h 35m;1;27992;10416;124
Jet Airways;12;3;2019;18:55;19:10;13;3;24h 15m;1;11087;10417;124
Jet Airways;15;3;2019;08:00;16:10;15;3;8h 10m;1;9134;10418;124
Jet Airways;24;3;2019;08:55;09:00;19;3;24h 5m;1;8147;10419;124
Jet Airways;24;3;2019;22:50;12:15;19;3;13h 25m;1;7832;10420;124
Jet Airways;18;3;2019;16:55;07:40;16;3;14h 45m;1;13555;10421;124
Jet Airways;1;3;2019;22:50;10:25;2;3;11h 35m;1;31825;10422;124
Jet Airways;21;3;2019;18:40;11:25;19;3;16h 45m;1;7832;10423;124
Jet Airways;1;3;2019;14:05;11:25;2;3;21h 20m;1;20800;10424;124
Jet Airways;12;3;2019;18:55;09:30;13;3;14h 35m;1;11087;10425;124
Jet Airways;18;3;2019;18:40;07:40;16;3;13h;1;12284;10426;124
Jet Airways;6;3;2019;11:40;23:00;6;3;11h 20m;1;16736;10427;124
Jet Airways;6;3;2019;20:35;09:30;7;3;12h 55m;1;17261;10428;124
Jet Airways;21;3;2019;14:05;11:25;19;3;21h 20m;1;7832;10429;124
Jet Airways;21;3;2019;07:00;21:20;21;3;14h 20m;1;7832;10430;124
Jet Airways;1;3;2019;08:00;15:15;1;3;7h 15m;1;22270;10431;124
Jet Airways Business;1;3;2019;05:45;12:25;1;3;6h 40m;1;62427;10432;124
Jet Airways;12;3;2019;22:55;18:25;13;3;19h 30m;1;11087;10433;124
Jet Airways;12;3;2019;16:55;10:45;13;3;17h 50m;1;13817;10434;124
Air India;12;3;2019;06:45;23:15;12;3;16h 30m;1;11602;10435;124
Jet Airways;18;3;2019;11:40;05:05;16;3;17h 25m;1;11087;10436;124
Jet Airways;1;3;2019;16:55;23:00;1;3;6h 5m;1;54826;10437;124
Jet Airways;6;3;2019;07:00;21:20;6;3;14h 20m;1;16736;10438;124
Jet Airways;12;3;2019;20:35;10:45;13;3;14h 10m;1;11087;10439;124
Jet Airways;6;3;2019;20:35;08:15;7;3;11h 40m;1;16736;10440;124
Jet Airways;1;3;2019;08:00;13:15;1;3;5h 15m;1;22270;10441;124
Jet Airways;21;3;2019;11:40;20:20;21;3;8h 40m;1;7832;10442;124
Jet Airways;21;3;2019;11:40;11:25;19;3;23h 45m;1;7832;10443;124
Jet Airways;12;3;2019;22:55;12:25;13;3;13h 30m;1;11087;10444;124
Jet Airways;18;3;2019;14:05;19:10;18;3;5h 5m;1;13502;10445;124
Jet Airways;1;3;2019;20:35;11:25;2;3;14h 50m;1;31825;10446;124
Jet Airways;1;3;2019;08:55;00:45;2;3;15h 50m;1;26890;10447;124
Jet Airways;1;3;2019;14:05;21:20;1;3;7h 15m;1;36235;10448;124
Jet Airways;15;3;2019;07:00;12:25;15;3;5h 25m;1;9134;10449;124
Jet Airways;1;3;2019;08:00;18:25;1;3;10h 25m;1;26890;10450;124
Jet Airways;9;3;2019;08:55;09:30;13;3;24h 35m;1;11087;10451;124
Jet Airways;18;3;2019;08:00;13:15;18;3;5h 15m;1;12284;10452;124
Jet Airways;6;3;2019;08:55;15:15;6;3;6h 20m;1;19225;10453;124
Jet Airways;18;3;2019;21:25;09:00;16;3;11h 35m;1;13555;10454;124
Jet Airways;18;3;2019;07:00;15:15;18;3;8h 15m;1;12284;10455;124
IndiGo;1;3;2019;19:35;00:35;2;3;5h;1;22153;10456;124
Jet Airways;1;3;2019;11:40;10:25;2;3;22h 45m;1;25735;10457;124
Jet Airways;6;3;2019;22:50;23:00;7;3;24h 10m;1;17471;10458;124
Jet Airways;6;3;2019;14:05;21:20;6;3;7h 15m;1;19225;10459;124
Jet Airways;12;3;2019;22:55;11:25;13;3;12h 30m;1;13817;10460;124
Jet Airways;15;3;2019;07:00;12:15;15;3;5h 15m;1;17524;10461;124
Jet Airways;12;3;2019;18:55;16:10;13;3;21h 15m;1;11087;10462;124
Jet Airways;21;3;2019;20:35;07:40;19;3;11h 5m;1;7832;10463;124
Jet Airways;6;3;2019;11:40;00:45;7;3;13h 5m;1;14815;10464;124
Jet Airways;18;3;2019;08:00;07:40;16;3;23h 40m;1;12284;10465;124
Jet Airways;6;3;2019;14:05;20:20;6;3;6h 15m;1;19225;10466;124
Jet Airways;6;3;2019;08:55;23:00;6;3;14h 5m;1;16736;10467;124
Jet Airways;6;3;2019;11:40;09:30;7;3;21h 50m;1;17261;10468;124
Jet Airways;6;3;2019;21:25;07:40;7;3;10h 15m;1;16736;10469;124
Jet Airways;18;3;2019;22:50;09:00;16;3;10h 10m;1;11087;10470;124
Jet Airways;1;3;2019;11:40;11:25;2;3;23h 45m;1;25735;10471;124
Jet Airways;12;3;2019;05:45;12:15;12;3;6h 30m;1;17524;10472;124
Jet Airways;1;3;2019;22:50;21:20;2;3;22h 30m;1;25735;10473;124
Air India;12;3;2019;08:50;23:15;12;3;14h 25m;1;12127;10474;124
Jet Airways;12;3;2019;16:55;07:40;13;3;14h 45m;1;13817;10475;124
Jet Airways;6;3;2019;14:05;19:10;6;3;5h 5m;1;19225;10476;124
Jet Airways;21;3;2019;11:40;12:15;19;3;24h 35m;1;7832;10477;124
Jet Airways;21;3;2019;08:00;21:20;21;3;13h 20m;1;7832;10478;124
Jet Airways;9;3;2019;07:00;20:20;9;3;13h 20m;1;11087;10479;124
Jet Airways;1;3;2019;18:40;09:30;2;3;14h 50m;1;31825;10480;124
Jet Airways;1;3;2019;22:50;07:40;2;3;8h 50m;1;26890;10481;124
Jet Airways;21;3;2019;14:05;19:10;21;3;5h 5m;1;7832;10482;124
Jet Airways;15;3;2019;08:55;08:15;16;3;23h 20m;1;10405;10483;124
Jet Airways;1;3;2019;07:00;21:20;1;3;14h 20m;1;27992;10484;124
Jet Airways;15;3;2019;11:40;08:15;16;3;20h 35m;1;9134;10485;124
Jet Airways;6;3;2019;20:35;10:25;7;3;13h 50m;1;17261;10486;124
Jet Airways;12;3;2019;18:55;11:25;13;3;16h 30m;1;11087;10487;124
Jet Airways;6;3;2019;07:00;23:00;6;3;16h;1;16736;10488;124
Jet Airways;18;3;2019;18:40;07:40;16;3;13h;1;10972;10489;124
Jet Airways;15;3;2019;05:45;18:25;15;3;12h 40m;1;9134;10490;124
Jet Airways;12;3;2019;22:55;15:15;13;3;16h 20m;1;11087;10491;124
Jet Airways;6;3;2019;08:00;23:00;6;3;15h;1;16736;10492;124
Jet Airways;12;3;2019;21:25;10:25;13;3;13h;1;13817;10493;124
Jet Airways;6;3;2019;05:45;19:10;6;3;13h 25m;1;16736;10494;124
Jet Airways;1;3;2019;14:05;10:25;2;3;20h 20m;1;20800;10495;124
Jet Airways;6;3;2019;08:55;05:05;7;3;20h 10m;1;16736;10496;124
Jet Airways;18;3;2019;16:55;23:00;18;3;6h 5m;1;11087;10497;124
Jet Airways;1;3;2019;14:05;08:15;2;3;18h 10m;1;22270;10498;124
Jet Airways;3;3;2019;08:00;07:40;7;3;23h 40m;1;13502;10499;124
Jet Airways;12;3;2019;05:45;23:00;12;3;17h 15m;1;13817;10500;124
Jet Airways;12;3;2019;22:55;07:40;13;3;8h 45m;1;11087;10501;124
Jet Airways;6;3;2019;08:00;15:15;6;3;7h 15m;1;19225;10502;124
Jet Airways;18;3;2019;05:45;10:25;18;3;4h 40m;1;12284;10503;124
Jet Airways;18;3;2019;16:55;10:25;16;3;17h 30m;1;11087;10504;124
Jet Airways;12;3;2019;22:55;15:15;13;3;16h 20m;1;13817;10505;124
Jet Airways;6;3;2019;14:05;07:40;7;3;17h 35m;1;13502;10506;124
Jet Airways;12;3;2019;22:55;16:10;13;3;17h 15m;1;13817;10507;124
Jet Airways;15;3;2019;08:00;18:25;15;3;10h 25m;1;9134;10508;124
Jet Airways;18;3;2019;22:50;08:15;16;3;9h 25m;1;11087;10509;124
Jet Airways;6;3;2019;16:55;11:25;7;3;18h 30m;1;17261;10510;124
Jet Airways;1;3;2019;08:55;18:25;1;3;9h 30m;1;26890;10511;124
Jet Airways;3;3;2019;08:00;05:05;7;3;21h 5m;1;13502;10512;124
Jet Airways;18;3;2019;22:50;10:25;16;3;11h 35m;1;11087;10513;124
Jet Airways;1;3;2019;05:45;18:25;1;3;12h 40m;1;26890;10514;124
Jet Airways;1;3;2019;14:05;00:45;2;3;10h 40m;1;26890;10515;124
Jet Airways;21;3;2019;18:40;07:40;19;3;13h;1;7832;10516;124
Jet Airways;6;3;2019;14:05;09:00;7;3;18h 55m;1;17261;10517;124
Jet Airways;21;3;2019;07:00;13:15;21;3;6h 15m;1;7832;10518;124
Jet Airways;18;3;2019;11:40;23:00;18;3;11h 20m;1;13555;10519;124
Jet Airways;1;3;2019;07:00;18:25;1;3;11h 25m;1;26890;10520;124
Jet Airways;1;3;2019;08:55;21:20;1;3;12h 25m;1;27992;10521;124
Jet Airways;18;3;2019;14:05;07:40;16;3;17h 35m;1;10972;10522;124
Jet Airways;6;3;2019;11:40;09:00;7;3;21h 20m;1;17261;10523;124
Jet Airways;1;3;2019;07:00;15:15;1;3;8h 15m;1;26890;10524;124
Jet Airways;12;3;2019;21:25;07:40;13;3;10h 15m;1;11717;10525;124
Jet Airways;21;3;2019;05:45;19:10;21;3;13h 25m;1;7832;10526;124
Jet Airways;12;3;2019;20:35;23:00;13;3;26h 25m;1;11087;10527;124
Jet Airways;21;3;2019;14:05;20:20;21;3;6h 15m;1;7832;10528;124
Jet Airways;15;3;2019;11:40;18:25;15;3;6h 45m;1;9134;10529;124
Jet Airways;15;3;2019;08:55;18:25;15;3;9h 30m;1;9134;10530;124
Jet Airways;1;3;2019;16:55;00:45;2;3;7h 50m;1;26890;10531;124
Jet Airways;12;3;2019;16:55;23:00;12;3;6h 5m;1;13817;10532;124
Jet Airways;21;3;2019;11:40;23:00;21;3;11h 20m;1;6992;10533;124
Jet Airways;18;3;2019;11:40;20:20;18;3;8h 40m;1;11087;10534;124
Air India;6;3;2019;06:45;12:15;6;3;5h 30m;1;13912;10535;124
Jet Airways;6;3;2019;05:45;10:25;6;3;4h 40m;1;19225;10536;124
Jet Airways;18;3;2019;11:40;10:25;16;3;22h 45m;1;11087;10537;124
Jet Airways;6;3;2019;11:40;11:25;7;3;23h 45m;1;17261;10538;124
Jet Airways;12;3;2019;20:35;09:30;13;3;12h 55m;1;11087;10539;124
Jet Airways;18;3;2019;11:40;09:30;16;3;21h 50m;1;11087;10540;124
Jet Airways;6;3;2019;08:55;09:00;7;3;24h 5m;1;15025;10541;124
Jet Airways;12;3;2019;16:55;08:15;13;3;15h 20m;1;13817;10542;124
Jet Airways;12;3;2019;07:00;23:00;12;3;16h;1;13817;10543;124
Jet Airways;15;3;2019;05:45;16:10;15;3;10h 25m;1;9134;10544;124
Air India;15;3;2019;08:50;15:15;15;3;6h 25m;1;8714;10545;124
Jet Airways;12;3;2019;22:55;10:45;13;3;11h 50m;1;13817;10546;124
Jet Airways;21;3;2019;08:55;15:15;21;3;6h 20m;1;7832;10547;124
Jet Airways;9;3;2019;21:25;08:15;13;3;10h 50m;1;9134;10548;124
Jet Airways;12;3;2019;18:55;13:15;13;3;18h 20m;1;11087;10549;124
Jet Airways;24;3;2019;05:45;10:25;24;3;4h 40m;1;8147;10550;124
Jet Airways;6;3;2019;14:05;00:45;7;3;10h 40m;1;13502;10551;124
Jet Airways;21;3;2019;07:00;16:10;21;3;9h 10m;1;7832;10552;124
Jet Airways;1;3;2019;22:50;05:05;2;3;6h 15m;1;26890;10553;124
Jet Airways;6;3;2019;05:45;21:20;6;3;15h 35m;1;16736;10554;124
Jet Airways;1;3;2019;14:05;20:20;1;3;6h 15m;1;27992;10555;124
Jet Airways;15;3;2019;05:45;10:25;15;3;4h 40m;1;9134;10556;124
Jet Airways;18;3;2019;14:05;19:10;18;3;5h 5m;1;14815;10557;124
Jet Airways;1;3;2019;14:05;09:30;2;3;19h 25m;1;25735;10558;124
Jet Airways;21;3;2019;05:45;16:10;21;3;10h 25m;1;7832;10559;124
Jet Airways;15;3;2019;08:55;16:10;15;3;7h 15m;1;9134;10560;124
Jet Airways;6;3;2019;08:00;07:40;7;3;23h 40m;1;14815;10561;124
Jet Airways;3;3;2019;11:40;00:45;7;3;13h 5m;1;13502;10562;124
Jet Airways;21;3;2019;08:55;20:20;21;3;11h 25m;1;7832;10563;124
Jet Airways;21;3;2019;07:00;15:15;21;3;8h 15m;1;7832;10564;124
IndiGo;3;3;2019;19:35;00:35;7;3;5h;1;13292;10565;124
Jet Airways;12;3;2019;18:55;18:25;13;3;23h 30m;1;11087;10566;124
Jet Airways;18;3;2019;14:05;08:15;16;3;18h 10m;1;12284;10567;124
Jet Airways;1;3;2019;08:55;05:05;2;3;20h 10m;1;26890;10568;124
Jet Airways;12;3;2019;21:25;08:15;13;3;10h 50m;1;12547;10569;124
Jet Airways;15;3;2019;05:45;12:25;15;3;6h 40m;1;9134;10570;124
Jet Airways;6;3;2019;07:00;12:25;6;3;5h 25m;1;22270;10571;124
Jet Airways;18;3;2019;07:00;16:10;18;3;9h 10m;1;12284;10572;124
Jet Airways;1;3;2019;22:50;11:25;2;3;12h 35m;1;31825;10573;124
Jet Airways;12;3;2019;21:25;15:15;13;3;17h 50m;1;13817;10574;124
Jet Airways;1;3;2019;08:00;07:40;2;3;23h 40m;1;22270;10575;124
Jet Airways;6;3;2019;14:05;08:15;7;3;18h 10m;1;13502;10576;124
Jet Airways;12;3;2019;22:55;10:45;13;3;11h 50m;1;11087;10577;124
Jet Airways;15;3;2019;05:45;11:25;15;3;5h 40m;1;9134;10578;124
Jet Airways;1;3;2019;22:50;23:00;2;3;24h 10m;1;25735;10579;124
Jet Airways;6;3;2019;14:05;08:15;7;3;18h 10m;1;14815;10580;124
Jet Airways;6;3;2019;05:45;12:25;6;3;6h 40m;1;22270;10581;124
Jet Airways;15;3;2019;08:00;08:15;16;3;24h 15m;1;10405;10582;124
Jet Airways;6;3;2019;22:50;09:30;7;3;10h 40m;1;17261;10583;124
Jet Airways;18;3;2019;11:40;07:40;16;3;20h;1;12284;10584;124
Jet Airways;6;3;2019;21:25;05:05;7;3;7h 40m;1;19225;10585;124
Jet Airways;1;3;2019;11:40;05:05;2;3;17h 25m;1;22270;10586;124
Jet Airways;18;3;2019;14:05;20:20;18;3;6h 15m;1;11087;10587;124
Jet Airways;9;3;2019;07:00;09:30;13;3;26h 30m;1;11087;10588;124
Jet Airways;21;3;2019;22:50;11:25;19;3;12h 35m;1;7832;10589;124
Jet Airways;15;3;2019;05:45;15:15;15;3;9h 30m;1;9134;10590;124
Jet Airways;21;3;2019;05:45;15:15;21;3;9h 30m;1;7832;10591;124
Jet Airways;21;3;2019;22:50;10:25;19;3;11h 35m;1;7832;10592;124
Jet Airways;15;3;2019;18:55;00:45;13;3;5h 50m;1;21934;10593;124
Jet Airways;15;3;2019;07:00;15:15;15;3;8h 15m;1;9134;10594;124
Jet Airways;12;3;2019;21:25;11:25;13;3;14h;1;13817;10595;124
Jet Airways;12;3;2019;22:55;13:15;13;3;14h 20m;1;11087;10596;124
Jet Airways;9;3;2019;08:00;10:25;13;3;26h 25m;1;11087;10597;124
Jet Airways;1;3;2019;05:45;21:20;1;3;15h 35m;1;27992;10598;124
Jet Airways;6;3;2019;16:55;08:15;7;3;15h 20m;1;16736;10599;124
Jet Airways;9;3;2019;18:40;00:45;7;3;6h 5m;1;22270;10600;124
Jet Airways;12;3;2019;05:45;21:20;12;3;15h 35m;1;13817;10601;124
Jet Airways;12;3;2019;18:55;08:15;13;3;13h 20m;1;13817;10602;124
Jet Airways;12;3;2019;18:55;10:25;13;3;15h 30m;1;13817;10603;124
Jet Airways;12;3;2019;07:00;21:20;12;3;14h 20m;1;13817;10604;124
IndiGo;15;3;2019;19:35;00:35;16;3;5h;1;10509;10605;124
Jet Airways;12;3;2019;20:35;18:25;13;3;21h 50m;1;11087;10606;124
Jet Airways;12;3;2019;20:35;20:20;13;3;23h 45m;1;11087;10607;124
Jet Airways;6;3;2019;08:55;16:10;6;3;7h 15m;1;19225;10608;124
Jet Airways;15;3;2019;14:05;08:15;16;3;18h 10m;1;9134;10609;124
Jet Airways;9;3;2019;08:55;11:25;13;3;26h 30m;1;11087;10610;124
Jet Airways;15;3;2019;16:55;00:45;13;3;7h 50m;1;21934;10611;124
Jet Airways;12;3;2019;05:45;08:15;13;3;26h 30m;1;12547;10612;124
Jet Airways;18;3;2019;05:45;16:10;18;3;10h 25m;1;12284;10613;124
Jet Airways;1;3;2019;07:00;13:15;1;3;6h 15m;1;26890;10614;124
Jet Airways;18;3;2019;16:55;08:15;16;3;15h 20m;1;13555;10615;124
Air India;1;3;2019;06:45;12:15;1;3;5h 30m;1;23677;10616;124
Jet Airways;1;3;2019;07:00;20:20;1;3;13h 20m;1;27992;10617;124
Jet Airways;9;3;2019;05:45;10:25;9;3;4h 40m;1;11087;10618;124
Jet Airways;6;3;2019;08:55;21:20;6;3;12h 25m;1;16736;10619;124
Jet Airways;6;3;2019;08:00;05:05;7;3;21h 5m;1;14815;10620;124
Jet Airways;21;3;2019;05:45;00:45;19;3;19h;1;7832;10621;124
Jet Airways;6;3;2019;14:05;00:45;7;3;10h 40m;1;14815;10622;124
Jet Airways;18;3;2019;21:25;10:25;16;3;13h;1;13555;10623;124
Jet Airways;21;3;2019;22:50;07:40;19;3;8h 50m;1;7045;10624;124
Jet Airways;1;3;2019;07:00;05:05;2;3;22h 5m;1;26890;10625;124
Jet Airways;12;3;2019;22:55;10:25;13;3;11h 30m;1;13817;10626;124
Jet Airways;1;3;2019;18:40;09:00;2;3;14h 20m;1;31825;10627;124
Jet Airways;18;3;2019;11:40;08:15;16;3;20h 35m;1;12284;10628;124
Jet Airways;18;3;2019;11:40;18:25;18;3;6h 45m;1;12284;10629;124
Jet Airways;1;3;2019;14:05;09:00;2;3;18h 55m;1;20800;10630;124
Jet Airways;6;3;2019;14:05;09:30;7;3;19h 25m;1;17261;10631;124
Jet Airways;9;3;2019;08:00;21:20;9;3;13h 20m;1;11087;10632;124
Jet Airways;21;3;2019;21:25;11:25;19;3;14h;1;7832;10633;124
Jet Airways;12;3;2019;22:55;20:20;13;3;21h 25m;1;11087;10634;124
Jet Airways;12;3;2019;20:35;21:20;13;3;24h 45m;1;11087;10635;124
Air India;12;3;2019;17:25;23:25;13;3;30h;2;12725;10636;125
Air India;1;3;2019;08:50;23:25;1;3;14h 35m;2;26743;10637;125
Air India;12;3;2019;08:50;09:25;13;3;24h 35m;2;12725;10638;125
Air India;1;3;2019;08:50;09:25;2;3;24h 35m;2;25430;10639;125
Air India;1;3;2019;08:50;23:25;2;3;38h 35m;2;25430;10640;125
Air India;18;3;2019;17:25;23:25;16;3;30h;2;11518;10641;125
Air India;18;3;2019;08:50;23:25;16;3;38h 35m;2;10783;10642;125
Air India;12;3;2019;06:45;09:25;13;3;26h 40m;2;12515;10643;125
Air India;18;3;2019;08:50;23:25;18;3;14h 35m;2;11728;10644;125
Air India;12;3;2019;08:50;23:25;12;3;14h 35m;2;13250;10645;125
Air India;1;3;2019;06:45;09:25;2;3;26h 40m;2;26480;10646;125
Air India;1;3;2019;08:50;23:55;1;3;15h 5m;2;17345;10647;126
Air India;3;3;2019;06:45;23:55;3;3;17h 10m;2;10573;10648;126
Air India;1;3;2019;08:50;23:55;2;3;39h 5m;2;17135;10649;126
Air India;1;3;2019;08:50;23:55;2;3;39h 5m;2;17135;10650;126
Air India;3;3;2019;17:25;08:45;7;3;15h 20m;2;11570;10651;126
Jet Airways;1;3;2019;05:50;12:20;1;3;6h 30m;1;28097;10652;127
Jet Airways;12;3;2019;05:50;12:20;12;3;6h 30m;1;11297;10653;127
Jet Airways;15;3;2019;05:50;12:20;15;3;6h 30m;1;9623;10654;127
Jet Airways;12;3;2019;05:50;15:00;12;3;9h 10m;1;11297;10655;127
Jet Airways;21;3;2019;05:50;12:20;21;3;6h 30m;1;6163;10656;127
Jet Airways;15;3;2019;05:50;12:20;15;3;6h 30m;1;5853;10657;127
Jet Airways;9;3;2019;05:50;15:00;9;3;9h 10m;1;10037;10658;127
Jet Airways;9;3;2019;05:50;12:20;9;3;6h 30m;1;10037;10659;127
Air India;3;3;2019;09:30;23:45;3;3;14h 15m;1;11654;10660;128
Air India;15;3;2019;09:30;16:20;15;3;6h 50m;1;8714;10661;128
Air India;1;3;2019;09:30;23:45;1;3;14h 15m;1;12704;10662;128
Air India;1;3;2019;09:30;12:05;2;3;26h 35m;1;12704;10663;128
Air India;3;3;2019;09:30;16:20;3;3;6h 50m;1;11654;10664;128
Air India;12;3;2019;00:30;08:45;12;3;8h 15m;1;13492;10665;129
Vistara;21;3;2019;06:40;21:55;21;3;15h 15m;1;6065;10666;129
Air India;1;3;2019;00:30;20:30;1;3;20h;1;14752;10667;129
Air India;3;3;2019;00:30;08:45;3;3;8h 15m;1;11392;10668;129
Air India;1;3;2019;00:30;23:55;1;3;23h 25m;1;12599;10669;129
Air India;3;3;2019;00:30;23:55;3;3;23h 25m;1;10394;10670;129
Vistara;15;3;2019;06:40;10:25;16;3;27h 45m;1;6590;10671;129
Vistara;1;3;2019;06:40;21:55;1;3;15h 15m;1;18387;10672;129
Air India;18;3;2019;00:30;08:45;18;3;8h 15m;1;13859;10673;129
Vistara;9;3;2019;06:40;21:55;9;3;15h 15m;1;10008;10674;129
Vistara;3;3;2019;06:40;10:25;7;3;27h 45m;1;12476;10675;129
Vistara;9;3;2019;06:40;10:25;13;3;27h 45m;1;10008;10676;129
Vistara;1;3;2019;06:40;10:25;2;3;27h 45m;1;12371;10677;129
Vistara;3;3;2019;06:40;12:35;3;3;5h 55m;1;12476;10678;129
Vistara;15;3;2019;06:40;12:35;15;3;5h 55m;1;6800;10679;129
IndiGo;21;3;2019;14:25;19:25;21;3;5h;1;7708;10680;129
IndiGo;15;3;2019;14:25;19:25;15;3;5h;1;9165;10681;129
IndiGo;3;3;2019;14:25;19:25;3;3;5h;1;11873;10682;129
Air India;6;5;2019;09:45;09:25;7;5;23h 40m;0;7480;10683;22
